# Mon Apr 08 22:40:11 2019
abstime,time_stamp,volt,curr,pf,mul
1554788411189,0.08,121.2,0.00607,0.427,0.314137068
1554788411237,0.128,121.2,0.00607,0.427,0.314137068
1554788411283,0.174,121.2,0.00569,0.423,0.291712644
1554788411328,0.219,121.2,0.00569,0.423,0.291712644
1554788411373,0.265,121.2,0.00569,0.423,0.291712644
1554788411419,0.31,121.2,0.00569,0.423,0.291712644
1554788411473,0.364,121.3,0.00569,0.42,0.28988274
1554788411519,0.41,121.3,0.00569,0.42,0.28988274
1554788411564,0.455,121.3,0.00569,0.42,0.28988274
1554788411610,0.501,121.3,0.00569,0.42,0.28988274
1554788411673,0.564,121.3,0.0057,0.419,0.28970079
1554788411719,0.61,121.3,0.0057,0.419,0.28970079
1554788411766,0.657,121.3,0.0057,0.419,0.28970079
1554788411812,0.703,121.3,0.0057,0.419,0.28970079
1554788411873,0.764,121.3,0.00569,0.422,0.291263134
1554788411919,0.81,121.3,0.00569,0.422,0.291263134
1554788411965,0.856,121.3,0.00569,0.422,0.291263134
1554788412011,0.902,121.3,0.00569,0.422,0.291263134
1554788412073,0.964,121.2,0.00572,0.417,0.289091088
1554788412119,1.01,121.2,0.00572,0.417,0.289091088
1554788412165,1.056,121.2,0.00572,0.417,0.289091088
1554788412212,1.103,121.2,0.00572,0.417,0.289091088
1554788412274,1.165,121.3,0.0057,0.42,0.2903922
1554788412320,1.211,121.3,0.0057,0.42,0.2903922
1554788412366,1.257,121.3,0.0057,0.42,0.2903922
1554788412412,1.303,121.3,0.0057,0.42,0.2903922
1554788412473,1.364,121.3,0.00564,0.422,0.288703704
1554788412519,1.41,121.3,0.00564,0.422,0.288703704
1554788412566,1.457,121.3,0.00564,0.422,0.288703704
1554788412612,1.503,121.3,0.00564,0.422,0.288703704
1554788412673,1.564,121.3,0.00564,0.421,0.288019572
1554788412719,1.61,121.3,0.00564,0.421,0.288019572
1554788412765,1.656,121.3,0.00564,0.421,0.288019572
1554788412811,1.702,121.3,0.00564,0.421,0.288019572
1554788412874,1.765,121.3,0.00563,0.423,0.288874737
1554788412920,1.811,121.3,0.00563,0.423,0.288874737
1554788412966,1.857,121.3,0.00563,0.423,0.288874737
1554788413012,1.903,121.3,0.00563,0.423,0.288874737
1554788413073,1.964,121.3,0.00565,0.42,0.2878449
1554788413119,2.01,121.3,0.00565,0.42,0.2878449
1554788413165,2.056,121.3,0.00565,0.42,0.2878449
1554788413212,2.103,121.3,0.00565,0.42,0.2878449
1554788413273,2.164,121.3,0.00564,0.422,0.288703704
1554788413319,2.21,121.3,0.00564,0.422,0.288703704
1554788413365,2.256,121.3,0.00564,0.422,0.288703704
1554788413411,2.302,121.3,0.00564,0.422,0.288703704
1554788413473,2.364,121.3,0.00566,0.421,0.289040918
1554788413519,2.41,121.3,0.00566,0.421,0.289040918
1554788413565,2.456,121.3,0.00566,0.421,0.289040918
1554788413611,2.502,121.3,0.00566,0.421,0.289040918
1554788413674,2.565,121.3,0.00562,0.421,0.286998226
1554788413720,2.611,121.3,0.00562,0.421,0.286998226
1554788413766,2.657,121.3,0.00562,0.421,0.286998226
1554788413812,2.703,121.3,0.00562,0.421,0.286998226
1554788413873,2.764,121.3,0.00559,0.421,0.285466207
1554788413919,2.81,121.3,0.00559,0.421,0.285466207
1554788413966,2.857,121.3,0.00559,0.421,0.285466207
1554788414012,2.903,121.3,0.00559,0.421,0.285466207
1554788414073,2.964,121.3,0.00561,0.421,0.286487553
1554788414119,3.01,121.3,0.00561,0.421,0.286487553
1554788414165,3.056,121.3,0.00561,0.421,0.286487553
1554788414211,3.102,121.3,0.00561,0.421,0.286487553
1554788414273,3.164,121.3,0.00567,0.42,0.28886382
1554788414320,3.211,121.3,0.00567,0.42,0.28886382
1554788414366,3.257,121.3,0.00567,0.42,0.28886382
1554788414412,3.303,121.3,0.00567,0.42,0.28886382
1554788414473,3.364,121.3,0.00569,0.417,0.287812149
1554788414519,3.41,121.3,0.00569,0.417,0.287812149
1554788414565,3.456,121.3,0.00569,0.417,0.287812149
1554788414611,3.502,121.3,0.00569,0.417,0.287812149
1554788414673,3.564,121.3,0.00565,0.418,0.28647421
1554788414719,3.61,121.3,0.00565,0.418,0.28647421
1554788414766,3.657,121.3,0.00565,0.418,0.28647421
1554788414812,3.703,121.3,0.00565,0.418,0.28647421
1554788414873,3.764,121.3,0.00564,0.421,0.288019572
1554788414919,3.81,121.3,0.00564,0.421,0.288019572
1554788414965,3.856,121.3,0.00564,0.421,0.288019572
1554788415011,3.902,121.3,0.00564,0.421,0.288019572
1554788415073,3.964,121.2,0.00569,0.42,0.28964376
1554788415118,4.009,121.2,0.00569,0.42,0.28964376
1554788415164,4.055,121.2,0.00569,0.42,0.28964376
1554788415211,4.102,121.2,0.00569,0.42,0.28964376
1554788415273,4.164,121.2,0.00571,0.42,0.29066184
1554788415319,4.21,121.2,0.00571,0.42,0.29066184
1554788415365,4.256,121.2,0.00571,0.42,0.29066184
1554788415411,4.302,121.2,0.00571,0.42,0.29066184
1554788415473,4.364,121.3,0.00571,0.419,0.290209037
1554788415518,4.409,121.3,0.00571,0.419,0.290209037
1554788415565,4.456,121.3,0.00571,0.419,0.290209037
1554788415611,4.502,121.3,0.00571,0.419,0.290209037
1554788415673,4.564,121.3,0.00571,0.421,0.291594283
1554788415719,4.61,121.3,0.00571,0.421,0.291594283
1554788415765,4.656,121.3,0.00571,0.421,0.291594283
1554788415811,4.702,121.3,0.00571,0.421,0.291594283
1554788415873,4.764,121.3,0.00572,0.42,0.29141112
1554788415918,4.809,121.3,0.00572,0.42,0.29141112
1554788415965,4.856,121.3,0.00572,0.42,0.29141112
1554788416011,4.902,121.3,0.00572,0.42,0.29141112
1554788416073,4.964,121.2,0.00574,0.42,0.29218896
1554788416119,5.01,121.2,0.00574,0.42,0.29218896
1554788416165,5.056,121.2,0.00574,0.42,0.29218896
1554788416212,5.103,121.2,0.00574,0.42,0.29218896
1554788416273,5.164,121.2,0.00575,0.418,0.2913042
1554788416319,5.21,121.2,0.00575,0.418,0.2913042
1554788416365,5.256,121.2,0.00575,0.418,0.2913042
1554788416411,5.302,121.2,0.00575,0.418,0.2913042
1554788416472,5.364,121.3,0.00574,0.42,0.29243004
1554788416518,5.409,121.3,0.00574,0.42,0.29243004
1554788416564,5.456,121.3,0.00574,0.42,0.29243004
1554788416611,5.502,121.3,0.00574,0.42,0.29243004
1554788416673,5.564,121.3,0.00574,0.415,0.28894873
1554788416719,5.61,121.3,0.00574,0.415,0.28894873
1554788416766,5.657,121.3,0.00574,0.415,0.28894873
1554788416812,5.703,121.3,0.00574,0.415,0.28894873
1554788416873,5.764,121.3,0.00569,0.419,0.289192543
1554788416919,5.81,121.3,0.00569,0.419,0.289192543
1554788416965,5.856,121.3,0.00569,0.419,0.289192543
1554788417011,5.902,121.3,0.00569,0.419,0.289192543
1554788417073,5.964,121.3,0.00568,0.42,0.28937328
1554788417118,6.009,121.3,0.00568,0.42,0.28937328
1554788417165,6.056,121.3,0.00568,0.42,0.28937328
1554788417211,6.102,121.3,0.00568,0.42,0.28937328
1554788417273,6.164,121.3,0.00567,0.42,0.28886382
1554788417319,6.21,121.3,0.00567,0.42,0.28886382
1554788417365,6.256,121.3,0.00567,0.42,0.28886382
1554788417412,6.303,121.3,0.00567,0.42,0.28886382
1554788417473,6.364,121.3,0.00563,0.422,0.288191818
1554788417519,6.41,121.3,0.00563,0.422,0.288191818
1554788417565,6.456,121.3,0.00563,0.422,0.288191818
1554788417611,6.502,121.3,0.00563,0.422,0.288191818
1554788417672,6.563,121.3,0.00561,0.423,0.287848539
1554788417718,6.609,121.3,0.00561,0.423,0.287848539
1554788417764,6.655,121.3,0.00561,0.423,0.287848539
1554788417811,6.702,121.3,0.00561,0.423,0.287848539
1554788417873,6.764,121.3,0.00561,0.419,0.285126567
1554788417919,6.81,121.3,0.00561,0.419,0.285126567
1554788417965,6.856,121.3,0.00561,0.419,0.285126567
1554788418011,6.902,121.3,0.00561,0.419,0.285126567
1554788418073,6.964,121.2,0.00565,0.418,0.28623804
1554788418119,7.01,121.2,0.00565,0.418,0.28623804
1554788418165,7.056,121.2,0.00565,0.418,0.28623804
1554788418212,7.103,121.2,0.00565,0.418,0.28623804
1554788418273,7.164,121.3,0.00567,0.418,0.287488278
1554788418319,7.21,121.3,0.00567,0.418,0.287488278
1554788418365,7.256,121.3,0.00567,0.418,0.287488278
1554788418411,7.302,121.3,0.00567,0.418,0.287488278
1554788418472,7.363,121.3,0.00566,0.419,0.287667802
1554788418518,7.409,121.3,0.00566,0.419,0.287667802
1554788418564,7.455,121.3,0.00566,0.419,0.287667802
1554788418611,7.502,121.3,0.00566,0.419,0.287667802
1554788418673,7.564,121.3,0.00569,0.42,0.28988274
1554788418719,7.61,121.3,0.00569,0.42,0.28988274
1554788418765,7.656,121.3,0.00569,0.42,0.28988274
1554788418812,7.703,121.3,0.00569,0.42,0.28988274
1554788418873,7.764,121.3,0.0057,0.418,0.28900938
1554788418919,7.81,121.3,0.0057,0.418,0.28900938
1554788418965,7.856,121.3,0.0057,0.418,0.28900938
1554788419011,7.902,121.3,0.0057,0.418,0.28900938
1554788419072,7.963,121.2,0.00573,0.415,0.28820754
1554788419118,8.009,121.2,0.00573,0.415,0.28820754
1554788419164,8.055,121.2,0.00573,0.415,0.28820754
1554788419210,8.101,121.2,0.00573,0.415,0.28820754
1554788419272,8.163,121.2,0.00569,0.421,0.290333388
1554788419319,8.21,121.2,0.00569,0.421,0.290333388
1554788419365,8.256,121.2,0.00569,0.421,0.290333388
1554788419411,8.302,121.2,0.00569,0.421,0.290333388
1554788419473,8.364,121.3,0.00569,0.424,0.292643528
1554788419519,8.41,121.3,0.00569,0.424,0.292643528
1554788419565,8.456,121.3,0.00569,0.424,0.292643528
1554788419611,8.502,121.3,0.00569,0.424,0.292643528
1554788419672,8.563,121.3,0.00569,0.423,0.291953331
1554788419718,8.609,121.3,0.00569,0.423,0.291953331
1554788419765,8.656,121.3,0.00569,0.423,0.291953331
1554788419810,8.701,121.3,0.00569,0.423,0.291953331
1554788419873,8.764,121.3,0.0057,0.422,0.29177502
1554788419919,8.81,121.3,0.0057,0.422,0.29177502
1554788419965,8.856,121.3,0.0057,0.422,0.29177502
1554788420012,8.903,121.3,0.0057,0.422,0.29177502
1554788420073,8.964,121.3,0.00569,0.423,0.291953331
1554788420119,9.01,121.3,0.00569,0.423,0.291953331
1554788420165,9.056,121.3,0.00569,0.423,0.291953331
1554788420211,9.102,121.3,0.00569,0.423,0.291953331
1554788420272,9.163,121.3,0.00572,0.422,0.292798792
1554788420318,9.209,121.3,0.00572,0.422,0.292798792
1554788420365,9.256,121.3,0.00572,0.422,0.292798792
1554788420411,9.302,121.3,0.00572,0.422,0.292798792
1554788420472,9.363,121.3,0.00572,0.423,0.293492628
1554788420518,9.409,121.3,0.00572,0.423,0.293492628
1554788420564,9.455,121.3,0.00572,0.423,0.293492628
1554788420610,9.501,121.3,0.00572,0.423,0.293492628
1554788420672,9.563,121.3,0.00571,0.421,0.291594283
1554788420719,9.61,121.3,0.00571,0.421,0.291594283
1554788420765,9.656,121.3,0.00571,0.421,0.291594283
1554788420811,9.702,121.3,0.00571,0.421,0.291594283
1554788420872,9.763,121.3,0.00568,0.423,0.291440232
1554788420918,9.809,121.3,0.00568,0.423,0.291440232
1554788420964,9.855,121.3,0.00568,0.423,0.291440232
1554788421010,9.901,121.3,0.00568,0.423,0.291440232
1554788421072,9.963,121.2,0.0057,0.419,0.28946196
1554788421118,10.009,121.2,0.0057,0.419,0.28946196
1554788421165,10.056,121.2,0.0057,0.419,0.28946196
1554788421211,10.102,121.2,0.0057,0.419,0.28946196
1554788421272,10.163,121.3,0.00574,0.418,0.291037516
1554788421318,10.209,121.3,0.00574,0.418,0.291037516
1554788421364,10.255,121.3,0.00574,0.418,0.291037516
1554788421410,10.301,121.3,0.00574,0.418,0.291037516
1554788421472,10.363,121.3,0.0057,0.42,0.2903922
1554788421518,10.409,121.3,0.0057,0.42,0.2903922
1554788421564,10.455,121.3,0.0057,0.42,0.2903922
1554788421611,10.502,121.3,0.0057,0.42,0.2903922
1554788421672,10.563,121.3,0.00563,0.42,0.28682598
1554788421717,10.608,121.3,0.00563,0.42,0.28682598
1554788421764,10.655,121.3,0.00563,0.42,0.28682598
1554788421810,10.701,121.3,0.00563,0.42,0.28682598
1554788421872,10.763,121.3,0.00563,0.42,0.28682598
1554788421919,10.81,121.3,0.00563,0.42,0.28682598
1554788421965,10.856,121.3,0.00563,0.42,0.28682598
1554788422011,10.902,121.3,0.00563,0.42,0.28682598
1554788422072,10.963,121.3,0.00563,0.42,0.28682598
1554788422118,11.009,121.3,0.00563,0.42,0.28682598
1554788422164,11.055,121.3,0.00563,0.42,0.28682598
1554788422210,11.101,121.3,0.00563,0.42,0.28682598
1554788422273,11.164,121.3,0.00567,0.418,0.287488278
1554788422319,11.21,121.3,0.00567,0.418,0.287488278
1554788422365,11.256,121.3,0.00567,0.418,0.287488278
1554788422411,11.302,121.3,0.00567,0.418,0.287488278
1554788422472,11.363,121.3,0.00569,0.419,0.289192543
1554788422519,11.41,121.3,0.00569,0.419,0.289192543
1554788422565,11.456,121.3,0.00569,0.419,0.289192543
1554788422611,11.502,121.3,0.00569,0.419,0.289192543
1554788422672,11.563,121.3,0.00571,0.419,0.290209037
1554788422718,11.609,121.3,0.00571,0.419,0.290209037
1554788422764,11.655,121.3,0.00571,0.419,0.290209037
1554788422810,11.701,121.3,0.00571,0.419,0.290209037
1554788422873,11.764,121.3,0.00569,0.419,0.289192543
1554788422919,11.81,121.3,0.00569,0.419,0.289192543
1554788422966,11.857,121.3,0.00569,0.419,0.289192543
1554788423012,11.903,121.3,0.00569,0.419,0.289192543
1554788423072,11.963,121.2,0.00574,0.419,0.291493272
1554788423118,12.009,121.2,0.00574,0.419,0.291493272
1554788423164,12.055,121.2,0.00574,0.419,0.291493272
1554788423211,12.102,121.2,0.00574,0.419,0.291493272
1554788423272,12.163,121.2,0.00574,0.419,0.291493272
1554788423318,12.209,121.2,0.00574,0.419,0.291493272
1554788423364,12.255,121.2,0.00574,0.419,0.291493272
1554788423410,12.301,121.2,0.00574,0.419,0.291493272
1554788423472,12.363,121.3,0.00575,0.42,0.2929395
1554788423518,12.409,121.3,0.00575,0.42,0.2929395
1554788423565,12.456,121.3,0.00575,0.42,0.2929395
1554788423611,12.502,121.3,0.00575,0.42,0.2929395
1554788423672,12.563,121.3,0.00575,0.42,0.2929395
1554788423718,12.609,121.3,0.00575,0.42,0.2929395
1554788423764,12.655,121.3,0.00575,0.42,0.2929395
1554788423810,12.701,121.3,0.00575,0.42,0.2929395
1554788423872,12.763,121.3,0.00573,0.421,0.292615629
1554788423919,12.81,121.3,0.00573,0.421,0.292615629
1554788423965,12.856,121.3,0.00573,0.421,0.292615629
1554788424011,12.902,121.3,0.00573,0.421,0.292615629
1554788424072,12.963,121.2,0.00573,0.423,0.293763348
1554788424118,13.009,121.2,0.00573,0.423,0.293763348
1554788424164,13.055,121.2,0.00573,0.423,0.293763348
1554788424211,13.102,121.2,0.00573,0.423,0.293763348
1554788424272,13.163,121.1,0.00556,0.415,0.27942614
1554788424318,13.209,121.1,0.00556,0.415,0.27942614
1554788424364,13.255,121.1,0.00556,0.415,0.27942614
1554788424410,13.301,121.1,0.00556,0.415,0.27942614
1554788424472,13.363,120.7,0.0058,0.418,0.29262508
1554788424518,13.409,120.7,0.0058,0.418,0.29262508
1554788424564,13.455,120.7,0.0058,0.418,0.29262508
1554788424610,13.501,120.7,0.0058,0.418,0.29262508
1554788424673,13.564,120.8,0.0058,0.422,0.29567008
1554788424719,13.61,120.8,0.0058,0.422,0.29567008
1554788424766,13.657,120.8,0.0058,0.422,0.29567008
1554788424812,13.703,120.8,0.0058,0.422,0.29567008
1554788424872,13.763,120.8,0.00577,0.419,0.292049704
1554788424918,13.809,120.8,0.00577,0.419,0.292049704
1554788424964,13.855,120.8,0.00577,0.419,0.292049704
1554788425010,13.901,120.8,0.00577,0.419,0.292049704
1554788425072,13.963,120.8,0.00574,0.419,0.290531248
1554788425118,14.009,120.8,0.00574,0.419,0.290531248
1554788425164,14.055,120.8,0.00574,0.419,0.290531248
1554788425210,14.101,120.8,0.00574,0.419,0.290531248
1554788425273,14.164,120.9,0.00571,0.42,0.28994238
1554788425319,14.21,120.9,0.00571,0.42,0.28994238
1554788425365,14.256,120.9,0.00571,0.42,0.28994238
1554788425411,14.302,120.9,0.00571,0.42,0.28994238
1554788425472,14.363,121.1,0.00585,0.425,0.301084875
1554788425518,14.409,121.1,0.00585,0.425,0.301084875
1554788425564,14.455,121.1,0.00585,0.425,0.301084875
1554788425610,14.501,121.1,0.00585,0.425,0.301084875
1554788425672,14.563,121.4,0.00569,0.42,0.29012172
1554788425718,14.609,121.4,0.00569,0.42,0.29012172
1554788425763,14.654,121.4,0.00569,0.42,0.29012172
1554788425809,14.7,121.4,0.00569,0.42,0.29012172
1554788425871,14.762,121.3,0.0057,0.417,0.28831797
1554788425917,14.808,121.3,0.0057,0.417,0.28831797
1554788425963,14.854,121.3,0.0057,0.417,0.28831797
1554788426010,14.901,121.3,0.0057,0.417,0.28831797
1554788426072,14.963,121.3,0.00565,0.419,0.287159555
1554788426118,15.009,121.3,0.00565,0.419,0.287159555
1554788426164,15.055,121.3,0.00565,0.419,0.287159555
1554788426210,15.101,121.3,0.00565,0.419,0.287159555
1554788426271,15.162,121.3,0.00569,0.419,0.289192543
1554788426317,15.208,121.3,0.00569,0.419,0.289192543
1554788426364,15.255,121.3,0.00569,0.419,0.289192543
1554788426410,15.301,121.3,0.00569,0.419,0.289192543
1554788426472,15.363,121.3,0.00568,0.419,0.288684296
1554788426518,15.409,121.3,0.00568,0.419,0.288684296
1554788426564,15.455,121.3,0.00568,0.419,0.288684296
1554788426610,15.501,121.3,0.00568,0.419,0.288684296
1554788426671,15.562,121.3,0.0057,0.419,0.28970079
1554788426717,15.608,121.3,0.0057,0.419,0.28970079
1554788426763,15.654,121.3,0.0057,0.419,0.28970079
1554788426810,15.701,121.3,0.0057,0.419,0.28970079
1554788426872,15.763,121.3,0.0057,0.419,0.28970079
1554788426918,15.809,121.3,0.0057,0.419,0.28970079
1554788426964,15.855,121.3,0.0057,0.419,0.28970079
1554788427010,15.901,121.3,0.0057,0.419,0.28970079
1554788427071,15.962,121.2,0.0057,0.416,0.28738944
1554788427117,16.008,121.2,0.0057,0.416,0.28738944
1554788427163,16.054,121.2,0.0057,0.416,0.28738944
1554788427210,16.101,121.2,0.0057,0.416,0.28738944
1554788427272,16.163,121.2,0.00572,0.42,0.29117088
1554788427318,16.209,121.2,0.00572,0.42,0.29117088
1554788427364,16.255,121.2,0.00572,0.42,0.29117088
1554788427410,16.301,121.2,0.00572,0.42,0.29117088
1554788427471,16.362,121.2,0.00577,0.42,0.29371608
1554788427518,16.409,121.2,0.00577,0.42,0.29371608
1554788427564,16.455,121.2,0.00577,0.42,0.29371608
1554788427610,16.501,121.2,0.00577,0.42,0.29371608
1554788427671,16.562,121.2,0.00577,0.419,0.293016756
1554788427717,16.608,121.2,0.00577,0.419,0.293016756
1554788427763,16.654,121.2,0.00577,0.419,0.293016756
1554788427809,16.7,121.2,0.00577,0.419,0.293016756
1554788427872,16.763,121.2,0.00578,0.418,0.292824048
1554788427918,16.809,121.2,0.00578,0.418,0.292824048
1554788427964,16.855,121.2,0.00578,0.418,0.292824048
1554788428010,16.901,121.2,0.00578,0.418,0.292824048
1554788428071,16.962,121.2,0.00577,0.419,0.293016756
1554788428117,17.008,121.2,0.00577,0.419,0.293016756
1554788428163,17.054,121.2,0.00577,0.419,0.293016756
1554788428209,17.1,121.2,0.00577,0.419,0.293016756
1554788428272,17.163,121.2,0.0058,0.418,0.29383728
1554788428318,17.209,121.2,0.0058,0.418,0.29383728
1554788428364,17.255,121.2,0.0058,0.418,0.29383728
1554788428410,17.301,121.2,0.0058,0.418,0.29383728
1554788428471,17.362,121.2,0.00575,0.421,0.2933949
1554788428517,17.408,121.2,0.00575,0.421,0.2933949
1554788428563,17.455,121.2,0.00575,0.421,0.2933949
1554788428610,17.501,121.2,0.00575,0.421,0.2933949
1554788428672,17.563,121.2,0.00573,0.421,0.292374396
1554788428718,17.609,121.2,0.00573,0.421,0.292374396
1554788428764,17.655,121.2,0.00573,0.421,0.292374396
1554788428810,17.701,121.2,0.00573,0.421,0.292374396
1554788428871,17.762,121.2,0.00569,0.419,0.288954132
1554788428917,17.808,121.2,0.00569,0.419,0.288954132
1554788428963,17.854,121.2,0.00569,0.419,0.288954132
1554788429009,17.9,121.2,0.00569,0.419,0.288954132
1554788429071,17.962,121.2,0.00568,0.42,0.28913472
1554788429117,18.009,121.2,0.00568,0.42,0.28913472
1554788429164,18.055,121.2,0.00568,0.42,0.28913472
1554788429210,18.101,121.2,0.00568,0.42,0.28913472
1554788429271,18.162,121.2,0.0057,0.42,0.2901528
1554788429317,18.208,121.2,0.0057,0.42,0.2901528
1554788429363,18.254,121.2,0.0057,0.42,0.2901528
1554788429409,18.3,121.2,0.0057,0.42,0.2901528
1554788429472,18.363,121.2,0.00571,0.421,0.291353892
1554788429518,18.409,121.2,0.00571,0.421,0.291353892
1554788429564,18.455,121.2,0.00571,0.421,0.291353892
1554788429610,18.501,121.2,0.00571,0.421,0.291353892
1554788429671,18.562,121.3,0.0057,0.419,0.28970079
1554788429717,18.608,121.3,0.0057,0.419,0.28970079
1554788429763,18.654,121.3,0.0057,0.419,0.28970079
1554788429809,18.7,121.3,0.0057,0.419,0.28970079
1554788429871,18.762,121.3,0.00568,0.421,0.290062264
1554788429917,18.808,121.3,0.00568,0.421,0.290062264
1554788429964,18.855,121.3,0.00568,0.421,0.290062264
1554788430009,18.901,121.3,0.00568,0.421,0.290062264
1554788430072,18.963,121.2,0.00568,0.419,0.288446304
1554788430118,19.009,121.2,0.00568,0.419,0.288446304
1554788430164,19.055,121.2,0.00568,0.419,0.288446304
1554788430210,19.101,121.2,0.00568,0.419,0.288446304
1554788430271,19.162,121.2,0.00572,0.419,0.290477616
1554788430317,19.208,121.2,0.00572,0.419,0.290477616
1554788430365,19.256,121.2,0.00572,0.419,0.290477616
1554788430411,19.302,121.2,0.00572,0.419,0.290477616
1554788430472,19.363,121.2,0.00575,0.42,0.292698
1554788430518,19.409,121.2,0.00575,0.42,0.292698
1554788430564,19.455,121.2,0.00575,0.42,0.292698
1554788430610,19.502,121.2,0.00575,0.42,0.292698
1554788430671,19.563,121.2,0.00576,0.419,0.292508928
1554788430718,19.609,121.2,0.00576,0.419,0.292508928
1554788430764,19.655,121.2,0.00576,0.419,0.292508928
1554788430809,19.701,121.2,0.00576,0.419,0.292508928
1554788430872,19.763,121.2,0.00569,0.42,0.28964376
1554788430918,19.809,121.2,0.00569,0.42,0.28964376
1554788430964,19.855,121.2,0.00569,0.42,0.28964376
1554788431010,19.901,121.2,0.00569,0.42,0.28964376
1554788431071,19.962,121.2,0.00569,0.422,0.291023016
1554788431118,20.009,121.2,0.00569,0.422,0.291023016
1554788431164,20.055,121.2,0.00569,0.422,0.291023016
1554788431209,20.1,121.2,0.00569,0.422,0.291023016
1554788431272,20.163,121.2,0.0057,0.421,0.29084364
1554788431318,20.209,121.2,0.0057,0.421,0.29084364
1554788431364,20.255,121.2,0.0057,0.421,0.29084364
1554788431410,20.301,121.2,0.0057,0.421,0.29084364
1554788431471,20.362,121.2,0.00574,0.424,0.294971712
1554788431517,20.408,121.2,0.00574,0.424,0.294971712
1554788431563,20.454,121.2,0.00574,0.424,0.294971712
1554788431609,20.5,121.2,0.00574,0.424,0.294971712
1554788431672,20.563,121.2,0.00574,0.423,0.294276024
1554788431718,20.609,121.2,0.00574,0.423,0.294276024
1554788431764,20.655,121.2,0.00574,0.423,0.294276024
1554788431810,20.701,121.2,0.00574,0.423,0.294276024
1554788431871,20.762,121.2,0.00573,0.423,0.293763348
1554788431917,20.808,121.2,0.00573,0.423,0.293763348
1554788431963,20.854,121.2,0.00573,0.423,0.293763348
1554788432009,20.9,121.2,0.00573,0.423,0.293763348
1554788432071,20.962,121.2,0.00572,0.423,0.293250672
1554788432118,21.009,121.2,0.00572,0.423,0.293250672
1554788432164,21.055,121.2,0.00572,0.423,0.293250672
1554788432210,21.101,121.2,0.00572,0.423,0.293250672
1554788432271,21.162,121.2,0.00572,0.425,0.2946372
1554788432317,21.208,121.2,0.00572,0.425,0.2946372
1554788432363,21.254,121.2,0.00572,0.425,0.2946372
1554788432409,21.3,121.2,0.00572,0.425,0.2946372
1554788432471,21.362,121.2,0.00572,0.423,0.293250672
1554788432517,21.409,121.2,0.00572,0.423,0.293250672
1554788432564,21.455,121.2,0.00572,0.423,0.293250672
1554788432610,21.501,121.2,0.00572,0.423,0.293250672
1554788432671,21.562,121.2,0.00574,0.422,0.293580336
1554788432717,21.608,121.2,0.00574,0.422,0.293580336
1554788432763,21.654,121.2,0.00574,0.422,0.293580336
1554788432809,21.7,121.2,0.00574,0.422,0.293580336
1554788432871,21.763,121.2,0.00576,0.418,0.291810816
1554788432918,21.809,121.2,0.00576,0.418,0.291810816
1554788432964,21.855,121.2,0.00576,0.418,0.291810816
1554788433010,21.901,121.2,0.00576,0.418,0.291810816
1554788433071,21.962,121.2,0.00577,0.418,0.292317432
1554788433117,22.008,121.2,0.00577,0.418,0.292317432
1554788433163,22.054,121.2,0.00577,0.418,0.292317432
1554788433209,22.1,121.2,0.00577,0.418,0.292317432
1554788433271,22.163,121.2,0.00571,0.421,0.291353892
1554788433318,22.209,121.2,0.00571,0.421,0.291353892
1554788433364,22.255,121.2,0.00571,0.421,0.291353892
1554788433410,22.301,121.2,0.00571,0.421,0.291353892
1554788433471,22.362,121.2,0.00571,0.421,0.291353892
1554788433517,22.408,121.2,0.00571,0.421,0.291353892
1554788433563,22.454,121.2,0.00571,0.421,0.291353892
1554788433609,22.5,121.2,0.00571,0.421,0.291353892
1554788433671,22.562,121.2,0.00569,0.422,0.291023016
1554788433718,22.609,121.2,0.00569,0.422,0.291023016
1554788433764,22.655,121.2,0.00569,0.422,0.291023016
1554788433810,22.701,121.2,0.00569,0.422,0.291023016
1554788433871,22.762,121.2,0.00567,0.421,0.289312884
1554788433917,22.808,121.2,0.00567,0.421,0.289312884
1554788433963,22.854,121.2,0.00567,0.421,0.289312884
1554788434009,22.9,121.2,0.00567,0.421,0.289312884
1554788434071,22.962,121.2,0.00566,0.422,0.289488624
1554788434117,23.009,121.2,0.00566,0.422,0.289488624
1554788434164,23.055,121.2,0.00566,0.422,0.289488624
1554788434210,23.101,121.2,0.00566,0.422,0.289488624
1554788434271,23.162,121.2,0.0057,0.42,0.2901528
1554788434317,23.208,121.2,0.0057,0.42,0.2901528
1554788434363,23.254,121.2,0.0057,0.42,0.2901528
1554788434409,23.3,121.2,0.0057,0.42,0.2901528
1554788434470,23.361,121.2,0.00569,0.423,0.291712644
1554788434516,23.407,121.2,0.00569,0.423,0.291712644
1554788434562,23.453,121.2,0.00569,0.423,0.291712644
1554788434608,23.499,121.2,0.00569,0.423,0.291712644
1554788434671,23.562,121.3,0.00566,0.422,0.289727476
1554788434717,23.608,121.3,0.00566,0.422,0.289727476
1554788434763,23.654,121.3,0.00566,0.422,0.289727476
1554788434809,23.7,121.3,0.00566,0.422,0.289727476
1554788434870,23.761,121.3,0.00565,0.423,0.289900935
1554788434916,23.807,121.3,0.00565,0.423,0.289900935
1554788434962,23.853,121.3,0.00565,0.423,0.289900935
1554788435008,23.899,121.3,0.00565,0.423,0.289900935
1554788435070,23.961,121.3,0.00569,0.423,0.291953331
1554788435116,24.007,121.3,0.00569,0.423,0.291953331
1554788435162,24.053,121.3,0.00569,0.423,0.291953331
1554788435209,24.1,121.3,0.00569,0.423,0.291953331
1554788435271,24.162,121.2,0.0057,0.422,0.29153448
1554788435317,24.208,121.2,0.0057,0.422,0.29153448
1554788435363,24.254,121.2,0.0057,0.422,0.29153448
1554788435409,24.3,121.2,0.0057,0.422,0.29153448
1554788435470,24.361,121.2,0.00575,0.421,0.2933949
1554788435516,24.407,121.2,0.00575,0.421,0.2933949
1554788435562,24.453,121.2,0.00575,0.421,0.2933949
1554788435608,24.499,121.2,0.00575,0.421,0.2933949
1554788435670,24.561,121.3,0.00578,0.416,0.291663424
1554788435717,24.608,121.3,0.00578,0.416,0.291663424
1554788435763,24.654,121.3,0.00578,0.416,0.291663424
1554788435809,24.7,121.3,0.00578,0.416,0.291663424
1554788435871,24.762,121.3,0.00575,0.424,0.2957294
1554788435917,24.808,121.3,0.00575,0.424,0.2957294
1554788435963,24.855,121.3,0.00575,0.424,0.2957294
1554788436009,24.9,121.3,0.00575,0.424,0.2957294
1554788436071,24.962,121.2,0.00573,0.423,0.293763348
1554788436117,25.008,121.2,0.00573,0.423,0.293763348
1554788436163,25.054,121.2,0.00573,0.423,0.293763348
1554788436209,25.1,121.2,0.00573,0.423,0.293763348
1554788436270,25.161,121.2,0.00571,0.424,0.293430048
1554788436316,25.207,121.2,0.00571,0.424,0.293430048
1554788436362,25.253,121.2,0.00571,0.424,0.293430048
1554788436408,25.299,121.2,0.00571,0.424,0.293430048
1554788436470,25.361,121.2,0.00572,0.421,0.291864144
1554788436517,25.408,121.2,0.00572,0.421,0.291864144
1554788436563,25.454,121.2,0.00572,0.421,0.291864144
1554788436609,25.5,121.2,0.00572,0.421,0.291864144
1554788436671,25.562,121.2,0.00571,0.421,0.291353892
1554788436717,25.608,121.2,0.00571,0.421,0.291353892
1554788436763,25.655,121.2,0.00571,0.421,0.291353892
1554788436810,25.701,121.2,0.00571,0.421,0.291353892
1554788436871,25.762,121.2,0.0057,0.423,0.29222532
1554788436917,25.808,121.2,0.0057,0.423,0.29222532
1554788436963,25.854,121.2,0.0057,0.423,0.29222532
1554788437009,25.9,121.2,0.0057,0.423,0.29222532
1554788437070,25.961,121.2,0.0057,0.425,0.293607
1554788437116,26.007,121.2,0.0057,0.425,0.293607
1554788437163,26.054,121.2,0.0057,0.425,0.293607
1554788437209,26.1,121.2,0.0057,0.425,0.293607
1554788437270,26.161,121.2,0.00572,0.422,0.292557408
1554788437316,26.207,121.2,0.00572,0.422,0.292557408
1554788437362,26.253,121.2,0.00572,0.422,0.292557408
1554788437408,26.299,121.2,0.00572,0.422,0.292557408
1554788437470,26.361,121.2,0.00571,0.42,0.29066184
1554788437516,26.407,121.2,0.00571,0.42,0.29066184
1554788437562,26.453,121.2,0.00571,0.42,0.29066184
1554788437609,26.5,121.2,0.00571,0.42,0.29066184
1554788437671,26.562,121.3,0.00571,0.421,0.291594283
1554788437717,26.608,121.3,0.00571,0.421,0.291594283
1554788437763,26.654,121.3,0.00571,0.421,0.291594283
1554788437810,26.701,121.3,0.00571,0.421,0.291594283
1554788437871,26.762,121.3,0.0057,0.421,0.29108361
1554788437917,26.808,121.3,0.0057,0.421,0.29108361
1554788437963,26.854,121.3,0.0057,0.421,0.29108361
1554788438009,26.9,121.3,0.0057,0.421,0.29108361
1554788438070,26.961,121.3,0.00565,0.422,0.28921559
1554788438116,27.007,121.3,0.00565,0.422,0.28921559
1554788438163,27.054,121.3,0.00565,0.422,0.28921559
1554788438209,27.1,121.3,0.00565,0.422,0.28921559
1554788438270,27.161,121.3,0.00571,0.419,0.290209037
1554788438316,27.207,121.3,0.00571,0.419,0.290209037
1554788438362,27.253,121.3,0.00571,0.419,0.290209037
1554788438408,27.299,121.3,0.00571,0.419,0.290209037
1554788438470,27.361,121.3,0.00576,0.417,0.291352896
1554788438516,27.407,121.3,0.00576,0.417,0.291352896
1554788438562,27.453,121.3,0.00576,0.417,0.291352896
1554788438609,27.5,121.3,0.00576,0.417,0.291352896
1554788438671,27.562,121.3,0.00574,0.42,0.29243004
1554788438717,27.608,121.3,0.00574,0.42,0.29243004
1554788438763,27.654,121.3,0.00574,0.42,0.29243004
1554788438810,27.701,121.3,0.00574,0.42,0.29243004
1554788438871,27.762,121.3,0.00573,0.42,0.29192058
1554788438917,27.808,121.3,0.00573,0.42,0.29192058
1554788438963,27.854,121.3,0.00573,0.42,0.29192058
1554788439009,27.9,121.3,0.00573,0.42,0.29192058
1554788439070,27.961,121.3,0.00572,0.42,0.29141112
1554788439116,28.007,121.3,0.00572,0.42,0.29141112
1554788439162,28.053,121.3,0.00572,0.42,0.29141112
1554788439208,28.099,121.3,0.00572,0.42,0.29141112
1554788439270,28.161,121.3,0.00574,0.421,0.293126302
1554788439317,28.208,121.3,0.00574,0.421,0.293126302
1554788439363,28.254,121.3,0.00574,0.421,0.293126302
1554788439409,28.3,121.3,0.00574,0.421,0.293126302
1554788439470,28.361,121.3,0.00577,0.417,0.291858717
1554788439516,28.407,121.3,0.00577,0.417,0.291858717
1554788439562,28.453,121.3,0.00577,0.417,0.291858717
1554788439608,28.499,121.3,0.00577,0.417,0.291858717
1554788439670,28.561,121.3,0.00576,0.42,0.29344896
1554788439716,28.607,121.3,0.00576,0.42,0.29344896
1554788439762,28.653,121.3,0.00576,0.42,0.29344896
1554788439808,28.699,121.3,0.00576,0.42,0.29344896
1554788439871,28.762,121.3,0.00578,0.419,0.293766766
1554788439917,28.808,121.3,0.00578,0.419,0.293766766
1554788439963,28.854,121.3,0.00578,0.419,0.293766766
1554788440009,28.9,121.3,0.00578,0.419,0.293766766
1554788440070,28.961,121.2,0.00576,0.419,0.292508928
1554788440116,29.007,121.2,0.00576,0.419,0.292508928
1554788440162,29.053,121.2,0.00576,0.419,0.292508928
1554788440208,29.099,121.2,0.00576,0.419,0.292508928
1554788440270,29.161,121.2,0.00577,0.419,0.293016756
1554788440317,29.208,121.2,0.00577,0.419,0.293016756
1554788440363,29.254,121.2,0.00577,0.419,0.293016756
1554788440409,29.3,121.2,0.00577,0.419,0.293016756
1554788440470,29.361,121.2,0.00573,0.421,0.292374396
1554788440516,29.407,121.2,0.00573,0.421,0.292374396
1554788440562,29.453,121.2,0.00573,0.421,0.292374396
1554788440608,29.499,121.2,0.00573,0.421,0.292374396
1554788440670,29.561,121.2,0.00572,0.423,0.293250672
1554788440716,29.607,121.2,0.00572,0.423,0.293250672
1554788440762,29.653,121.2,0.00572,0.423,0.293250672
1554788440808,29.699,121.2,0.00572,0.423,0.293250672
1554788440870,29.761,121.2,0.00569,0.422,0.291023016
1554788440916,29.807,121.2,0.00569,0.422,0.291023016
1554788440962,29.853,121.2,0.00569,0.422,0.291023016
1554788441008,29.899,121.2,0.00569,0.422,0.291023016
1554788441071,29.962,121.2,0.00568,0.421,0.289823136
1554788441117,30.008,121.2,0.00568,0.421,0.289823136
1554788441163,30.054,121.2,0.00568,0.421,0.289823136
1554788441209,30.1,121.2,0.00568,0.421,0.289823136
1554788441270,30.161,121.2,0.00572,0.419,0.290477616
1554788441316,30.207,121.2,0.00572,0.419,0.290477616
1554788441362,30.253,121.2,0.00572,0.419,0.290477616
1554788441409,30.3,121.2,0.00572,0.419,0.290477616
1554788441471,30.362,121.2,0.00576,0.418,0.291810816
1554788441517,30.408,121.2,0.00576,0.418,0.291810816
1554788441563,30.454,121.2,0.00576,0.418,0.291810816
1554788441609,30.5,121.2,0.00576,0.418,0.291810816
1554788441670,30.561,121.2,0.00574,0.418,0.290797584
1554788441716,30.607,121.2,0.00574,0.418,0.290797584
1554788441762,30.653,121.2,0.00574,0.418,0.290797584
1554788441808,30.699,121.2,0.00574,0.418,0.290797584
1554788441870,30.761,121.2,0.00567,0.419,0.287938476
1554788441917,30.808,121.2,0.00567,0.419,0.287938476
1554788441963,30.854,121.2,0.00567,0.419,0.287938476
1554788442009,30.9,121.2,0.00567,0.419,0.287938476
1554788442070,30.961,121.2,0.00567,0.419,0.287938476
1554788442116,31.007,121.2,0.00567,0.419,0.287938476
1554788442162,31.053,121.2,0.00567,0.419,0.287938476
1554788442208,31.099,121.2,0.00567,0.419,0.287938476
1554788442270,31.161,121.2,0.00569,0.421,0.290333388
1554788442315,31.206,121.2,0.00569,0.421,0.290333388
1554788442362,31.253,121.2,0.00569,0.421,0.290333388
1554788442408,31.299,121.2,0.00569,0.421,0.290333388
1554788442470,31.361,121.2,0.00569,0.421,0.290333388
1554788442516,31.407,121.2,0.00569,0.421,0.290333388
1554788442562,31.453,121.2,0.00569,0.421,0.290333388
1554788442608,31.499,121.2,0.00569,0.421,0.290333388
1554788442670,31.561,121.3,0.00571,0.42,0.29090166
1554788442715,31.606,121.3,0.00571,0.42,0.29090166
1554788442762,31.653,121.3,0.00571,0.42,0.29090166
1554788442808,31.699,121.3,0.00571,0.42,0.29090166
1554788442870,31.761,121.3,0.00572,0.421,0.292104956
1554788442916,31.807,121.3,0.00572,0.421,0.292104956
1554788442962,31.853,121.3,0.00572,0.421,0.292104956
1554788443008,31.899,121.3,0.00572,0.421,0.292104956
1554788443070,31.961,121.3,0.00569,0.42,0.28988274
1554788443115,32.006,121.3,0.00569,0.42,0.28988274
1554788443161,32.052,121.3,0.00569,0.42,0.28988274
1554788443207,32.098,121.3,0.00569,0.42,0.28988274
1554788443270,32.161,121.3,0.00573,0.42,0.29192058
1554788443316,32.207,121.3,0.00573,0.42,0.29192058
1554788443362,32.253,121.3,0.00573,0.42,0.29192058
1554788443408,32.299,121.3,0.00573,0.42,0.29192058
1554788443470,32.361,121.3,0.00574,0.421,0.293126302
1554788443516,32.407,121.3,0.00574,0.421,0.293126302
1554788443562,32.453,121.3,0.00574,0.421,0.293126302
1554788443608,32.499,121.3,0.00574,0.421,0.293126302
1554788443670,32.561,121.3,0.00578,0.42,0.29446788
1554788443716,32.607,121.3,0.00578,0.42,0.29446788
1554788443762,32.653,121.3,0.00578,0.42,0.29446788
1554788443808,32.699,121.3,0.00578,0.42,0.29446788
1554788443870,32.761,121.3,0.00578,0.419,0.293766766
1554788443916,32.807,121.3,0.00578,0.419,0.293766766
1554788443963,32.854,121.3,0.00578,0.419,0.293766766
1554788444009,32.9,121.3,0.00578,0.419,0.293766766
1554788444070,32.961,121.2,0.00578,0.419,0.293524584
1554788444116,33.007,121.2,0.00578,0.419,0.293524584
1554788444162,33.053,121.2,0.00578,0.419,0.293524584
1554788444209,33.1,121.2,0.00578,0.419,0.293524584
1554788444270,33.161,121.2,0.00575,0.42,0.292698
1554788444316,33.207,121.2,0.00575,0.42,0.292698
1554788444362,33.253,121.2,0.00575,0.42,0.292698
1554788444408,33.299,121.2,0.00575,0.42,0.292698
1554788444469,33.36,121.2,0.00575,0.422,0.2940918
1554788444515,33.406,121.2,0.00575,0.422,0.2940918
1554788444561,33.452,121.2,0.00575,0.422,0.2940918
1554788444608,33.499,121.2,0.00575,0.422,0.2940918
1554788444670,33.561,121.2,0.00575,0.42,0.292698
1554788444716,33.607,121.2,0.00575,0.42,0.292698
1554788444762,33.653,121.2,0.00575,0.42,0.292698
1554788444808,33.699,121.2,0.00575,0.42,0.292698
1554788444869,33.76,121.2,0.00577,0.416,0.290918784
1554788444915,33.806,121.2,0.00577,0.416,0.290918784
1554788444961,33.852,121.2,0.00577,0.416,0.290918784
1554788445007,33.898,121.2,0.00577,0.416,0.290918784
1554788445070,33.961,121.2,0.0057,0.419,0.28946196
1554788445116,34.007,121.2,0.0057,0.419,0.28946196
1554788445162,34.053,121.2,0.0057,0.419,0.28946196
1554788445208,34.099,121.2,0.0057,0.419,0.28946196
1554788445269,34.16,121.2,0.00569,0.42,0.28964376
1554788445315,34.206,121.2,0.00569,0.42,0.28964376
1554788445361,34.252,121.2,0.00569,0.42,0.28964376
1554788445407,34.298,121.2,0.00569,0.42,0.28964376
1554788445470,34.361,121.2,0.00568,0.42,0.28913472
1554788445516,34.407,121.2,0.00568,0.42,0.28913472
1554788445562,34.453,121.2,0.00568,0.42,0.28913472
1554788445608,34.499,121.2,0.00568,0.42,0.28913472
1554788445669,34.56,121.2,0.00569,0.423,0.291712644
1554788445715,34.606,121.2,0.00569,0.423,0.291712644
1554788445761,34.652,121.2,0.00569,0.423,0.291712644
1554788445808,34.699,121.2,0.00569,0.423,0.291712644
1554788445870,34.761,121.3,0.00567,0.42,0.28886382
1554788445916,34.807,121.3,0.00567,0.42,0.28886382
1554788445962,34.853,121.3,0.00567,0.42,0.28886382
1554788446009,34.9,121.3,0.00567,0.42,0.28886382
1554788446070,34.961,121.3,0.0057,0.417,0.28831797
1554788446116,35.007,121.3,0.0057,0.417,0.28831797
1554788446162,35.053,121.3,0.0057,0.417,0.28831797
1554788446208,35.099,121.3,0.0057,0.417,0.28831797
1554788446269,35.16,121.3,0.00568,0.417,0.287306328
1554788446315,35.206,121.3,0.00568,0.417,0.287306328
1554788446362,35.253,121.3,0.00568,0.417,0.287306328
1554788446408,35.299,121.3,0.00568,0.417,0.287306328
1554788446470,35.361,121.2,0.00572,0.417,0.289091088
1554788446516,35.407,121.2,0.00572,0.417,0.289091088
1554788446562,35.453,121.2,0.00572,0.417,0.289091088
1554788446608,35.499,121.2,0.00572,0.417,0.289091088
1554788446669,35.56,121.3,0.00574,0.418,0.291037516
1554788446715,35.606,121.3,0.00574,0.418,0.291037516
1554788446761,35.652,121.3,0.00574,0.418,0.291037516
1554788446807,35.698,121.3,0.00574,0.418,0.291037516
1554788446869,35.76,121.3,0.0057,0.421,0.29108361
1554788446915,35.806,121.3,0.0057,0.421,0.29108361
1554788446962,35.853,121.3,0.0057,0.421,0.29108361
1554788447008,35.899,121.3,0.0057,0.421,0.29108361
1554788447070,35.961,121.3,0.00567,0.425,0.292302675
1554788447116,36.007,121.3,0.00567,0.425,0.292302675
1554788447163,36.054,121.3,0.00567,0.425,0.292302675
1554788447209,36.1,121.3,0.00567,0.425,0.292302675
1554788447270,36.161,121.3,0.00567,0.421,0.289551591
1554788447316,36.207,121.3,0.00567,0.421,0.289551591
1554788447362,36.253,121.3,0.00567,0.421,0.289551591
1554788447408,36.299,121.3,0.00567,0.421,0.289551591
1554788447469,36.36,121.3,0.00573,0.423,0.294005727
1554788447516,36.407,121.3,0.00573,0.423,0.294005727
1554788447562,36.453,121.3,0.00573,0.423,0.294005727
1554788447608,36.499,121.3,0.00573,0.423,0.294005727
1554788447669,36.56,121.3,0.00574,0.421,0.293126302
1554788447715,36.606,121.3,0.00574,0.421,0.293126302
1554788447761,36.652,121.3,0.00574,0.421,0.293126302
1554788447807,36.698,121.3,0.00574,0.421,0.293126302
1554788447869,36.76,121.3,0.00575,0.423,0.295031925
1554788447916,36.807,121.3,0.00575,0.423,0.295031925
1554788447962,36.853,121.3,0.00575,0.423,0.295031925
1554788448008,36.899,121.3,0.00575,0.423,0.295031925
1554788448069,36.96,121.3,0.00578,0.418,0.293065652
1554788448115,37.006,121.3,0.00578,0.418,0.293065652
1554788448161,37.052,121.3,0.00578,0.418,0.293065652
1554788448207,37.098,121.3,0.00578,0.418,0.293065652
1554788448270,37.161,121.2,0.00577,0.417,0.291618108
1554788448316,37.207,121.2,0.00577,0.417,0.291618108
1554788448362,37.253,121.2,0.00577,0.417,0.291618108
1554788448408,37.299,121.2,0.00577,0.417,0.291618108
1554788448469,37.36,121.2,0.00574,0.42,0.29218896
1554788448515,37.406,121.2,0.00574,0.42,0.29218896
1554788448561,37.452,121.2,0.00574,0.42,0.29218896
1554788448607,37.498,121.2,0.00574,0.42,0.29218896
1554788448670,37.561,121.2,0.00566,0.426,0.292232592
1554788448716,37.607,121.2,0.00566,0.426,0.292232592
1554788448762,37.653,121.2,0.00566,0.426,0.292232592
1554788448808,37.699,121.2,0.00566,0.426,0.292232592
1554788448869,37.76,121.2,0.0057,0.423,0.29222532
1554788448916,37.807,121.2,0.0057,0.423,0.29222532
1554788448962,37.853,121.2,0.0057,0.423,0.29222532
1554788449008,37.899,121.2,0.0057,0.423,0.29222532
1554788449069,37.96,121.2,0.00571,0.419,0.289969788
1554788449115,38.006,121.2,0.00571,0.419,0.289969788
1554788449161,38.052,121.2,0.00571,0.419,0.289969788
1554788449207,38.098,121.2,0.00571,0.419,0.289969788
1554788449270,38.161,121.2,0.0057,0.42,0.2901528
1554788449316,38.207,121.2,0.0057,0.42,0.2901528
1554788449362,38.253,121.2,0.0057,0.42,0.2901528
1554788449408,38.299,121.2,0.0057,0.42,0.2901528
1554788449469,38.36,121.2,0.00571,0.418,0.289277736
1554788449515,38.406,121.2,0.00571,0.418,0.289277736
1554788449561,38.452,121.2,0.00571,0.418,0.289277736
1554788449607,38.498,121.2,0.00571,0.418,0.289277736
1554788449669,38.56,121.2,0.00569,0.422,0.291023016
1554788449715,38.606,121.2,0.00569,0.422,0.291023016
1554788449762,38.653,121.2,0.00569,0.422,0.291023016
1554788449808,38.699,121.2,0.00569,0.422,0.291023016
1554788449869,38.76,121.2,0.0057,0.422,0.29153448
1554788449915,38.806,121.2,0.0057,0.422,0.29153448
1554788449961,38.852,121.2,0.0057,0.422,0.29153448
1554788450007,38.898,121.2,0.0057,0.422,0.29153448
1554788450069,38.96,121.2,0.00566,0.42,0.28811664
1554788450116,39.007,121.2,0.00566,0.42,0.28811664
1554788450162,39.053,121.2,0.00566,0.42,0.28811664
1554788450208,39.099,121.2,0.00566,0.42,0.28811664
1554788450269,39.16,121.2,0.00566,0.419,0.287430648
1554788450315,39.206,121.2,0.00566,0.419,0.287430648
1554788450362,39.253,121.2,0.00566,0.419,0.287430648
1554788450408,39.299,121.2,0.00566,0.419,0.287430648
1554788450469,39.36,121.2,0.00567,0.422,0.290000088
1554788450515,39.406,121.2,0.00567,0.422,0.290000088
1554788450561,39.452,121.2,0.00567,0.422,0.290000088
1554788450607,39.498,121.2,0.00567,0.422,0.290000088
1554788450669,39.56,121.2,0.00571,0.422,0.292045944
1554788450715,39.606,121.2,0.00571,0.422,0.292045944
1554788450762,39.653,121.2,0.00571,0.422,0.292045944
1554788450808,39.699,121.2,0.00571,0.422,0.292045944
1554788450869,39.76,121.3,0.00572,0.422,0.292798792
1554788450914,39.805,121.3,0.00572,0.422,0.292798792
1554788450961,39.852,121.3,0.00572,0.422,0.292798792
1554788451007,39.898,121.3,0.00572,0.422,0.292798792
1554788451069,39.96,121.3,0.00573,0.42,0.29192058
1554788451116,40.007,121.3,0.00573,0.42,0.29192058
1554788451162,40.053,121.3,0.00573,0.42,0.29192058
1554788451208,40.099,121.3,0.00573,0.42,0.29192058
1554788451269,40.16,121.3,0.00574,0.418,0.291037516
1554788451315,40.206,121.3,0.00574,0.418,0.291037516
1554788451361,40.252,121.3,0.00574,0.418,0.291037516
1554788451407,40.298,121.3,0.00574,0.418,0.291037516
1554788451469,40.36,121.2,0.00578,0.415,0.29072244
1554788451515,40.406,121.2,0.00578,0.415,0.29072244
1554788451562,40.453,121.2,0.00578,0.415,0.29072244
1554788451608,40.499,121.2,0.00578,0.415,0.29072244
1554788451669,40.56,121.2,0.00578,0.419,0.293524584
1554788451715,40.606,121.2,0.00578,0.419,0.293524584
1554788451761,40.652,121.2,0.00578,0.419,0.293524584
1554788451807,40.698,121.2,0.00578,0.419,0.293524584
1554788451870,40.761,121.3,0.00574,0.423,0.294518826
1554788451916,40.807,121.3,0.00574,0.423,0.294518826
1554788451962,40.853,121.3,0.00574,0.423,0.294518826
1554788452008,40.899,121.3,0.00574,0.423,0.294518826
1554788452069,40.96,121.3,0.00571,0.42,0.29090166
1554788452116,41.007,121.3,0.00571,0.42,0.29090166
1554788452162,41.053,121.3,0.00571,0.42,0.29090166
1554788452208,41.099,121.3,0.00571,0.42,0.29090166
1554788452269,41.16,121.2,0.00568,0.422,0.290511552
1554788452315,41.206,121.2,0.00568,0.422,0.290511552
1554788452361,41.252,121.2,0.00568,0.422,0.290511552
1554788452408,41.299,121.2,0.00568,0.422,0.290511552
1554788452469,41.36,121.2,0.00569,0.424,0.292402272
1554788452515,41.406,121.2,0.00569,0.424,0.292402272
1554788452561,41.452,121.2,0.00569,0.424,0.292402272
1554788452607,41.498,121.2,0.00569,0.424,0.292402272
1554788452669,41.56,121.2,0.00571,0.423,0.292737996
1554788452715,41.606,121.2,0.00571,0.423,0.292737996
1554788452761,41.652,121.2,0.00571,0.423,0.292737996
1554788452808,41.699,121.2,0.00571,0.423,0.292737996
1554788452869,41.76,121.2,0.00572,0.422,0.292557408
1554788452914,41.805,121.2,0.00572,0.422,0.292557408
1554788452961,41.852,121.2,0.00572,0.422,0.292557408
1554788453007,41.898,121.2,0.00572,0.422,0.292557408
1554788453069,41.96,121.2,0.00565,0.423,0.28966194
1554788453115,42.006,121.2,0.00565,0.423,0.28966194
1554788453161,42.052,121.2,0.00565,0.423,0.28966194
1554788453207,42.098,121.2,0.00565,0.423,0.28966194
1554788453268,42.16,121.2,0.00567,0.422,0.290000088
1554788453314,42.205,121.2,0.00567,0.422,0.290000088
1554788453360,42.251,121.2,0.00567,0.422,0.290000088
1554788453407,42.298,121.2,0.00567,0.422,0.290000088
1554788453469,42.36,121.2,0.00566,0.423,0.290174616
1554788453515,42.406,121.2,0.00566,0.423,0.290174616
1554788453562,42.453,121.2,0.00566,0.423,0.290174616
1554788453608,42.499,121.2,0.00566,0.423,0.290174616
1554788453669,42.56,121.2,0.00566,0.423,0.290174616
1554788453715,42.606,121.2,0.00566,0.423,0.290174616
1554788453761,42.652,121.2,0.00566,0.423,0.290174616
1554788453807,42.698,121.2,0.00566,0.423,0.290174616
1554788453868,42.759,121.2,0.00565,0.421,0.28829238
1554788453914,42.805,121.2,0.00565,0.421,0.28829238
1554788453961,42.852,121.2,0.00565,0.421,0.28829238
1554788454007,42.898,121.2,0.00565,0.421,0.28829238
1554788454069,42.96,121.3,0.00563,0.422,0.288191818
1554788454115,43.006,121.3,0.00563,0.422,0.288191818
1554788454161,43.052,121.3,0.00563,0.422,0.288191818
1554788454207,43.098,121.3,0.00563,0.422,0.288191818
1554788454268,43.159,121.2,0.00564,0.421,0.287782128
1554788454314,43.205,121.2,0.00564,0.421,0.287782128
1554788454360,43.251,121.2,0.00564,0.421,0.287782128
1554788454407,43.298,121.2,0.00564,0.421,0.287782128
1554788454469,43.36,121.2,0.0057,0.422,0.29153448
1554788454515,43.406,121.2,0.0057,0.422,0.29153448
1554788454561,43.452,121.2,0.0057,0.422,0.29153448
1554788454607,43.498,121.2,0.0057,0.422,0.29153448
1554788454668,43.559,121.2,0.00572,0.417,0.289091088
1554788454714,43.605,121.2,0.00572,0.417,0.289091088
1554788454760,43.651,121.2,0.00572,0.417,0.289091088
1554788454806,43.697,121.2,0.00572,0.417,0.289091088
1554788454869,43.76,121.3,0.00569,0.421,0.290572937
1554788454915,43.806,121.3,0.00569,0.421,0.290572937
1554788454961,43.852,121.3,0.00569,0.421,0.290572937
1554788455007,43.898,121.3,0.00569,0.421,0.290572937
1554788455068,43.959,121.3,0.00568,0.421,0.290062264
1554788455114,44.005,121.3,0.00568,0.421,0.290062264
1554788455160,44.051,121.3,0.00568,0.421,0.290062264
1554788455206,44.097,121.3,0.00568,0.421,0.290062264
1554788455269,44.16,121.3,0.00569,0.42,0.28988274
1554788455315,44.206,121.3,0.00569,0.42,0.28988274
1554788455361,44.252,121.3,0.00569,0.42,0.28988274
1554788455407,44.298,121.3,0.00569,0.42,0.28988274
1554788455468,44.359,121.2,0.00573,0.42,0.29167992
1554788455514,44.405,121.2,0.00573,0.42,0.29167992
1554788455560,44.451,121.2,0.00573,0.42,0.29167992
1554788455607,44.498,121.2,0.00573,0.42,0.29167992
1554788455669,44.56,121.2,0.00575,0.42,0.292698
1554788455715,44.606,121.2,0.00575,0.42,0.292698
1554788455761,44.652,121.2,0.00575,0.42,0.292698
1554788455807,44.698,121.2,0.00575,0.42,0.292698
1554788455868,44.759,121.3,0.00572,0.419,0.290717284
1554788455914,44.805,121.3,0.00572,0.419,0.290717284
1554788455960,44.851,121.3,0.00572,0.419,0.290717284
1554788456006,44.897,121.3,0.00572,0.419,0.290717284
1554788456068,44.959,121.3,0.00577,0.418,0.292558618
1554788456115,45.006,121.3,0.00577,0.418,0.292558618
1554788456161,45.052,121.3,0.00577,0.418,0.292558618
1554788456207,45.098,121.3,0.00577,0.418,0.292558618
1554788456269,45.16,121.2,0.00575,0.418,0.2913042
1554788456315,45.206,121.2,0.00575,0.418,0.2913042
1554788456361,45.252,121.2,0.00575,0.418,0.2913042
1554788456407,45.298,121.2,0.00575,0.418,0.2913042
1554788456470,45.361,121.2,0.00572,0.418,0.289784352
1554788456516,45.407,121.2,0.00572,0.418,0.289784352
1554788456562,45.453,121.2,0.00572,0.418,0.289784352
1554788456608,45.499,121.2,0.00572,0.418,0.289784352
1554788456669,45.56,121.2,0.00573,0.421,0.292374396
1554788456715,45.606,121.2,0.00573,0.421,0.292374396
1554788456762,45.653,121.2,0.00573,0.421,0.292374396
1554788456808,45.699,121.2,0.00573,0.421,0.292374396
1554788456869,45.76,121.2,0.00574,0.421,0.292884648
1554788456915,45.806,121.2,0.00574,0.421,0.292884648
1554788456960,45.851,121.2,0.00574,0.421,0.292884648
1554788457006,45.897,121.2,0.00574,0.421,0.292884648
1554788457069,45.96,121.2,0.00571,0.419,0.289969788
1554788457115,46.006,121.2,0.00571,0.419,0.289969788
1554788457161,46.052,121.2,0.00571,0.419,0.289969788
1554788457207,46.098,121.2,0.00571,0.419,0.289969788
1554788457268,46.16,121.2,0.0057,0.419,0.28946196
1554788457314,46.205,121.2,0.0057,0.419,0.28946196
1554788457360,46.251,121.2,0.0057,0.419,0.28946196
1554788457406,46.297,121.2,0.0057,0.419,0.28946196
1554788457469,46.36,121.2,0.00571,0.417,0.288585684
1554788457515,46.406,121.2,0.00571,0.417,0.288585684
1554788457561,46.452,121.2,0.00571,0.417,0.288585684
1554788457607,46.498,121.2,0.00571,0.417,0.288585684
1554788457668,46.559,121.2,0.00572,0.422,0.292557408
1554788457715,46.606,121.2,0.00572,0.422,0.292557408
1554788457761,46.652,121.2,0.00572,0.422,0.292557408
1554788457807,46.698,121.2,0.00572,0.422,0.292557408
1554788457869,46.76,121.2,0.00563,0.423,0.288636588
1554788457915,46.806,121.2,0.00563,0.423,0.288636588
1554788457961,46.852,121.2,0.00563,0.423,0.288636588
1554788458007,46.898,121.2,0.00563,0.423,0.288636588
1554788458069,46.96,121.2,0.00568,0.42,0.28913472
1554788458115,47.006,121.2,0.00568,0.42,0.28913472
1554788458161,47.052,121.2,0.00568,0.42,0.28913472
1554788458207,47.098,121.2,0.00568,0.42,0.28913472
1554788458268,47.159,121.2,0.00565,0.421,0.28829238
1554788458314,47.205,121.2,0.00565,0.421,0.28829238
1554788458360,47.251,121.2,0.00565,0.421,0.28829238
1554788458407,47.298,121.2,0.00565,0.421,0.28829238
1554788458468,47.359,121.2,0.00568,0.421,0.289823136
1554788458514,47.405,121.2,0.00568,0.421,0.289823136
1554788458560,47.451,121.2,0.00568,0.421,0.289823136
1554788458606,47.497,121.2,0.00568,0.421,0.289823136
1554788458668,47.559,121.2,0.00569,0.42,0.28964376
1554788458714,47.605,121.2,0.00569,0.42,0.28964376
1554788458761,47.652,121.2,0.00569,0.42,0.28964376
1554788458807,47.698,121.2,0.00569,0.42,0.28964376
1554788458868,47.759,121.3,0.0057,0.422,0.29177502
1554788458914,47.805,121.3,0.0057,0.422,0.29177502
1554788458960,47.851,121.3,0.0057,0.422,0.29177502
1554788459006,47.897,121.3,0.0057,0.422,0.29177502
1554788459068,47.959,121.3,0.00572,0.422,0.292798792
1554788459114,48.005,121.3,0.00572,0.422,0.292798792
1554788459161,48.052,121.3,0.00572,0.422,0.292798792
1554788459207,48.098,121.3,0.00572,0.422,0.292798792
1554788459268,48.159,121.3,0.00569,0.421,0.290572937
1554788459314,48.205,121.3,0.00569,0.421,0.290572937
1554788459360,48.251,121.3,0.00569,0.421,0.290572937
1554788459406,48.297,121.3,0.00569,0.421,0.290572937
1554788459468,48.359,121.2,0.00571,0.421,0.291353892
1554788459514,48.405,121.2,0.00571,0.421,0.291353892
1554788459560,48.451,121.2,0.00571,0.421,0.291353892
1554788459607,48.498,121.2,0.00571,0.421,0.291353892
1554788459668,48.559,121.2,0.00572,0.421,0.291864144
1554788459714,48.605,121.2,0.00572,0.421,0.291864144
1554788459760,48.651,121.2,0.00572,0.421,0.291864144
1554788459806,48.697,121.2,0.00572,0.421,0.291864144
1554788459868,48.759,121.2,0.00572,0.421,0.291864144
1554788459914,48.805,121.2,0.00572,0.421,0.291864144
1554788459961,48.852,121.2,0.00572,0.421,0.291864144
1554788460007,48.898,121.2,0.00572,0.421,0.291864144
1554788460068,48.959,121.2,0.00574,0.419,0.291493272
1554788460114,49.005,121.2,0.00574,0.419,0.291493272
1554788460160,49.051,121.2,0.00574,0.419,0.291493272
1554788460206,49.097,121.2,0.00574,0.419,0.291493272
1554788460268,49.159,121.2,0.00573,0.417,0.289596492
1554788460314,49.205,121.2,0.00573,0.417,0.289596492
1554788460360,49.251,121.2,0.00573,0.417,0.289596492
1554788460407,49.298,121.2,0.00573,0.417,0.289596492
1554788460468,49.359,121.2,0.00575,0.418,0.2913042
1554788460514,49.405,121.2,0.00575,0.418,0.2913042
1554788460560,49.451,121.2,0.00575,0.418,0.2913042
1554788460606,49.497,121.2,0.00575,0.418,0.2913042
1554788460668,49.559,121.1,0.00572,0.421,0.291623332
1554788460714,49.605,121.1,0.00572,0.421,0.291623332
1554788460760,49.651,121.1,0.00572,0.421,0.291623332
1554788460806,49.697,121.1,0.00572,0.421,0.291623332
1554788460868,49.759,121.2,0.00571,0.419,0.289969788
1554788460914,49.805,121.2,0.00571,0.419,0.289969788
1554788460961,49.852,121.2,0.00571,0.419,0.289969788
1554788461007,49.898,121.2,0.00571,0.419,0.289969788
1554788461068,49.959,121.2,0.00571,0.42,0.29066184
1554788461114,50.005,121.2,0.00571,0.42,0.29066184
1554788461160,50.051,121.2,0.00571,0.42,0.29066184
1554788461206,50.097,121.2,0.00571,0.42,0.29066184
1554788461267,50.158,121.2,0.00569,0.42,0.28964376
1554788461313,50.204,121.2,0.00569,0.42,0.28964376
1554788461359,50.25,121.2,0.00569,0.42,0.28964376
1554788461406,50.297,121.2,0.00569,0.42,0.28964376
1554788461468,50.359,121.1,0.00569,0.421,0.290093839
1554788461514,50.405,121.1,0.00569,0.421,0.290093839
1554788461560,50.451,121.1,0.00569,0.421,0.290093839
1554788461606,50.497,121.1,0.00569,0.421,0.290093839
1554788461668,50.559,121.2,0.00567,0.42,0.28862568
1554788461714,50.605,121.2,0.00567,0.42,0.28862568
1554788461760,50.651,121.2,0.00567,0.42,0.28862568
1554788461806,50.697,121.2,0.00567,0.42,0.28862568
1554788461868,50.759,121.2,0.00569,0.422,0.291023016
1554788461914,50.805,121.2,0.00569,0.422,0.291023016
1554788461960,50.851,121.2,0.00569,0.422,0.291023016
1554788462006,50.897,121.2,0.00569,0.422,0.291023016
1554788462068,50.959,121.2,0.00566,0.423,0.290174616
1554788462114,51.005,121.2,0.00566,0.423,0.290174616
1554788462160,51.051,121.2,0.00566,0.423,0.290174616
1554788462207,51.098,121.2,0.00566,0.423,0.290174616
1554788462268,51.159,121.2,0.00563,0.421,0.287271876
1554788462313,51.204,121.2,0.00563,0.421,0.287271876
1554788462360,51.251,121.2,0.00563,0.421,0.287271876
1554788462406,51.297,121.2,0.00563,0.421,0.287271876
1554788462468,51.359,121.2,0.00564,0.425,0.2905164
1554788462514,51.405,121.2,0.00564,0.425,0.2905164
1554788462560,51.451,121.2,0.00564,0.425,0.2905164
1554788462606,51.497,121.2,0.00564,0.425,0.2905164
1554788462667,51.558,121.2,0.00569,0.422,0.291023016
1554788462713,51.604,121.2,0.00569,0.422,0.291023016
1554788462759,51.65,121.2,0.00569,0.422,0.291023016
1554788462805,51.696,121.2,0.00569,0.422,0.291023016
1554788462868,51.759,121.2,0.00575,0.418,0.2913042
1554788462914,51.805,121.2,0.00575,0.418,0.2913042
1554788462960,51.851,121.2,0.00575,0.418,0.2913042
1554788463006,51.897,121.2,0.00575,0.418,0.2913042
1554788463068,51.959,121.3,0.00577,0.418,0.292558618
1554788463114,52.005,121.3,0.00577,0.418,0.292558618
1554788463161,52.052,121.3,0.00577,0.418,0.292558618
1554788463207,52.098,121.3,0.00577,0.418,0.292558618
1554788463268,52.159,121.3,0.00572,0.419,0.290717284
1554788463314,52.205,121.3,0.00572,0.419,0.290717284
1554788463360,52.251,121.3,0.00572,0.419,0.290717284
1554788463406,52.297,121.3,0.00572,0.419,0.290717284
1554788463467,52.358,121.3,0.00569,0.421,0.290572937
1554788463513,52.404,121.3,0.00569,0.421,0.290572937
1554788463559,52.45,121.3,0.00569,0.421,0.290572937
1554788463606,52.497,121.3,0.00569,0.421,0.290572937
1554788463668,52.559,121.2,0.00571,0.419,0.289969788
1554788463714,52.605,121.2,0.00571,0.419,0.289969788
1554788463760,52.651,121.2,0.00571,0.419,0.289969788
1554788463806,52.697,121.2,0.00571,0.419,0.289969788
1554788463868,52.759,121.3,0.00575,0.42,0.2929395
1554788463914,52.805,121.3,0.00575,0.42,0.2929395
1554788463961,52.852,121.3,0.00575,0.42,0.2929395
1554788464007,52.898,121.3,0.00575,0.42,0.2929395
1554788464068,52.959,121.3,0.00571,0.42,0.29090166
1554788464114,53.005,121.3,0.00571,0.42,0.29090166
1554788464160,53.051,121.3,0.00571,0.42,0.29090166
1554788464206,53.097,121.3,0.00571,0.42,0.29090166
1554788464268,53.159,121.3,0.00568,0.424,0.292129216
1554788464314,53.205,121.3,0.00568,0.424,0.292129216
1554788464360,53.251,121.3,0.00568,0.424,0.292129216
1554788464406,53.297,121.3,0.00568,0.424,0.292129216
1554788464468,53.359,121.2,0.00564,0.424,0.289832832
1554788464514,53.405,121.2,0.00564,0.424,0.289832832
1554788464560,53.451,121.2,0.00564,0.424,0.289832832
1554788464606,53.497,121.2,0.00564,0.424,0.289832832
1554788464667,53.558,121.2,0.00565,0.425,0.2910315
1554788464714,53.605,121.2,0.00565,0.425,0.2910315
1554788464760,53.651,121.2,0.00565,0.425,0.2910315
1554788464806,53.697,121.2,0.00565,0.425,0.2910315
1554788464868,53.759,121.2,0.00566,0.425,0.2915466
1554788464914,53.805,121.2,0.00566,0.425,0.2915466
1554788464960,53.851,121.2,0.00566,0.425,0.2915466
1554788465006,53.898,121.2,0.00566,0.425,0.2915466
1554788465068,53.959,121.2,0.00567,0.423,0.290687292
1554788465114,54.005,121.2,0.00567,0.423,0.290687292
1554788465160,54.051,121.2,0.00567,0.423,0.290687292
1554788465206,54.097,121.2,0.00567,0.423,0.290687292
1554788465267,54.158,121.2,0.00566,0.421,0.288802632
1554788465313,54.204,121.2,0.00566,0.421,0.288802632
1554788465359,54.25,121.2,0.00566,0.421,0.288802632
1554788465405,54.296,121.2,0.00566,0.421,0.288802632
1554788465468,54.359,121.2,0.00564,0.423,0.289149264
1554788465514,54.405,121.2,0.00564,0.423,0.289149264
1554788465560,54.451,121.2,0.00564,0.423,0.289149264
1554788465606,54.497,121.2,0.00564,0.423,0.289149264
1554788465667,54.558,121.2,0.0057,0.421,0.29084364
1554788465713,54.604,121.2,0.0057,0.421,0.29084364
1554788465759,54.65,121.2,0.0057,0.421,0.29084364
1554788465806,54.697,121.2,0.0057,0.421,0.29084364
1554788465868,54.759,121.2,0.00567,0.42,0.28862568
1554788465914,54.805,121.2,0.00567,0.42,0.28862568
1554788465961,54.852,121.2,0.00567,0.42,0.28862568
1554788466006,54.897,121.2,0.00567,0.42,0.28862568
1554788466067,54.958,121.2,0.00566,0.422,0.289488624
1554788466113,55.004,121.2,0.00566,0.422,0.289488624
1554788466160,55.051,121.2,0.00566,0.422,0.289488624
1554788466206,55.097,121.2,0.00566,0.422,0.289488624
1554788466268,55.159,121.2,0.00566,0.42,0.28811664
1554788466314,55.205,121.2,0.00566,0.42,0.28811664
1554788466360,55.251,121.2,0.00566,0.42,0.28811664
1554788466406,55.297,121.2,0.00566,0.42,0.28811664
1554788466467,55.358,121.2,0.00567,0.42,0.28862568
1554788466513,55.404,121.2,0.00567,0.42,0.28862568
1554788466559,55.451,121.2,0.00567,0.42,0.28862568
1554788466606,55.497,121.2,0.00567,0.42,0.28862568
1554788466668,55.559,121.2,0.0057,0.421,0.29084364
1554788466714,55.605,121.2,0.0057,0.421,0.29084364
1554788466760,55.651,121.2,0.0057,0.421,0.29084364
1554788466806,55.697,121.2,0.0057,0.421,0.29084364
1554788466867,55.758,121.2,0.00569,0.422,0.291023016
1554788466913,55.804,121.2,0.00569,0.422,0.291023016
1554788466959,55.85,121.2,0.00569,0.422,0.291023016
1554788467006,55.897,121.2,0.00569,0.422,0.291023016
1554788467068,55.959,121.2,0.00572,0.422,0.292557408
1554788467114,56.005,121.2,0.00572,0.422,0.292557408
1554788467160,56.051,121.2,0.00572,0.422,0.292557408
1554788467206,56.097,121.2,0.00572,0.422,0.292557408
1554788467267,56.158,121.3,0.00571,0.422,0.292286906
1554788467313,56.204,121.3,0.00571,0.422,0.292286906
1554788467359,56.25,121.3,0.00571,0.422,0.292286906
1554788467405,56.296,121.3,0.00571,0.422,0.292286906
1554788467468,56.359,121.2,0.0057,0.421,0.29084364
1554788467514,56.405,121.2,0.0057,0.421,0.29084364
1554788467560,56.451,121.2,0.0057,0.421,0.29084364
1554788467606,56.497,121.2,0.0057,0.421,0.29084364
1554788467667,56.558,121.2,0.00572,0.422,0.292557408
1554788467712,56.604,121.2,0.00572,0.422,0.292557408
1554788467759,56.65,121.2,0.00572,0.422,0.292557408
1554788467805,56.696,121.2,0.00572,0.422,0.292557408
1554788467867,56.758,121.2,0.00574,0.421,0.292884648
1554788467913,56.804,121.2,0.00574,0.421,0.292884648
1554788467960,56.852,121.2,0.00574,0.421,0.292884648
1554788468007,56.898,121.2,0.00574,0.421,0.292884648
1554788468068,56.959,121.3,0.00574,0.421,0.293126302
1554788468114,57.005,121.3,0.00574,0.421,0.293126302
1554788468160,57.051,121.3,0.00574,0.421,0.293126302
1554788468206,57.097,121.3,0.00574,0.421,0.293126302
1554788468267,57.158,121.3,0.00575,0.417,0.290847075
1554788468313,57.204,121.3,0.00575,0.417,0.290847075
1554788468359,57.251,121.3,0.00575,0.417,0.290847075
1554788468405,57.296,121.3,0.00575,0.417,0.290847075
1554788468468,57.359,121.2,0.00571,0.417,0.288585684
1554788468514,57.405,121.2,0.00571,0.417,0.288585684
1554788468560,57.451,121.2,0.00571,0.417,0.288585684
1554788468606,57.497,121.2,0.00571,0.417,0.288585684
1554788468667,57.558,121.2,0.00572,0.422,0.292557408
1554788468713,57.604,121.2,0.00572,0.422,0.292557408
1554788468759,57.651,121.2,0.00572,0.422,0.292557408
1554788468806,57.697,121.2,0.00572,0.422,0.292557408
1554788468867,57.758,121.2,0.00568,0.423,0.291199968
1554788468912,57.804,121.2,0.00568,0.423,0.291199968
1554788468959,57.85,121.2,0.00568,0.423,0.291199968
1554788469005,57.896,121.2,0.00568,0.423,0.291199968
1554788469067,57.958,121.2,0.00569,0.423,0.291712644
1554788469113,58.004,121.2,0.00569,0.423,0.291712644
1554788469159,58.05,121.2,0.00569,0.423,0.291712644
1554788469205,58.097,121.2,0.00569,0.423,0.291712644
1554788469267,58.158,121.2,0.00568,0.422,0.290511552
1554788469313,58.204,121.2,0.00568,0.422,0.290511552
1554788469360,58.251,121.2,0.00568,0.422,0.290511552
1554788469406,58.297,121.2,0.00568,0.422,0.290511552
1554788469467,58.358,121.2,0.00565,0.421,0.28829238
1554788469513,58.404,121.2,0.00565,0.421,0.28829238
1554788469559,58.45,121.2,0.00565,0.421,0.28829238
1554788469605,58.496,121.2,0.00565,0.421,0.28829238
1554788469667,58.558,121.2,0.00567,0.42,0.28862568
1554788469713,58.604,121.2,0.00567,0.42,0.28862568
1554788469759,58.65,121.2,0.00567,0.42,0.28862568
1554788469805,58.697,121.2,0.00567,0.42,0.28862568
1554788469867,58.758,121.1,0.00563,0.422,0.287716646
1554788469912,58.803,121.1,0.00563,0.422,0.287716646
1554788469958,58.85,121.1,0.00563,0.422,0.287716646
1554788470005,58.896,121.1,0.00563,0.422,0.287716646
1554788470067,58.958,121.2,0.00565,0.422,0.28897716
1554788470113,59.004,121.2,0.00565,0.422,0.28897716
1554788470159,59.05,121.2,0.00565,0.422,0.28897716
1554788470205,59.096,121.2,0.00565,0.422,0.28897716
1554788470267,59.158,121.2,0.00567,0.421,0.289312884
1554788470313,59.204,121.2,0.00567,0.421,0.289312884
1554788470359,59.25,121.2,0.00567,0.421,0.289312884
1554788470404,59.296,121.2,0.00567,0.421,0.289312884
1554788470467,59.358,121.2,0.00565,0.422,0.28897716
1554788470513,59.404,121.2,0.00565,0.422,0.28897716
1554788470559,59.45,121.2,0.00565,0.422,0.28897716
1554788470605,59.496,121.2,0.00565,0.422,0.28897716
1554788470667,59.558,121.2,0.00567,0.422,0.290000088
1554788470713,59.604,121.2,0.00567,0.422,0.290000088
1554788470759,59.651,121.2,0.00567,0.422,0.290000088
1554788470805,59.697,121.2,0.00567,0.422,0.290000088
1554788470867,59.758,121.2,0.00574,0.418,0.290797584
1554788470912,59.803,121.2,0.00574,0.418,0.290797584
1554788470958,59.849,121.2,0.00574,0.418,0.290797584
1554788471004,59.895,121.2,0.00574,0.418,0.290797584
1554788471067,59.958,121.2,0.00573,0.421,0.292374396
1554788471112,60.003,121.2,0.00573,0.421,0.292374396
1554788471158,60.049,121.2,0.00573,0.421,0.292374396
1554788471204,60.096,121.2,0.00573,0.421,0.292374396
1554788471267,60.158,121.2,0.0057,0.421,0.29084364
1554788471313,60.204,121.2,0.0057,0.421,0.29084364
1554788471359,60.25,121.2,0.0057,0.421,0.29084364
1554788471405,60.297,121.2,0.0057,0.421,0.29084364
1554788471467,60.358,121.2,0.00569,0.422,0.291023016
1554788471512,60.403,121.2,0.00569,0.422,0.291023016
1554788471559,60.45,121.2,0.00569,0.422,0.291023016
1554788471605,60.496,121.2,0.00569,0.422,0.291023016
1554788471667,60.558,121.2,0.00571,0.42,0.29066184
1554788471713,60.604,121.2,0.00571,0.42,0.29066184
1554788471759,60.65,121.2,0.00571,0.42,0.29066184
1554788471805,60.697,121.2,0.00571,0.42,0.29066184
1554788471867,60.758,121.2,0.00574,0.422,0.293580336
1554788471913,60.804,121.2,0.00574,0.422,0.293580336
1554788471959,60.85,121.2,0.00574,0.422,0.293580336
1554788472005,60.896,121.2,0.00574,0.422,0.293580336
1554788472066,60.957,121.3,0.00576,0.42,0.29344896
1554788472112,61.003,121.3,0.00576,0.42,0.29344896
1554788472158,61.049,121.3,0.00576,0.42,0.29344896
1554788472204,61.096,121.3,0.00576,0.42,0.29344896
1554788472267,61.158,121.3,0.00574,0.421,0.293126302
1554788472313,61.204,121.3,0.00574,0.421,0.293126302
1554788472359,61.25,121.3,0.00574,0.421,0.293126302
1554788472405,61.297,121.3,0.00574,0.421,0.293126302
1554788472467,61.358,121.2,0.00569,0.421,0.290333388
1554788472513,61.404,121.2,0.00569,0.421,0.290333388
1554788472559,61.45,121.2,0.00569,0.421,0.290333388
1554788472605,61.496,121.2,0.00569,0.421,0.290333388
1554788472666,61.557,121.2,0.00569,0.421,0.290333388
1554788472712,61.603,121.2,0.00569,0.421,0.290333388
1554788472758,61.649,121.2,0.00569,0.421,0.290333388
1554788472804,61.695,121.2,0.00569,0.421,0.290333388
1554788472867,61.758,121.2,0.00569,0.424,0.292402272
1554788472913,61.804,121.2,0.00569,0.424,0.292402272
1554788472959,61.85,121.2,0.00569,0.424,0.292402272
1554788473005,61.896,121.2,0.00569,0.424,0.292402272
1554788473066,61.957,121.2,0.00568,0.422,0.290511552
1554788473112,62.003,121.2,0.00568,0.422,0.290511552
1554788473158,62.049,121.2,0.00568,0.422,0.290511552
1554788473204,62.096,121.2,0.00568,0.422,0.290511552
1554788473267,62.158,121.2,0.00568,0.42,0.28913472
1554788473313,62.204,121.2,0.00568,0.42,0.28913472
1554788473359,62.25,121.2,0.00568,0.42,0.28913472
1554788473405,62.296,121.2,0.00568,0.42,0.28913472
1554788473467,62.358,121.2,0.00569,0.421,0.290333388
1554788473512,62.403,121.2,0.00569,0.421,0.290333388
1554788473558,62.449,121.2,0.00569,0.421,0.290333388
1554788473604,62.495,121.2,0.00569,0.421,0.290333388
1554788473667,62.558,121.2,0.00569,0.417,0.287574876
1554788473713,62.604,121.2,0.00569,0.417,0.287574876
1554788473759,62.65,121.2,0.00569,0.417,0.287574876
1554788473805,62.697,121.2,0.00569,0.417,0.287574876
1554788473866,62.758,121.2,0.00565,0.419,0.28692282
1554788473913,62.804,121.2,0.00565,0.419,0.28692282
1554788473958,62.85,121.2,0.00565,0.419,0.28692282
1554788474005,62.896,121.2,0.00565,0.419,0.28692282
1554788474067,62.958,121.2,0.00564,0.422,0.288465696
1554788474113,63.004,121.2,0.00564,0.422,0.288465696
1554788474159,63.05,121.2,0.00564,0.422,0.288465696
1554788474205,63.096,121.2,0.00564,0.422,0.288465696
1554788474266,63.157,121.2,0.00565,0.421,0.28829238
1554788474312,63.203,121.2,0.00565,0.421,0.28829238
1554788474358,63.249,121.2,0.00565,0.421,0.28829238
1554788474404,63.295,121.2,0.00565,0.421,0.28829238
1554788474467,63.358,121.2,0.00562,0.424,0.288805056
1554788474513,63.404,121.2,0.00562,0.424,0.288805056
1554788474559,63.45,121.2,0.00562,0.424,0.288805056
1554788474605,63.496,121.2,0.00562,0.424,0.288805056
1554788474666,63.557,121.2,0.00565,0.421,0.28829238
1554788474712,63.603,121.2,0.00565,0.421,0.28829238
1554788474758,63.649,121.2,0.00565,0.421,0.28829238
1554788474805,63.696,121.2,0.00565,0.421,0.28829238
1554788474867,63.758,121.2,0.00563,0.423,0.288636588
1554788474913,63.804,121.2,0.00563,0.423,0.288636588
1554788474959,63.85,121.2,0.00563,0.423,0.288636588
1554788475005,63.897,121.2,0.00563,0.423,0.288636588
1554788475067,63.958,121.2,0.00568,0.425,0.2925768
1554788475113,64.004,121.2,0.00568,0.425,0.2925768
1554788475159,64.05,121.2,0.00568,0.425,0.2925768
1554788475205,64.096,121.2,0.00568,0.425,0.2925768
1554788475266,64.157,121.2,0.00568,0.423,0.291199968
1554788475312,64.203,121.2,0.00568,0.423,0.291199968
1554788475358,64.249,121.2,0.00568,0.423,0.291199968
1554788475405,64.296,121.2,0.00568,0.423,0.291199968
1554788475467,64.358,121.2,0.00569,0.423,0.291712644
1554788475513,64.404,121.2,0.00569,0.423,0.291712644
1554788475559,64.45,121.2,0.00569,0.423,0.291712644
1554788475605,64.496,121.2,0.00569,0.423,0.291712644
1554788475666,64.557,121.2,0.00573,0.421,0.292374396
1554788475713,64.604,121.2,0.00573,0.421,0.292374396
1554788475759,64.65,121.2,0.00573,0.421,0.292374396
1554788475805,64.696,121.2,0.00573,0.421,0.292374396
1554788475866,64.757,121.2,0.00578,0.424,0.297027264
1554788475912,64.803,121.2,0.00578,0.424,0.297027264
1554788475958,64.849,121.2,0.00578,0.424,0.297027264
1554788476004,64.895,121.2,0.00578,0.424,0.297027264
1554788476066,64.957,121.3,0.00631,0.43,0.32912329
1554788476113,65.004,121.3,0.00631,0.43,0.32912329
1554788476159,65.05,121.3,0.00631,0.43,0.32912329
1554788476205,65.096,121.3,0.00631,0.43,0.32912329
1554788476266,65.157,121.3,0.00633,0.429,0.329398641
1554788476312,65.203,121.3,0.00633,0.429,0.329398641
1554788476358,65.249,121.3,0.00633,0.429,0.329398641
1554788476404,65.295,121.3,0.00633,0.429,0.329398641
1554788476466,65.358,121.3,0.00629,0.426,0.325028202
1554788476512,65.404,121.3,0.00629,0.426,0.325028202
1554788476558,65.449,121.3,0.00629,0.426,0.325028202
1554788476605,65.496,121.3,0.00629,0.426,0.325028202
1554788476666,65.557,121.2,0.00629,0.426,0.324760248
1554788476712,65.603,121.2,0.00629,0.426,0.324760248
1554788476758,65.649,121.2,0.00629,0.426,0.324760248
1554788476804,65.695,121.2,0.00629,0.426,0.324760248
1554788476866,65.757,121.2,0.00627,0.429,0.326007396
1554788476912,65.803,121.2,0.00627,0.429,0.326007396
1554788476958,65.849,121.2,0.00627,0.429,0.326007396
1554788477005,65.896,121.2,0.00627,0.429,0.326007396
1554788477067,65.958,121.2,0.0062,0.427,0.32086488
1554788477113,66.004,121.2,0.0062,0.427,0.32086488
1554788477159,66.05,121.2,0.0062,0.427,0.32086488
1554788477206,66.097,121.2,0.0062,0.427,0.32086488
You pressed Ctrl+C!
