# Mon Apr 08 20:14:45 2019
abstime,time_stamp,volt,curr,pf,mul
1554779685642,0.08,121.3,0.00603,0.427,0.312324453
1554779685689,0.127,121.3,0.00603,0.427,0.312324453
1554779685734,0.172,121.3,0.00577,0.418,0.292558618
1554779685780,0.218,121.3,0.00577,0.418,0.292558618
1554779685826,0.264,121.3,0.00577,0.418,0.292558618
1554779685871,0.309,121.3,0.00577,0.418,0.292558618
1554779685917,0.355,121.3,0.00579,0.417,0.292870359
1554779685963,0.401,121.3,0.00579,0.417,0.292870359
1554779686008,0.446,121.3,0.00579,0.417,0.292870359
1554779686054,0.492,121.3,0.00579,0.417,0.292870359
1554779686115,0.553,121.4,0.00579,0.416,0.292408896
1554779686161,0.599,121.4,0.00579,0.416,0.292408896
1554779686207,0.645,121.4,0.00579,0.416,0.292408896
1554779686253,0.691,121.4,0.00579,0.416,0.292408896
1554779686316,0.754,121.4,0.00574,0.417,0.290580612
1554779686362,0.8,121.4,0.00574,0.417,0.290580612
1554779686408,0.846,121.4,0.00574,0.417,0.290580612
1554779686454,0.892,121.4,0.00574,0.417,0.290580612
1554779686515,0.953,121.4,0.00573,0.419,0.291465618
1554779686561,0.999,121.4,0.00573,0.419,0.291465618
1554779686607,1.045,121.4,0.00573,0.419,0.291465618
1554779686653,1.091,121.4,0.00573,0.419,0.291465618
1554779686716,1.154,121.4,0.00574,0.416,0.289883776
1554779686762,1.2,121.4,0.00574,0.416,0.289883776
1554779686808,1.246,121.4,0.00574,0.416,0.289883776
1554779686854,1.292,121.4,0.00574,0.416,0.289883776
1554779686915,1.353,121.3,0.00574,0.416,0.289644992
1554779686961,1.399,121.3,0.00574,0.416,0.289644992
1554779687007,1.445,121.3,0.00574,0.416,0.289644992
1554779687053,1.492,121.3,0.00574,0.416,0.289644992
1554779687115,1.553,121.4,0.00573,0.42,0.29216124
1554779687161,1.599,121.4,0.00573,0.42,0.29216124
1554779687207,1.645,121.4,0.00573,0.42,0.29216124
1554779687253,1.691,121.4,0.00573,0.42,0.29216124
1554779687315,1.753,121.4,0.00571,0.423,0.293221062
1554779687361,1.799,121.4,0.00571,0.423,0.293221062
1554779687407,1.845,121.4,0.00571,0.423,0.293221062
1554779687453,1.891,121.4,0.00571,0.423,0.293221062
1554779687515,1.953,121.3,0.0057,0.421,0.29108361
1554779687561,1.999,121.3,0.0057,0.421,0.29108361
1554779687607,2.045,121.3,0.0057,0.421,0.29108361
1554779687653,2.091,121.3,0.0057,0.421,0.29108361
1554779687715,2.153,121.3,0.00572,0.42,0.29141112
1554779687762,2.2,121.3,0.00572,0.42,0.29141112
1554779687808,2.246,121.3,0.00572,0.42,0.29141112
1554779687854,2.292,121.3,0.00572,0.42,0.29141112
1554779687915,2.353,121.3,0.00579,0.421,0.295679667
1554779687961,2.399,121.3,0.00579,0.421,0.295679667
1554779688007,2.445,121.3,0.00579,0.421,0.295679667
1554779688053,2.491,121.3,0.00579,0.421,0.295679667
1554779688115,2.553,121.3,0.00576,0.422,0.294846336
1554779688162,2.6,121.3,0.00576,0.422,0.294846336
1554779688208,2.646,121.3,0.00576,0.422,0.294846336
1554779688254,2.692,121.3,0.00576,0.422,0.294846336
1554779688315,2.753,121.3,0.00576,0.421,0.294147648
1554779688361,2.799,121.3,0.00576,0.421,0.294147648
1554779688407,2.845,121.3,0.00576,0.421,0.294147648
1554779688453,2.891,121.3,0.00576,0.421,0.294147648
1554779688514,2.952,121.3,0.00581,0.421,0.296701013
1554779688560,2.998,121.3,0.00581,0.421,0.296701013
1554779688606,3.044,121.3,0.00581,0.421,0.296701013
1554779688652,3.09,121.3,0.00581,0.421,0.296701013
1554779688715,3.153,121.3,0.00587,0.419,0.298340989
1554779688760,3.198,121.3,0.00587,0.419,0.298340989
1554779688807,3.245,121.3,0.00587,0.419,0.298340989
1554779688853,3.291,121.3,0.00587,0.419,0.298340989
1554779688915,3.353,121.3,0.00582,0.417,0.294387822
1554779688961,3.399,121.3,0.00582,0.417,0.294387822
1554779689007,3.445,121.3,0.00582,0.417,0.294387822
1554779689053,3.491,121.3,0.00582,0.417,0.294387822
1554779689114,3.552,121.3,0.00577,0.422,0.295358222
1554779689160,3.598,121.3,0.00577,0.422,0.295358222
1554779689206,3.644,121.3,0.00577,0.422,0.295358222
1554779689252,3.69,121.3,0.00577,0.422,0.295358222
1554779689315,3.753,121.3,0.00574,0.423,0.294518826
1554779689361,3.799,121.3,0.00574,0.423,0.294518826
1554779689407,3.845,121.3,0.00574,0.423,0.294518826
1554779689453,3.891,121.3,0.00574,0.423,0.294518826
1554779689514,3.952,121.3,0.00572,0.423,0.293492628
1554779689560,3.998,121.3,0.00572,0.423,0.293492628
1554779689606,4.044,121.3,0.00572,0.423,0.293492628
1554779689653,4.091,121.3,0.00572,0.423,0.293492628
1554779689715,4.153,121.3,0.00573,0.421,0.292615629
1554779689761,4.199,121.3,0.00573,0.421,0.292615629
1554779689807,4.245,121.3,0.00573,0.421,0.292615629
1554779689853,4.291,121.3,0.00573,0.421,0.292615629
1554779689915,4.353,121.3,0.00572,0.421,0.292104956
1554779689961,4.399,121.3,0.00572,0.421,0.292104956
1554779690007,4.445,121.3,0.00572,0.421,0.292104956
1554779690054,4.492,121.3,0.00572,0.421,0.292104956
1554779690114,4.553,121.3,0.00575,0.421,0.293636975
1554779690161,4.599,121.3,0.00575,0.421,0.293636975
1554779690207,4.645,121.3,0.00575,0.421,0.293636975
1554779690253,4.691,121.3,0.00575,0.421,0.293636975
1554779690315,4.753,121.4,0.00571,0.419,0.290448286
1554779690362,4.8,121.4,0.00571,0.419,0.290448286
1554779690408,4.846,121.4,0.00571,0.419,0.290448286
1554779690454,4.892,121.4,0.00571,0.419,0.290448286
1554779690515,4.953,121.4,0.00571,0.42,0.29114148
1554779690561,4.999,121.4,0.00571,0.42,0.29114148
1554779690607,5.045,121.4,0.00571,0.42,0.29114148
1554779690653,5.091,121.4,0.00571,0.42,0.29114148
1554779690714,5.152,121.4,0.00569,0.42,0.29012172
1554779690760,5.198,121.4,0.00569,0.42,0.29012172
1554779690806,5.244,121.4,0.00569,0.42,0.29012172
1554779690852,5.29,121.4,0.00569,0.42,0.29012172
1554779690915,5.353,121.3,0.0057,0.42,0.2903922
1554779690961,5.399,121.3,0.0057,0.42,0.2903922
1554779691007,5.445,121.3,0.0057,0.42,0.2903922
1554779691054,5.492,121.3,0.0057,0.42,0.2903922
1554779691115,5.553,121.3,0.0057,0.422,0.29177502
1554779691161,5.599,121.3,0.0057,0.422,0.29177502
1554779691207,5.645,121.3,0.0057,0.422,0.29177502
1554779691253,5.691,121.3,0.0057,0.422,0.29177502
1554779691314,5.752,121.4,0.00573,0.422,0.293552484
1554779691360,5.798,121.4,0.00573,0.422,0.293552484
1554779691406,5.844,121.4,0.00573,0.422,0.293552484
1554779691452,5.89,121.4,0.00573,0.422,0.293552484
1554779691515,5.953,121.4,0.00575,0.419,0.29248295
1554779691561,5.999,121.4,0.00575,0.419,0.29248295
1554779691607,6.045,121.4,0.00575,0.419,0.29248295
1554779691653,6.091,121.4,0.00575,0.419,0.29248295
1554779691714,6.152,121.4,0.00574,0.418,0.291277448
1554779691760,6.198,121.4,0.00574,0.418,0.291277448
1554779691806,6.244,121.4,0.00574,0.418,0.291277448
1554779691852,6.29,121.4,0.00574,0.418,0.291277448
1554779691915,6.353,121.3,0.00573,0.42,0.29192058
1554779691961,6.399,121.3,0.00573,0.42,0.29192058
1554779692007,6.445,121.3,0.00573,0.42,0.29192058
1554779692053,6.491,121.3,0.00573,0.42,0.29192058
1554779692114,6.552,121.3,0.00577,0.42,0.29395842
1554779692160,6.599,121.3,0.00577,0.42,0.29395842
1554779692206,6.644,121.3,0.00577,0.42,0.29395842
1554779692252,6.691,121.3,0.00577,0.42,0.29395842
1554779692315,6.753,121.3,0.00578,0.42,0.29446788
1554779692361,6.799,121.3,0.00578,0.42,0.29446788
1554779692407,6.845,121.3,0.00578,0.42,0.29446788
1554779692453,6.891,121.3,0.00578,0.42,0.29446788
1554779692514,6.952,121.3,0.00575,0.419,0.292242025
1554779692560,6.998,121.3,0.00575,0.419,0.292242025
1554779692606,7.045,121.3,0.00575,0.419,0.292242025
1554779692653,7.091,121.3,0.00575,0.419,0.292242025
1554779692715,7.153,121.3,0.00578,0.42,0.29446788
1554779692761,7.199,121.3,0.00578,0.42,0.29446788
1554779692807,7.245,121.3,0.00578,0.42,0.29446788
1554779692853,7.292,121.3,0.00578,0.42,0.29446788
1554779692915,7.353,121.3,0.00581,0.418,0.294586754
1554779692961,7.399,121.3,0.00581,0.418,0.294586754
1554779693007,7.445,121.3,0.00581,0.418,0.294586754
1554779693053,7.491,121.3,0.00581,0.418,0.294586754
1554779693114,7.552,121.3,0.00578,0.421,0.295168994
1554779693160,7.598,121.3,0.00578,0.421,0.295168994
1554779693206,7.644,121.3,0.00578,0.421,0.295168994
1554779693252,7.69,121.3,0.00578,0.421,0.295168994
1554779693315,7.753,121.3,0.00576,0.42,0.29344896
1554779693361,7.799,121.3,0.00576,0.42,0.29344896
1554779693407,7.845,121.3,0.00576,0.42,0.29344896
1554779693453,7.891,121.3,0.00576,0.42,0.29344896
1554779693514,7.952,121.3,0.00572,0.42,0.29141112
1554779693560,7.998,121.3,0.00572,0.42,0.29141112
1554779693607,8.045,121.3,0.00572,0.42,0.29141112
1554779693652,8.09,121.3,0.00572,0.42,0.29141112
1554779693715,8.153,121.3,0.00568,0.421,0.290062264
1554779693761,8.199,121.3,0.00568,0.421,0.290062264
1554779693807,8.245,121.3,0.00568,0.421,0.290062264
1554779693853,8.291,121.3,0.00568,0.421,0.290062264
1554779693914,8.352,121.3,0.00573,0.417,0.289835433
1554779693960,8.398,121.3,0.00573,0.417,0.289835433
1554779694007,8.445,121.3,0.00573,0.417,0.289835433
1554779694053,8.491,121.3,0.00573,0.417,0.289835433
1554779694114,8.552,121.3,0.00574,0.42,0.29243004
1554779694160,8.598,121.3,0.00574,0.42,0.29243004
1554779694206,8.644,121.3,0.00574,0.42,0.29243004
1554779694252,8.69,121.3,0.00574,0.42,0.29243004
1554779694314,8.752,121.4,0.0057,0.425,0.2940915
1554779694360,8.798,121.4,0.0057,0.425,0.2940915
1554779694406,8.844,121.4,0.0057,0.425,0.2940915
1554779694452,8.89,121.4,0.0057,0.425,0.2940915
1554779694514,8.952,121.4,0.00573,0.419,0.291465618
1554779694560,8.998,121.4,0.00573,0.419,0.291465618
1554779694606,9.044,121.4,0.00573,0.419,0.291465618
1554779694652,9.09,121.4,0.00573,0.419,0.291465618
1554779694714,9.152,121.4,0.0057,0.418,0.28924764
1554779694760,9.198,121.4,0.0057,0.418,0.28924764
1554779694806,9.244,121.4,0.0057,0.418,0.28924764
1554779694853,9.291,121.4,0.0057,0.418,0.28924764
1554779694914,9.352,121.4,0.0057,0.421,0.29132358
1554779694960,9.398,121.4,0.0057,0.421,0.29132358
1554779695006,9.444,121.4,0.0057,0.421,0.29132358
1554779695052,9.49,121.4,0.0057,0.421,0.29132358
1554779695114,9.552,121.3,0.00568,0.423,0.291440232
1554779695160,9.598,121.3,0.00568,0.423,0.291440232
1554779695206,9.644,121.3,0.00568,0.423,0.291440232
1554779695253,9.691,121.3,0.00568,0.423,0.291440232
1554779695314,9.752,121.4,0.00572,0.422,0.293040176
1554779695359,9.797,121.4,0.00572,0.422,0.293040176
1554779695406,9.844,121.4,0.00572,0.422,0.293040176
1554779695452,9.89,121.4,0.00572,0.422,0.293040176
1554779695514,9.952,121.4,0.00567,0.422,0.290478636
1554779695560,9.998,121.4,0.00567,0.422,0.290478636
1554779695606,10.044,121.4,0.00567,0.422,0.290478636
1554779695652,10.09,121.4,0.00567,0.422,0.290478636
1554779695714,10.152,121.4,0.00572,0.423,0.293734584
1554779695760,10.198,121.4,0.00572,0.423,0.293734584
1554779695806,10.244,121.4,0.00572,0.423,0.293734584
1554779695852,10.29,121.4,0.00572,0.423,0.293734584
1554779695914,10.352,121.3,0.00568,0.423,0.291440232
1554779695960,10.398,121.3,0.00568,0.423,0.291440232
1554779696006,10.444,121.3,0.00568,0.423,0.291440232
1554779696053,10.491,121.3,0.00568,0.423,0.291440232
1554779696114,10.552,121.3,0.00571,0.423,0.292979529
1554779696159,10.597,121.3,0.00571,0.423,0.292979529
1554779696206,10.644,121.3,0.00571,0.423,0.292979529
1554779696252,10.69,121.3,0.00571,0.423,0.292979529
1554779696314,10.752,121.3,0.00575,0.423,0.295031925
1554779696360,10.798,121.3,0.00575,0.423,0.295031925
1554779696406,10.844,121.3,0.00575,0.423,0.295031925
1554779696453,10.891,121.3,0.00575,0.423,0.295031925
1554779696513,10.951,121.3,0.0057,0.424,0.29315784
1554779696559,10.997,121.3,0.0057,0.424,0.29315784
1554779696606,11.044,121.3,0.0057,0.424,0.29315784
1554779696652,11.09,121.3,0.0057,0.424,0.29315784
1554779696714,11.152,121.3,0.00571,0.422,0.292286906
1554779696760,11.198,121.3,0.00571,0.422,0.292286906
1554779696806,11.244,121.3,0.00571,0.422,0.292286906
1554779696852,11.29,121.3,0.00571,0.422,0.292286906
1554779696914,11.352,121.3,0.00575,0.421,0.293636975
1554779696961,11.399,121.3,0.00575,0.421,0.293636975
1554779697007,11.445,121.3,0.00575,0.421,0.293636975
1554779697053,11.491,121.3,0.00575,0.421,0.293636975
1554779697114,11.552,121.3,0.00573,0.423,0.294005727
1554779697160,11.598,121.3,0.00573,0.423,0.294005727
1554779697206,11.644,121.3,0.00573,0.423,0.294005727
1554779697252,11.69,121.3,0.00573,0.423,0.294005727
1554779697314,11.752,121.3,0.00575,0.421,0.293636975
1554779697361,11.799,121.3,0.00575,0.421,0.293636975
1554779697407,11.845,121.3,0.00575,0.421,0.293636975
1554779697453,11.891,121.3,0.00575,0.421,0.293636975
1554779697514,11.952,121.3,0.00577,0.421,0.294658321
1554779697562,12.0,121.3,0.00577,0.421,0.294658321
1554779697608,12.046,121.3,0.00577,0.421,0.294658321
1554779697654,12.092,121.3,0.00577,0.421,0.294658321
1554779697714,12.152,121.3,0.00569,0.419,0.289192543
1554779697760,12.198,121.3,0.00569,0.419,0.289192543
1554779697806,12.244,121.3,0.00569,0.419,0.289192543
1554779697852,12.29,121.3,0.00569,0.419,0.289192543
1554779697914,12.352,121.3,0.00571,0.422,0.292286906
1554779697960,12.398,121.3,0.00571,0.422,0.292286906
1554779698006,12.444,121.3,0.00571,0.422,0.292286906
1554779698052,12.49,121.3,0.00571,0.422,0.292286906
1554779698114,12.552,121.3,0.00571,0.419,0.290209037
1554779698160,12.598,121.3,0.00571,0.419,0.290209037
1554779698206,12.644,121.3,0.00571,0.419,0.290209037
1554779698252,12.691,121.3,0.00571,0.419,0.290209037
1554779698314,12.752,121.4,0.00569,0.421,0.290812486
1554779698360,12.798,121.4,0.00569,0.421,0.290812486
1554779698406,12.844,121.4,0.00569,0.421,0.290812486
1554779698452,12.89,121.4,0.00569,0.421,0.290812486
1554779698514,12.952,121.4,0.00567,0.421,0.289790298
1554779698560,12.998,121.4,0.00567,0.421,0.289790298
1554779698606,13.044,121.4,0.00567,0.421,0.289790298
1554779698652,13.091,121.4,0.00567,0.421,0.289790298
1554779698714,13.152,121.4,0.00565,0.419,0.28739629
1554779698759,13.198,121.4,0.00565,0.419,0.28739629
1554779698806,13.244,121.4,0.00565,0.419,0.28739629
1554779698852,13.29,121.4,0.00565,0.419,0.28739629
1554779698914,13.352,121.4,0.0057,0.419,0.28993962
1554779698960,13.398,121.4,0.0057,0.419,0.28993962
1554779699006,13.444,121.4,0.0057,0.419,0.28993962
1554779699052,13.49,121.4,0.0057,0.419,0.28993962
1554779699114,13.552,121.4,0.00569,0.421,0.290812486
1554779699160,13.598,121.4,0.00569,0.421,0.290812486
1554779699206,13.644,121.4,0.00569,0.421,0.290812486
1554779699252,13.69,121.4,0.00569,0.421,0.290812486
1554779699315,13.753,121.4,0.00571,0.419,0.290448286
1554779699361,13.799,121.4,0.00571,0.419,0.290448286
1554779699407,13.845,121.4,0.00571,0.419,0.290448286
1554779699453,13.891,121.4,0.00571,0.419,0.290448286
1554779699514,13.952,121.4,0.00575,0.419,0.29248295
1554779699560,13.998,121.4,0.00575,0.419,0.29248295
1554779699606,14.044,121.4,0.00575,0.419,0.29248295
1554779699652,14.09,121.4,0.00575,0.419,0.29248295
1554779699714,14.152,121.4,0.00571,0.421,0.291834674
1554779699761,14.199,121.4,0.00571,0.421,0.291834674
1554779699807,14.245,121.4,0.00571,0.421,0.291834674
1554779699853,14.291,121.4,0.00571,0.421,0.291834674
1554779699914,14.352,121.4,0.00574,0.421,0.293367956
1554779699960,14.398,121.4,0.00574,0.421,0.293367956
1554779700006,14.444,121.4,0.00574,0.421,0.293367956
1554779700053,14.491,121.4,0.00574,0.421,0.293367956
1554779700114,14.552,121.3,0.00577,0.421,0.294658321
1554779700160,14.598,121.3,0.00577,0.421,0.294658321
1554779700206,14.644,121.3,0.00577,0.421,0.294658321
1554779700252,14.69,121.3,0.00577,0.421,0.294658321
1554779700314,14.752,121.3,0.00579,0.416,0.292168032
1554779700360,14.798,121.3,0.00579,0.416,0.292168032
1554779700407,14.845,121.3,0.00579,0.416,0.292168032
1554779700453,14.891,121.3,0.00579,0.416,0.292168032
1554779700514,14.952,121.3,0.00581,0.418,0.294586754
1554779700560,14.998,121.3,0.00581,0.418,0.294586754
1554779700607,15.045,121.3,0.00581,0.418,0.294586754
1554779700653,15.091,121.3,0.00581,0.418,0.294586754
1554779700714,15.152,121.3,0.00576,0.419,0.292750272
1554779700760,15.198,121.3,0.00576,0.419,0.292750272
1554779700806,15.244,121.3,0.00576,0.419,0.292750272
1554779700853,15.291,121.3,0.00576,0.419,0.292750272
1554779700914,15.352,121.3,0.00573,0.421,0.292615629
1554779700960,15.398,121.3,0.00573,0.421,0.292615629
1554779701006,15.444,121.3,0.00573,0.421,0.292615629
1554779701052,15.49,121.3,0.00573,0.421,0.292615629
1554779701114,15.552,121.3,0.00574,0.423,0.294518826
1554779701160,15.598,121.3,0.00574,0.423,0.294518826
1554779701206,15.644,121.3,0.00574,0.423,0.294518826
1554779701252,15.69,121.3,0.00574,0.423,0.294518826
1554779701313,15.751,121.3,0.00573,0.422,0.293310678
1554779701359,15.797,121.3,0.00573,0.422,0.293310678
1554779701405,15.843,121.3,0.00573,0.422,0.293310678
1554779701452,15.89,121.3,0.00573,0.422,0.293310678
1554779701513,15.951,121.3,0.00573,0.423,0.294005727
1554779701559,15.997,121.3,0.00573,0.423,0.294005727
1554779701605,16.043,121.3,0.00573,0.423,0.294005727
1554779701651,16.089,121.3,0.00573,0.423,0.294005727
1554779701713,16.151,121.3,0.00571,0.424,0.293672152
1554779701759,16.197,121.3,0.00571,0.424,0.293672152
1554779701806,16.244,121.3,0.00571,0.424,0.293672152
1554779701852,16.29,121.3,0.00571,0.424,0.293672152
1554779701913,16.351,121.3,0.00569,0.42,0.28988274
1554779701959,16.397,121.3,0.00569,0.42,0.28988274
1554779702005,16.443,121.3,0.00569,0.42,0.28988274
1554779702051,16.489,121.3,0.00569,0.42,0.28988274
1554779702113,16.551,121.3,0.0057,0.421,0.29108361
1554779702160,16.598,121.3,0.0057,0.421,0.29108361
1554779702206,16.644,121.3,0.0057,0.421,0.29108361
1554779702252,16.69,121.3,0.0057,0.421,0.29108361
1554779702313,16.751,121.3,0.0057,0.424,0.29315784
1554779702359,16.797,121.3,0.0057,0.424,0.29315784
1554779702405,16.843,121.3,0.0057,0.424,0.29315784
1554779702451,16.889,121.3,0.0057,0.424,0.29315784
1554779702513,16.951,121.3,0.0057,0.422,0.29177502
1554779702560,16.998,121.3,0.0057,0.422,0.29177502
1554779702606,17.044,121.3,0.0057,0.422,0.29177502
1554779702652,17.09,121.3,0.0057,0.422,0.29177502
1554779702713,17.151,121.3,0.00561,0.421,0.286487553
1554779702759,17.197,121.3,0.00561,0.421,0.286487553
1554779702805,17.243,121.3,0.00561,0.421,0.286487553
1554779702851,17.289,121.3,0.00561,0.421,0.286487553
1554779702913,17.351,121.3,0.00566,0.422,0.289727476
1554779702959,17.397,121.3,0.00566,0.422,0.289727476
1554779703006,17.444,121.3,0.00566,0.422,0.289727476
1554779703052,17.49,121.3,0.00566,0.422,0.289727476
1554779703113,17.551,121.3,0.0057,0.42,0.2903922
1554779703159,17.597,121.3,0.0057,0.42,0.2903922
1554779703205,17.643,121.3,0.0057,0.42,0.2903922
1554779703251,17.689,121.3,0.0057,0.42,0.2903922
1554779703313,17.751,121.4,0.00574,0.419,0.291974284
1554779703359,17.797,121.4,0.00574,0.419,0.291974284
1554779703405,17.844,121.4,0.00574,0.419,0.291974284
1554779703452,17.89,121.4,0.00574,0.419,0.291974284
1554779703513,17.951,121.4,0.00572,0.418,0.290262544
1554779703559,17.997,121.4,0.00572,0.418,0.290262544
1554779703605,18.043,121.4,0.00572,0.418,0.290262544
1554779703651,18.089,121.4,0.00572,0.418,0.290262544
1554779703713,18.152,121.3,0.00573,0.421,0.292615629
1554779703760,18.198,121.3,0.00573,0.421,0.292615629
1554779703806,18.244,121.3,0.00573,0.421,0.292615629
1554779703852,18.29,121.3,0.00573,0.421,0.292615629
1554779703913,18.351,121.4,0.00571,0.422,0.292527868
1554779703959,18.397,121.4,0.00571,0.422,0.292527868
1554779704005,18.443,121.4,0.00571,0.422,0.292527868
1554779704051,18.489,121.4,0.00571,0.422,0.292527868
1554779704112,18.55,121.3,0.00573,0.422,0.293310678
1554779704158,18.596,121.3,0.00573,0.422,0.293310678
1554779704204,18.642,121.3,0.00573,0.422,0.293310678
1554779704250,18.688,121.3,0.00573,0.422,0.293310678
1554779704313,18.751,121.4,0.00573,0.424,0.294943728
1554779704359,18.797,121.4,0.00573,0.424,0.294943728
1554779704405,18.843,121.4,0.00573,0.424,0.294943728
1554779704451,18.889,121.4,0.00573,0.424,0.294943728
1554779704512,18.95,121.4,0.00571,0.422,0.292527868
1554779704558,18.996,121.4,0.00571,0.422,0.292527868
1554779704604,19.042,121.4,0.00571,0.422,0.292527868
1554779704651,19.089,121.4,0.00571,0.422,0.292527868
1554779704713,19.151,121.4,0.00575,0.425,0.29667125
1554779704759,19.197,121.4,0.00575,0.425,0.29667125
1554779704805,19.243,121.4,0.00575,0.425,0.29667125
1554779704851,19.289,121.4,0.00575,0.425,0.29667125
1554779704912,19.35,121.3,0.00573,0.422,0.293310678
1554779704958,19.396,121.3,0.00573,0.422,0.293310678
1554779705004,19.442,121.3,0.00573,0.422,0.293310678
1554779705050,19.488,121.3,0.00573,0.422,0.293310678
1554779705113,19.551,121.3,0.00572,0.424,0.294186464
1554779705159,19.597,121.3,0.00572,0.424,0.294186464
1554779705205,19.643,121.3,0.00572,0.424,0.294186464
1554779705252,19.69,121.3,0.00572,0.424,0.294186464
1554779705313,19.751,121.3,0.00571,0.424,0.293672152
1554779705359,19.797,121.3,0.00571,0.424,0.293672152
1554779705405,19.843,121.3,0.00571,0.424,0.293672152
1554779705451,19.889,121.3,0.00571,0.424,0.293672152
1554779705512,19.95,121.3,0.00571,0.423,0.292979529
1554779705558,19.996,121.3,0.00571,0.423,0.292979529
1554779705605,20.043,121.3,0.00571,0.423,0.292979529
1554779705651,20.089,121.3,0.00571,0.423,0.292979529
1554779705713,20.151,121.3,0.00568,0.423,0.291440232
1554779705759,20.197,121.3,0.00568,0.423,0.291440232
1554779705805,20.243,121.3,0.00568,0.423,0.291440232
1554779705851,20.289,121.3,0.00568,0.423,0.291440232
1554779705912,20.35,121.3,0.00568,0.422,0.290751248
1554779705958,20.396,121.3,0.00568,0.422,0.290751248
1554779706004,20.442,121.3,0.00568,0.422,0.290751248
1554779706051,20.489,121.3,0.00568,0.422,0.290751248
1554779706113,20.551,121.2,0.00572,0.421,0.291864144
1554779706159,20.597,121.2,0.00572,0.421,0.291864144
1554779706205,20.643,121.2,0.00572,0.421,0.291864144
1554779706251,20.689,121.2,0.00572,0.421,0.291864144
1554779706312,20.75,121.3,0.00571,0.419,0.290209037
1554779706358,20.796,121.3,0.00571,0.419,0.290209037
1554779706405,20.843,121.3,0.00571,0.419,0.290209037
1554779706451,20.889,121.3,0.00571,0.419,0.290209037
1554779706513,20.951,121.3,0.00569,0.42,0.28988274
1554779706559,20.997,121.3,0.00569,0.42,0.28988274
1554779706606,21.044,121.3,0.00569,0.42,0.28988274
1554779706651,21.089,121.3,0.00569,0.42,0.28988274
1554779706712,21.15,121.3,0.00564,0.423,0.289387836
1554779706759,21.197,121.3,0.00564,0.423,0.289387836
1554779706805,21.243,121.3,0.00564,0.423,0.289387836
1554779706851,21.289,121.3,0.00564,0.423,0.289387836
1554779706913,21.351,121.3,0.00564,0.423,0.289387836
1554779706959,21.397,121.3,0.00564,0.423,0.289387836
1554779707005,21.443,121.3,0.00564,0.423,0.289387836
1554779707052,21.49,121.3,0.00564,0.423,0.289387836
1554779707113,21.551,121.3,0.00565,0.421,0.288530245
1554779707159,21.597,121.3,0.00565,0.421,0.288530245
1554779707205,21.643,121.3,0.00565,0.421,0.288530245
1554779707251,21.689,121.3,0.00565,0.421,0.288530245
1554779707313,21.751,121.4,0.00572,0.423,0.293734584
1554779707359,21.797,121.4,0.00572,0.423,0.293734584
1554779707405,21.843,121.4,0.00572,0.423,0.293734584
1554779707451,21.889,121.4,0.00572,0.423,0.293734584
1554779707513,21.951,121.3,0.00568,0.423,0.291440232
1554779707559,21.997,121.3,0.00568,0.423,0.291440232
1554779707605,22.043,121.3,0.00568,0.423,0.291440232
1554779707651,22.089,121.3,0.00568,0.423,0.291440232
1554779707712,22.15,121.3,0.00572,0.421,0.292104956
1554779707758,22.196,121.3,0.00572,0.421,0.292104956
1554779707804,22.242,121.3,0.00572,0.421,0.292104956
1554779707851,22.289,121.3,0.00572,0.421,0.292104956
1554779707913,22.351,121.4,0.0057,0.424,0.29339952
1554779707959,22.397,121.4,0.0057,0.424,0.29339952
1554779708005,22.443,121.4,0.0057,0.424,0.29339952
1554779708052,22.49,121.4,0.0057,0.424,0.29339952
1554779708113,22.551,121.4,0.00571,0.423,0.293221062
1554779708159,22.597,121.4,0.00571,0.423,0.293221062
1554779708205,22.643,121.4,0.00571,0.423,0.293221062
1554779708251,22.689,121.4,0.00571,0.423,0.293221062
1554779708312,22.75,121.4,0.00575,0.421,0.29387905
1554779708358,22.797,121.4,0.00575,0.421,0.29387905
1554779708405,22.843,121.4,0.00575,0.421,0.29387905
1554779708451,22.889,121.4,0.00575,0.421,0.29387905
1554779708513,22.951,121.4,0.00572,0.425,0.2951234
1554779708559,22.997,121.4,0.00572,0.425,0.2951234
1554779708605,23.043,121.4,0.00572,0.425,0.2951234
1554779708651,23.089,121.4,0.00572,0.425,0.2951234
1554779708712,23.15,121.3,0.00573,0.422,0.293310678
1554779708758,23.196,121.3,0.00573,0.422,0.293310678
1554779708804,23.242,121.3,0.00573,0.422,0.293310678
1554779708850,23.288,121.3,0.00573,0.422,0.293310678
1554779708912,23.351,121.3,0.00575,0.421,0.293636975
1554779708959,23.397,121.3,0.00575,0.421,0.293636975
1554779709005,23.443,121.3,0.00575,0.421,0.293636975
1554779709051,23.489,121.3,0.00575,0.421,0.293636975
1554779709112,23.55,121.3,0.00581,0.416,0.293177248
1554779709158,23.596,121.3,0.00581,0.416,0.293177248
1554779709205,23.643,121.3,0.00581,0.416,0.293177248
1554779709251,23.689,121.3,0.00581,0.416,0.293177248
1554779709312,23.75,121.3,0.00576,0.419,0.292750272
1554779709358,23.796,121.3,0.00576,0.419,0.292750272
1554779709404,23.842,121.3,0.00576,0.419,0.292750272
1554779709450,23.888,121.3,0.00576,0.419,0.292750272
1554779709512,23.95,121.3,0.00573,0.421,0.292615629
1554779709558,23.996,121.3,0.00573,0.421,0.292615629
1554779709604,24.042,121.3,0.00573,0.421,0.292615629
1554779709650,24.088,121.3,0.00573,0.421,0.292615629
1554779709713,24.151,121.3,0.00572,0.421,0.292104956
1554779709759,24.197,121.3,0.00572,0.421,0.292104956
1554779709805,24.243,121.3,0.00572,0.421,0.292104956
1554779709851,24.289,121.3,0.00572,0.421,0.292104956
1554779709912,24.35,121.3,0.0057,0.418,0.28900938
1554779709958,24.396,121.3,0.0057,0.418,0.28900938
1554779710005,24.443,121.3,0.0057,0.418,0.28900938
1554779710051,24.489,121.3,0.0057,0.418,0.28900938
1554779710112,24.55,121.3,0.00572,0.418,0.290023448
1554779710158,24.596,121.3,0.00572,0.418,0.290023448
1554779710204,24.642,121.3,0.00572,0.418,0.290023448
1554779710250,24.688,121.3,0.00572,0.418,0.290023448
1554779710312,24.75,121.3,0.00572,0.42,0.29141112
1554779710358,24.796,121.3,0.00572,0.42,0.29141112
1554779710405,24.843,121.3,0.00572,0.42,0.29141112
1554779710451,24.889,121.3,0.00572,0.42,0.29141112
1554779710512,24.95,121.3,0.0057,0.421,0.29108361
1554779710558,24.996,121.3,0.0057,0.421,0.29108361
1554779710604,25.042,121.3,0.0057,0.421,0.29108361
1554779710650,25.088,121.3,0.0057,0.421,0.29108361
1554779710713,25.151,121.3,0.00568,0.419,0.288684296
1554779710759,25.197,121.3,0.00568,0.419,0.288684296
1554779710805,25.243,121.3,0.00568,0.419,0.288684296
1554779710851,25.289,121.3,0.00568,0.419,0.288684296
1554779710912,25.35,121.3,0.00567,0.421,0.289551591
1554779710958,25.396,121.3,0.00567,0.421,0.289551591
1554779711005,25.443,121.3,0.00567,0.421,0.289551591
1554779711051,25.489,121.3,0.00567,0.421,0.289551591
1554779711112,25.55,121.3,0.00572,0.419,0.290717284
1554779711158,25.596,121.3,0.00572,0.419,0.290717284
1554779711204,25.642,121.3,0.00572,0.419,0.290717284
1554779711250,25.688,121.3,0.00572,0.419,0.290717284
1554779711311,25.749,121.4,0.00569,0.423,0.292194018
1554779711358,25.796,121.4,0.00569,0.423,0.292194018
1554779711404,25.842,121.4,0.00569,0.423,0.292194018
1554779711450,25.888,121.4,0.00569,0.423,0.292194018
1554779711512,25.95,121.3,0.0057,0.421,0.29108361
1554779711558,25.996,121.3,0.0057,0.421,0.29108361
1554779711604,26.042,121.3,0.0057,0.421,0.29108361
1554779711651,26.089,121.3,0.0057,0.421,0.29108361
1554779711712,26.15,121.4,0.00572,0.419,0.290956952
1554779711757,26.195,121.4,0.00572,0.419,0.290956952
1554779711804,26.242,121.4,0.00572,0.419,0.290956952
1554779711850,26.288,121.4,0.00572,0.419,0.290956952
1554779711912,26.35,121.4,0.00579,0.418,0.293814708
1554779711958,26.396,121.4,0.00579,0.418,0.293814708
1554779712005,26.443,121.4,0.00579,0.418,0.293814708
1554779712051,26.489,121.4,0.00579,0.418,0.293814708
1554779712112,26.55,121.4,0.00575,0.419,0.29248295
1554779712158,26.596,121.4,0.00575,0.419,0.29248295
1554779712204,26.642,121.4,0.00575,0.419,0.29248295
1554779712250,26.688,121.4,0.00575,0.419,0.29248295
1554779712312,26.75,121.3,0.00574,0.423,0.294518826
1554779712358,26.796,121.3,0.00574,0.423,0.294518826
1554779712405,26.843,121.3,0.00574,0.423,0.294518826
1554779712451,26.889,121.3,0.00574,0.423,0.294518826
1554779712512,26.95,121.4,0.00572,0.424,0.294428992
1554779712558,26.996,121.4,0.00572,0.424,0.294428992
1554779712604,27.042,121.4,0.00572,0.424,0.294428992
1554779712650,27.088,121.4,0.00572,0.424,0.294428992
1554779712712,27.15,121.4,0.00569,0.426,0.294266316
1554779712759,27.197,121.4,0.00569,0.426,0.294266316
1554779712805,27.243,121.4,0.00569,0.426,0.294266316
1554779712851,27.289,121.4,0.00569,0.426,0.294266316
1554779712912,27.35,121.3,0.00571,0.423,0.292979529
1554779712958,27.396,121.3,0.00571,0.423,0.292979529
1554779713004,27.442,121.3,0.00571,0.423,0.292979529
1554779713050,27.488,121.3,0.00571,0.423,0.292979529
1554779713111,27.549,121.3,0.00574,0.421,0.293126302
1554779713158,27.596,121.3,0.00574,0.421,0.293126302
1554779713204,27.642,121.3,0.00574,0.421,0.293126302
1554779713250,27.688,121.3,0.00574,0.421,0.293126302
1554779713312,27.75,121.2,0.0057,0.423,0.29222532
1554779713358,27.796,121.2,0.0057,0.423,0.29222532
1554779713404,27.842,121.2,0.0057,0.423,0.29222532
1554779713451,27.889,121.2,0.0057,0.423,0.29222532
1554779713512,27.95,121.2,0.00572,0.424,0.293943936
1554779713558,27.996,121.2,0.00572,0.424,0.293943936
1554779713604,28.042,121.2,0.00572,0.424,0.293943936
1554779713650,28.088,121.2,0.00572,0.424,0.293943936
1554779713712,28.15,121.3,0.00571,0.423,0.292979529
1554779713758,28.196,121.3,0.00571,0.423,0.292979529
1554779713804,28.243,121.3,0.00571,0.423,0.292979529
1554779713851,28.289,121.3,0.00571,0.423,0.292979529
1554779713911,28.35,121.3,0.00572,0.421,0.292104956
1554779713958,28.396,121.3,0.00572,0.421,0.292104956
1554779714004,28.442,121.3,0.00572,0.421,0.292104956
1554779714050,28.488,121.3,0.00572,0.421,0.292104956
1554779714112,28.55,121.3,0.00567,0.42,0.28886382
1554779714158,28.596,121.3,0.00567,0.42,0.28886382
1554779714204,28.643,121.3,0.00567,0.42,0.28886382
1554779714251,28.689,121.3,0.00567,0.42,0.28886382
1554779714312,28.75,121.3,0.00569,0.422,0.291263134
1554779714358,28.796,121.3,0.00569,0.422,0.291263134
1554779714404,28.842,121.3,0.00569,0.422,0.291263134
1554779714450,28.888,121.3,0.00569,0.422,0.291263134
1554779714511,28.949,121.3,0.00573,0.419,0.291225531
1554779714557,28.995,121.3,0.00573,0.419,0.291225531
1554779714603,29.041,121.3,0.00573,0.419,0.291225531
1554779714649,29.087,121.3,0.00573,0.419,0.291225531
1554779714712,29.15,121.4,0.00572,0.418,0.290262544
1554779714758,29.196,121.4,0.00572,0.418,0.290262544
1554779714804,29.242,121.4,0.00572,0.418,0.290262544
1554779714850,29.288,121.4,0.00572,0.418,0.290262544
1554779714911,29.349,121.4,0.00568,0.419,0.288922288
1554779714958,29.396,121.4,0.00568,0.419,0.288922288
1554779715004,29.442,121.4,0.00568,0.419,0.288922288
1554779715050,29.488,121.4,0.00568,0.419,0.288922288
1554779715112,29.55,121.3,0.0057,0.42,0.2903922
1554779715158,29.596,121.3,0.0057,0.42,0.2903922
1554779715204,29.643,121.3,0.0057,0.42,0.2903922
1554779715250,29.688,121.3,0.0057,0.42,0.2903922
1554779715312,29.75,121.3,0.0057,0.421,0.29108361
1554779715358,29.796,121.3,0.0057,0.421,0.29108361
1554779715404,29.842,121.3,0.0057,0.421,0.29108361
1554779715450,29.888,121.3,0.0057,0.421,0.29108361
1554779715511,29.949,121.3,0.00572,0.421,0.292104956
1554779715557,29.995,121.3,0.00572,0.421,0.292104956
1554779715603,30.041,121.3,0.00572,0.421,0.292104956
1554779715649,30.087,121.3,0.00572,0.421,0.292104956
1554779715712,30.15,121.3,0.00574,0.418,0.291037516
1554779715758,30.196,121.3,0.00574,0.418,0.291037516
1554779715804,30.242,121.3,0.00574,0.418,0.291037516
1554779715850,30.288,121.3,0.00574,0.418,0.291037516
1554779715911,30.349,121.3,0.00574,0.419,0.291733778
1554779715957,30.395,121.3,0.00574,0.419,0.291733778
1554779716003,30.441,121.3,0.00574,0.419,0.291733778
1554779716049,30.487,121.3,0.00574,0.419,0.291733778
1554779716112,30.55,121.3,0.00578,0.418,0.293065652
1554779716158,30.596,121.3,0.00578,0.418,0.293065652
1554779716204,30.642,121.3,0.00578,0.418,0.293065652
1554779716250,30.688,121.3,0.00578,0.418,0.293065652
1554779716311,30.749,121.3,0.00578,0.418,0.293065652
1554779716357,30.795,121.3,0.00578,0.418,0.293065652
1554779716403,30.841,121.3,0.00578,0.418,0.293065652
1554779716450,30.888,121.3,0.00578,0.418,0.293065652
1554779716512,30.95,121.3,0.00581,0.42,0.29599626
1554779716558,30.996,121.3,0.00581,0.42,0.29599626
1554779716604,31.042,121.3,0.00581,0.42,0.29599626
1554779716650,31.088,121.3,0.00581,0.42,0.29599626
1554779716712,31.15,121.3,0.00575,0.421,0.293636975
1554779716758,31.196,121.3,0.00575,0.421,0.293636975
1554779716804,31.242,121.3,0.00575,0.421,0.293636975
1554779716850,31.288,121.3,0.00575,0.421,0.293636975
1554779716912,31.35,121.3,0.00572,0.42,0.29141112
1554779716958,31.396,121.3,0.00572,0.42,0.29141112
1554779717004,31.442,121.3,0.00572,0.42,0.29141112
1554779717050,31.488,121.3,0.00572,0.42,0.29141112
1554779717111,31.549,121.3,0.00577,0.418,0.292558618
1554779717157,31.595,121.3,0.00577,0.418,0.292558618
1554779717203,31.641,121.3,0.00577,0.418,0.292558618
1554779717249,31.687,121.3,0.00577,0.418,0.292558618
1554779717312,31.75,121.3,0.00576,0.419,0.292750272
1554779717358,31.796,121.3,0.00576,0.419,0.292750272
1554779717404,31.842,121.3,0.00576,0.419,0.292750272
1554779717450,31.888,121.3,0.00576,0.419,0.292750272
1554779717511,31.949,121.3,0.00571,0.422,0.292286906
1554779717557,31.995,121.3,0.00571,0.422,0.292286906
1554779717603,32.041,121.3,0.00571,0.422,0.292286906
1554779717649,32.087,121.3,0.00571,0.422,0.292286906
1554779717712,32.15,121.3,0.00574,0.421,0.293126302
1554779717758,32.196,121.3,0.00574,0.421,0.293126302
1554779717804,32.242,121.3,0.00574,0.421,0.293126302
1554779717850,32.288,121.3,0.00574,0.421,0.293126302
1554779717911,32.349,121.3,0.00566,0.422,0.289727476
1554779717958,32.396,121.3,0.00566,0.422,0.289727476
1554779718004,32.442,121.3,0.00566,0.422,0.289727476
1554779718050,32.488,121.3,0.00566,0.422,0.289727476
1554779718111,32.549,121.2,0.0057,0.422,0.29153448
1554779718157,32.595,121.2,0.0057,0.422,0.29153448
1554779718203,32.641,121.2,0.0057,0.422,0.29153448
1554779718249,32.687,121.2,0.0057,0.422,0.29153448
1554779718311,32.749,121.3,0.0057,0.42,0.2903922
1554779718356,32.794,121.3,0.0057,0.42,0.2903922
1554779718403,32.841,121.3,0.0057,0.42,0.2903922
1554779718449,32.887,121.3,0.0057,0.42,0.2903922
1554779718511,32.949,121.3,0.00569,0.422,0.291263134
1554779718557,32.995,121.3,0.00569,0.422,0.291263134
1554779718603,33.041,121.3,0.00569,0.422,0.291263134
1554779718649,33.087,121.3,0.00569,0.422,0.291263134
1554779718712,33.15,121.3,0.00569,0.422,0.291263134
1554779718758,33.196,121.3,0.00569,0.422,0.291263134
1554779718804,33.242,121.3,0.00569,0.422,0.291263134
1554779718850,33.288,121.3,0.00569,0.422,0.291263134
1554779718911,33.349,121.3,0.00567,0.421,0.289551591
1554779718957,33.395,121.3,0.00567,0.421,0.289551591
1554779719004,33.442,121.3,0.00567,0.421,0.289551591
1554779719050,33.488,121.3,0.00567,0.421,0.289551591
1554779719111,33.549,121.3,0.00569,0.422,0.291263134
1554779719157,33.595,121.3,0.00569,0.422,0.291263134
1554779719203,33.641,121.3,0.00569,0.422,0.291263134
1554779719249,33.687,121.3,0.00569,0.422,0.291263134
1554779719311,33.749,121.3,0.0057,0.421,0.29108361
1554779719357,33.795,121.3,0.0057,0.421,0.29108361
1554779719403,33.841,121.3,0.0057,0.421,0.29108361
1554779719449,33.887,121.3,0.0057,0.421,0.29108361
1554779719511,33.949,121.4,0.00574,0.42,0.29267112
1554779719556,33.994,121.4,0.00574,0.42,0.29267112
1554779719602,34.04,121.4,0.00574,0.42,0.29267112
1554779719649,34.087,121.4,0.00574,0.42,0.29267112
1554779719711,34.149,121.4,0.00573,0.422,0.293552484
1554779719757,34.195,121.4,0.00573,0.422,0.293552484
1554779719803,34.241,121.4,0.00573,0.422,0.293552484
1554779719849,34.287,121.4,0.00573,0.422,0.293552484
1554779719911,34.349,121.4,0.00568,0.422,0.290990944
1554779719957,34.395,121.4,0.00568,0.422,0.290990944
1554779720003,34.441,121.4,0.00568,0.422,0.290990944
1554779720049,34.488,121.4,0.00568,0.422,0.290990944
1554779720110,34.549,121.3,0.00568,0.423,0.291440232
1554779720156,34.594,121.3,0.00568,0.423,0.291440232
1554779720202,34.64,121.3,0.00568,0.423,0.291440232
1554779720248,34.687,121.3,0.00568,0.423,0.291440232
1554779720311,34.749,121.3,0.00575,0.424,0.2957294
1554779720357,34.795,121.3,0.00575,0.424,0.2957294
1554779720403,34.841,121.3,0.00575,0.424,0.2957294
1554779720449,34.887,121.3,0.00575,0.424,0.2957294
1554779720510,34.948,121.4,0.00573,0.425,0.29563935
1554779720556,34.995,121.4,0.00573,0.425,0.29563935
1554779720603,35.041,121.4,0.00573,0.425,0.29563935
1554779720649,35.087,121.4,0.00573,0.425,0.29563935
1554779720711,35.149,121.4,0.00575,0.424,0.2959732
1554779720757,35.195,121.4,0.00575,0.424,0.2959732
1554779720803,35.241,121.4,0.00575,0.424,0.2959732
1554779720849,35.287,121.4,0.00575,0.424,0.2959732
1554779720910,35.348,121.3,0.00571,0.423,0.292979529
1554779720956,35.394,121.3,0.00571,0.423,0.292979529
1554779721002,35.44,121.3,0.00571,0.423,0.292979529
1554779721049,35.487,121.3,0.00571,0.423,0.292979529
1554779721111,35.549,121.3,0.00576,0.42,0.29344896
1554779721157,35.595,121.3,0.00576,0.42,0.29344896
1554779721203,35.641,121.3,0.00576,0.42,0.29344896
1554779721250,35.688,121.3,0.00576,0.42,0.29344896
1554779721310,35.748,121.3,0.00578,0.42,0.29446788
1554779721356,35.794,121.3,0.00578,0.42,0.29446788
1554779721402,35.84,121.3,0.00578,0.42,0.29446788
1554779721448,35.886,121.3,0.00578,0.42,0.29446788
1554779721511,35.949,121.3,0.00573,0.423,0.294005727
1554779721557,35.995,121.3,0.00573,0.423,0.294005727
1554779721603,36.041,121.3,0.00573,0.423,0.294005727
1554779721649,36.087,121.3,0.00573,0.423,0.294005727
1554779721710,36.148,121.3,0.00573,0.422,0.293310678
1554779721756,36.194,121.3,0.00573,0.422,0.293310678
1554779721802,36.24,121.3,0.00573,0.422,0.293310678
1554779721848,36.286,121.3,0.00573,0.422,0.293310678
1554779721911,36.349,121.3,0.0057,0.416,0.28762656
1554779721957,36.395,121.3,0.0057,0.416,0.28762656
1554779722003,36.441,121.3,0.0057,0.416,0.28762656
1554779722050,36.488,121.3,0.0057,0.416,0.28762656
1554779722110,36.548,121.3,0.00569,0.419,0.289192543
1554779722156,36.594,121.3,0.00569,0.419,0.289192543
1554779722202,36.64,121.3,0.00569,0.419,0.289192543
1554779722248,36.686,121.3,0.00569,0.419,0.289192543
1554779722311,36.749,121.3,0.00573,0.421,0.292615629
1554779722357,36.795,121.3,0.00573,0.421,0.292615629
1554779722403,36.841,121.3,0.00573,0.421,0.292615629
1554779722449,36.887,121.3,0.00573,0.421,0.292615629
1554779722510,36.948,121.3,0.00571,0.42,0.29090166
1554779722556,36.994,121.3,0.00571,0.42,0.29090166
1554779722602,37.04,121.3,0.00571,0.42,0.29090166
1554779722648,37.086,121.3,0.00571,0.42,0.29090166
1554779722711,37.149,121.4,0.00568,0.422,0.290990944
1554779722757,37.195,121.4,0.00568,0.422,0.290990944
1554779722803,37.241,121.4,0.00568,0.422,0.290990944
1554779722850,37.288,121.4,0.00568,0.422,0.290990944
1554779722911,37.349,121.4,0.00567,0.42,0.28910196
1554779722957,37.395,121.4,0.00567,0.42,0.28910196
1554779723003,37.441,121.4,0.00567,0.42,0.28910196
1554779723049,37.487,121.4,0.00567,0.42,0.28910196
1554779723110,37.548,121.3,0.00567,0.418,0.287488278
1554779723156,37.594,121.3,0.00567,0.418,0.287488278
1554779723202,37.64,121.3,0.00567,0.418,0.287488278
1554779723248,37.686,121.3,0.00567,0.418,0.287488278
1554779723310,37.748,121.3,0.00573,0.42,0.29192058
1554779723357,37.795,121.3,0.00573,0.42,0.29192058
1554779723404,37.842,121.3,0.00573,0.42,0.29192058
1554779723450,37.888,121.3,0.00573,0.42,0.29192058
1554779723511,37.949,121.4,0.00576,0.42,0.29369088
1554779723557,37.995,121.4,0.00576,0.42,0.29369088
1554779723603,38.041,121.4,0.00576,0.42,0.29369088
1554779723649,38.087,121.4,0.00576,0.42,0.29369088
1554779723711,38.149,121.4,0.00574,0.418,0.291277448
1554779723757,38.195,121.4,0.00574,0.418,0.291277448
1554779723803,38.241,121.4,0.00574,0.418,0.291277448
1554779723849,38.287,121.4,0.00574,0.418,0.291277448
1554779723911,38.349,121.4,0.00575,0.42,0.293181
1554779723957,38.395,121.4,0.00575,0.42,0.293181
1554779724003,38.441,121.4,0.00575,0.42,0.293181
1554779724049,38.487,121.4,0.00575,0.42,0.293181
1554779724110,38.548,121.4,0.00578,0.418,0.293307256
1554779724157,38.595,121.4,0.00578,0.418,0.293307256
1554779724203,38.641,121.4,0.00578,0.418,0.293307256
1554779724249,38.687,121.4,0.00578,0.418,0.293307256
1554779724310,38.748,121.3,0.0058,0.416,0.29267264
1554779724356,38.794,121.3,0.0058,0.416,0.29267264
1554779724402,38.84,121.3,0.0058,0.416,0.29267264
1554779724448,38.886,121.3,0.0058,0.416,0.29267264
1554779724510,38.948,121.3,0.00577,0.423,0.296058123
1554779724555,38.993,121.3,0.00577,0.423,0.296058123
1554779724601,39.039,121.3,0.00577,0.423,0.296058123
1554779724647,39.085,121.3,0.00577,0.423,0.296058123
1554779724711,39.149,121.4,0.00574,0.422,0.294064792
1554779724757,39.195,121.4,0.00574,0.422,0.294064792
1554779724803,39.241,121.4,0.00574,0.422,0.294064792
1554779724849,39.287,121.4,0.00574,0.422,0.294064792
1554779724910,39.348,121.3,0.00574,0.42,0.29243004
1554779724956,39.394,121.3,0.00574,0.42,0.29243004
1554779725002,39.44,121.3,0.00574,0.42,0.29243004
1554779725048,39.486,121.3,0.00574,0.42,0.29243004
1554779725110,39.549,121.3,0.00573,0.421,0.292615629
1554779725157,39.595,121.3,0.00573,0.421,0.292615629
1554779725203,39.641,121.3,0.00573,0.421,0.292615629
1554779725249,39.687,121.3,0.00573,0.421,0.292615629
1554779725310,39.748,121.3,0.00575,0.422,0.29433445
1554779725357,39.795,121.3,0.00575,0.422,0.29433445
1554779725403,39.841,121.3,0.00575,0.422,0.29433445
1554779725449,39.887,121.3,0.00575,0.422,0.29433445
1554779725510,39.948,121.3,0.00573,0.421,0.292615629
1554779725556,39.994,121.3,0.00573,0.421,0.292615629
1554779725602,40.04,121.3,0.00573,0.421,0.292615629
1554779725648,40.086,121.3,0.00573,0.421,0.292615629
1554779725711,40.149,121.3,0.00576,0.422,0.294846336
1554779725757,40.195,121.3,0.00576,0.422,0.294846336
1554779725803,40.241,121.3,0.00576,0.422,0.294846336
1554779725849,40.287,121.3,0.00576,0.422,0.294846336
1554779725910,40.348,121.3,0.00573,0.418,0.290530482
1554779725956,40.394,121.3,0.00573,0.418,0.290530482
1554779726002,40.44,121.3,0.00573,0.418,0.290530482
1554779726049,40.487,121.3,0.00573,0.418,0.290530482
1554779726111,40.549,121.3,0.00573,0.419,0.291225531
1554779726157,40.595,121.3,0.00573,0.419,0.291225531
1554779726203,40.641,121.3,0.00573,0.419,0.291225531
1554779726249,40.687,121.3,0.00573,0.419,0.291225531
1554779726310,40.748,121.3,0.00572,0.419,0.290717284
1554779726356,40.795,121.3,0.00572,0.419,0.290717284
1554779726403,40.841,121.3,0.00572,0.419,0.290717284
1554779726449,40.887,121.3,0.00572,0.419,0.290717284
1554779726510,40.948,121.3,0.00574,0.416,0.289644992
1554779726556,40.994,121.3,0.00574,0.416,0.289644992
1554779726602,41.04,121.3,0.00574,0.416,0.289644992
1554779726648,41.086,121.3,0.00574,0.416,0.289644992
1554779726710,41.148,121.4,0.00569,0.421,0.290812486
1554779726756,41.194,121.4,0.00569,0.421,0.290812486
1554779726802,41.24,121.4,0.00569,0.421,0.290812486
1554779726848,41.286,121.4,0.00569,0.421,0.290812486
1554779726911,41.349,121.4,0.00567,0.421,0.289790298
1554779726957,41.395,121.4,0.00567,0.421,0.289790298
1554779727003,41.441,121.4,0.00567,0.421,0.289790298
1554779727049,41.487,121.4,0.00567,0.421,0.289790298
1554779727110,41.548,121.3,0.00567,0.42,0.28886382
1554779727156,41.594,121.3,0.00567,0.42,0.28886382
1554779727202,41.64,121.3,0.00567,0.42,0.28886382
1554779727248,41.686,121.3,0.00567,0.42,0.28886382
1554779727310,41.748,121.3,0.00572,0.42,0.29141112
1554779727357,41.795,121.3,0.00572,0.42,0.29141112
1554779727403,41.841,121.3,0.00572,0.42,0.29141112
1554779727449,41.887,121.3,0.00572,0.42,0.29141112
1554779727510,41.948,121.3,0.00573,0.421,0.292615629
1554779727556,41.994,121.3,0.00573,0.421,0.292615629
1554779727602,42.04,121.3,0.00573,0.421,0.292615629
1554779727648,42.086,121.3,0.00573,0.421,0.292615629
1554779727709,42.148,121.4,0.00573,0.421,0.292856862
1554779727755,42.193,121.4,0.00573,0.421,0.292856862
1554779727801,42.239,121.4,0.00573,0.421,0.292856862
1554779727848,42.286,121.4,0.00573,0.421,0.292856862
1554779727910,42.348,121.4,0.00575,0.42,0.293181
1554779727956,42.394,121.4,0.00575,0.42,0.293181
1554779728002,42.44,121.4,0.00575,0.42,0.293181
1554779728048,42.486,121.4,0.00575,0.42,0.293181
1554779728109,42.547,121.3,0.00574,0.42,0.29243004
1554779728155,42.593,121.3,0.00574,0.42,0.29243004
1554779728202,42.64,121.3,0.00574,0.42,0.29243004
1554779728249,42.687,121.3,0.00574,0.42,0.29243004
1554779728310,42.748,121.3,0.00577,0.419,0.293258519
1554779728356,42.794,121.3,0.00577,0.419,0.293258519
1554779728402,42.84,121.3,0.00577,0.419,0.293258519
1554779728448,42.886,121.3,0.00577,0.419,0.293258519
1554779728510,42.948,121.3,0.00578,0.42,0.29446788
1554779728555,42.993,121.3,0.00578,0.42,0.29446788
1554779728601,43.039,121.3,0.00578,0.42,0.29446788
1554779728648,43.086,121.3,0.00578,0.42,0.29446788
1554779728710,43.148,121.4,0.00581,0.419,0.295534946
1554779728756,43.194,121.4,0.00581,0.419,0.295534946
1554779728802,43.24,121.4,0.00581,0.419,0.295534946
1554779728848,43.286,121.4,0.00581,0.419,0.295534946
1554779728909,43.347,121.4,0.00575,0.42,0.293181
1554779728955,43.393,121.4,0.00575,0.42,0.293181
1554779729002,43.44,121.4,0.00575,0.42,0.293181
1554779729048,43.486,121.4,0.00575,0.42,0.293181
1554779729110,43.548,121.3,0.00569,0.424,0.292643528
1554779729156,43.594,121.3,0.00569,0.424,0.292643528
1554779729203,43.641,121.3,0.00569,0.424,0.292643528
1554779729248,43.686,121.3,0.00569,0.424,0.292643528
1554779729309,43.747,121.3,0.00573,0.422,0.293310678
1554779729356,43.794,121.3,0.00573,0.422,0.293310678
1554779729402,43.84,121.3,0.00573,0.422,0.293310678
1554779729448,43.886,121.3,0.00573,0.422,0.293310678
1554779729510,43.948,121.3,0.00573,0.421,0.292615629
1554779729556,43.994,121.3,0.00573,0.421,0.292615629
1554779729603,44.041,121.3,0.00573,0.421,0.292615629
1554779729649,44.087,121.3,0.00573,0.421,0.292615629
1554779729710,44.148,121.4,0.00573,0.422,0.293552484
1554779729756,44.194,121.4,0.00573,0.422,0.293552484
1554779729802,44.24,121.4,0.00573,0.422,0.293552484
1554779729848,44.286,121.4,0.00573,0.422,0.293552484
1554779729910,44.348,121.4,0.00567,0.422,0.290478636
1554779729956,44.394,121.4,0.00567,0.422,0.290478636
1554779730002,44.44,121.4,0.00567,0.422,0.290478636
1554779730048,44.486,121.4,0.00567,0.422,0.290478636
1554779730109,44.547,121.3,0.00568,0.422,0.290751248
1554779730155,44.593,121.3,0.00568,0.422,0.290751248
1554779730201,44.639,121.3,0.00568,0.422,0.290751248
1554779730247,44.685,121.3,0.00568,0.422,0.290751248
1554779730310,44.748,121.3,0.0057,0.419,0.28970079
1554779730356,44.794,121.3,0.0057,0.419,0.28970079
1554779730402,44.84,121.3,0.0057,0.419,0.28970079
1554779730448,44.886,121.3,0.0057,0.419,0.28970079
1554779730509,44.947,121.3,0.00571,0.42,0.29090166
1554779730555,44.994,121.3,0.00571,0.42,0.29090166
1554779730602,45.04,121.3,0.00571,0.42,0.29090166
1554779730648,45.086,121.3,0.00571,0.42,0.29090166
1554779730710,45.148,121.4,0.00569,0.42,0.29012172
1554779730756,45.194,121.4,0.00569,0.42,0.29012172
1554779730802,45.241,121.4,0.00569,0.42,0.29012172
1554779730848,45.287,121.4,0.00569,0.42,0.29012172
1554779730910,45.348,121.4,0.00566,0.422,0.289966328
1554779730956,45.394,121.4,0.00566,0.422,0.289966328
1554779731002,45.44,121.4,0.00566,0.422,0.289966328
1554779731048,45.486,121.4,0.00566,0.422,0.289966328
1554779731109,45.547,121.4,0.00575,0.419,0.29248295
1554779731155,45.593,121.4,0.00575,0.419,0.29248295
1554779731201,45.639,121.4,0.00575,0.419,0.29248295
1554779731247,45.685,121.4,0.00575,0.419,0.29248295
1554779731310,45.748,121.3,0.00572,0.419,0.290717284
1554779731356,45.794,121.3,0.00572,0.419,0.290717284
1554779731402,45.84,121.3,0.00572,0.419,0.290717284
1554779731448,45.886,121.3,0.00572,0.419,0.290717284
1554779731509,45.947,121.4,0.00576,0.421,0.294390144
1554779731555,45.993,121.4,0.00576,0.421,0.294390144
1554779731601,46.039,121.4,0.00576,0.421,0.294390144
1554779731647,46.085,121.4,0.00576,0.421,0.294390144
1554779731709,46.147,121.4,0.00573,0.422,0.293552484
1554779731756,46.194,121.4,0.00573,0.422,0.293552484
1554779731802,46.24,121.4,0.00573,0.422,0.293552484
1554779731848,46.286,121.4,0.00573,0.422,0.293552484
1554779731909,46.347,121.4,0.00572,0.421,0.292345768
1554779731955,46.393,121.4,0.00572,0.421,0.292345768
1554779732001,46.439,121.4,0.00572,0.421,0.292345768
1554779732047,46.485,121.4,0.00572,0.421,0.292345768
1554779732109,46.547,121.4,0.00571,0.422,0.292527868
1554779732156,46.594,121.4,0.00571,0.422,0.292527868
1554779732202,46.64,121.4,0.00571,0.422,0.292527868
1554779732248,46.686,121.4,0.00571,0.422,0.292527868
1554779732309,46.747,121.3,0.00574,0.421,0.293126302
1554779732355,46.793,121.3,0.00574,0.421,0.293126302
1554779732401,46.839,121.3,0.00574,0.421,0.293126302
1554779732448,46.886,121.3,0.00574,0.421,0.293126302
1554779732509,46.947,121.3,0.00577,0.422,0.295358222
1554779732555,46.993,121.3,0.00577,0.422,0.295358222
1554779732602,47.04,121.3,0.00577,0.422,0.295358222
1554779732648,47.086,121.3,0.00577,0.422,0.295358222
1554779732710,47.148,121.4,0.00577,0.419,0.293500282
1554779732756,47.194,121.4,0.00577,0.419,0.293500282
1554779732802,47.24,121.4,0.00577,0.419,0.293500282
1554779732848,47.286,121.4,0.00577,0.419,0.293500282
1554779732909,47.347,121.3,0.00576,0.42,0.29344896
1554779732955,47.393,121.3,0.00576,0.42,0.29344896
1554779733001,47.439,121.3,0.00576,0.42,0.29344896
1554779733048,47.486,121.3,0.00576,0.42,0.29344896
1554779733109,47.547,121.3,0.00574,0.42,0.29243004
1554779733155,47.593,121.3,0.00574,0.42,0.29243004
1554779733201,47.639,121.3,0.00574,0.42,0.29243004
1554779733248,47.686,121.3,0.00574,0.42,0.29243004
1554779733309,47.747,121.3,0.00575,0.42,0.2929395
1554779733355,47.793,121.3,0.00575,0.42,0.2929395
1554779733401,47.839,121.3,0.00575,0.42,0.2929395
1554779733447,47.885,121.3,0.00575,0.42,0.2929395
1554779733509,47.947,121.3,0.00582,0.417,0.294387822
1554779733555,47.993,121.3,0.00582,0.417,0.294387822
1554779733601,48.039,121.3,0.00582,0.417,0.294387822
1554779733647,48.085,121.3,0.00582,0.417,0.294387822
1554779733710,48.148,121.3,0.00575,0.419,0.292242025
1554779733756,48.194,121.3,0.00575,0.419,0.292242025
1554779733802,48.24,121.3,0.00575,0.419,0.292242025
1554779733848,48.286,121.3,0.00575,0.419,0.292242025
1554779733909,48.347,121.3,0.00568,0.422,0.290751248
1554779733955,48.393,121.3,0.00568,0.422,0.290751248
1554779734001,48.439,121.3,0.00568,0.422,0.290751248
1554779734047,48.485,121.3,0.00568,0.422,0.290751248
1554779734110,48.548,121.3,0.00569,0.42,0.28988274
1554779734156,48.594,121.3,0.00569,0.42,0.28988274
1554779734202,48.64,121.3,0.00569,0.42,0.28988274
1554779734248,48.686,121.3,0.00569,0.42,0.28988274
1554779734309,48.747,121.3,0.0057,0.42,0.2903922
1554779734355,48.793,121.3,0.0057,0.42,0.2903922
1554779734401,48.839,121.3,0.0057,0.42,0.2903922
1554779734448,48.886,121.3,0.0057,0.42,0.2903922
1554779734509,48.947,121.3,0.00569,0.42,0.28988274
1554779734555,48.993,121.3,0.00569,0.42,0.28988274
1554779734601,49.039,121.3,0.00569,0.42,0.28988274
1554779734647,49.085,121.3,0.00569,0.42,0.28988274
1554779734709,49.147,121.3,0.00567,0.422,0.290239362
1554779734755,49.193,121.3,0.00567,0.422,0.290239362
1554779734801,49.239,121.3,0.00567,0.422,0.290239362
1554779734847,49.285,121.3,0.00567,0.422,0.290239362
1554779734909,49.347,121.4,0.00567,0.418,0.287725284
1554779734955,49.393,121.4,0.00567,0.418,0.287725284
1554779735001,49.439,121.4,0.00567,0.418,0.287725284
1554779735047,49.485,121.4,0.00567,0.418,0.287725284
1554779735109,49.547,121.3,0.0057,0.419,0.28970079
1554779735155,49.593,121.3,0.0057,0.419,0.28970079
1554779735202,49.64,121.3,0.0057,0.419,0.28970079
1554779735248,49.686,121.3,0.0057,0.419,0.28970079
1554779735309,49.747,121.3,0.00573,0.421,0.292615629
1554779735355,49.793,121.3,0.00573,0.421,0.292615629
1554779735401,49.839,121.3,0.00573,0.421,0.292615629
1554779735447,49.885,121.3,0.00573,0.421,0.292615629
1554779735508,49.946,121.4,0.00576,0.421,0.294390144
1554779735554,49.992,121.4,0.00576,0.421,0.294390144
1554779735600,50.038,121.4,0.00576,0.421,0.294390144
1554779735646,50.084,121.4,0.00576,0.421,0.294390144
1554779735709,50.147,121.4,0.00572,0.422,0.293040176
1554779735755,50.193,121.4,0.00572,0.422,0.293040176
1554779735801,50.239,121.4,0.00572,0.422,0.293040176
1554779735847,50.285,121.4,0.00572,0.422,0.293040176
1554779735909,50.347,121.4,0.00575,0.418,0.2917849
1554779735956,50.394,121.4,0.00575,0.418,0.2917849
1554779736002,50.44,121.4,0.00575,0.418,0.2917849
1554779736048,50.486,121.4,0.00575,0.418,0.2917849
1554779736109,50.547,121.3,0.00578,0.417,0.292364538
1554779736155,50.593,121.3,0.00578,0.417,0.292364538
1554779736201,50.639,121.3,0.00578,0.417,0.292364538
1554779736248,50.686,121.3,0.00578,0.417,0.292364538
1554779736309,50.747,121.3,0.00575,0.421,0.293636975
1554779736355,50.793,121.3,0.00575,0.421,0.293636975
1554779736401,50.839,121.3,0.00575,0.421,0.293636975
1554779736447,50.885,121.3,0.00575,0.421,0.293636975
1554779736509,50.947,121.3,0.00578,0.422,0.295870108
1554779736555,50.993,121.3,0.00578,0.422,0.295870108
1554779736601,51.04,121.3,0.00578,0.422,0.295870108
1554779736647,51.085,121.3,0.00578,0.422,0.295870108
1554779736708,51.146,121.3,0.00576,0.42,0.29344896
1554779736754,51.193,121.3,0.00576,0.42,0.29344896
1554779736800,51.238,121.3,0.00576,0.42,0.29344896
1554779736846,51.285,121.3,0.00576,0.42,0.29344896
1554779736909,51.347,121.3,0.00581,0.418,0.294586754
1554779736955,51.393,121.3,0.00581,0.418,0.294586754
1554779737001,51.439,121.3,0.00581,0.418,0.294586754
1554779737047,51.485,121.3,0.00581,0.418,0.294586754
1554779737108,51.546,121.3,0.00577,0.419,0.293258519
1554779737154,51.592,121.3,0.00577,0.419,0.293258519
1554779737200,51.638,121.3,0.00577,0.419,0.293258519
1554779737246,51.684,121.3,0.00577,0.419,0.293258519
1554779737309,51.747,121.3,0.00578,0.417,0.292364538
1554779737355,51.793,121.3,0.00578,0.417,0.292364538
1554779737401,51.839,121.3,0.00578,0.417,0.292364538
1554779737447,51.885,121.3,0.00578,0.417,0.292364538
1554779737508,51.946,121.3,0.00579,0.416,0.292168032
1554779737554,51.992,121.3,0.00579,0.416,0.292168032
1554779737600,52.038,121.3,0.00579,0.416,0.292168032
1554779737646,52.084,121.3,0.00579,0.416,0.292168032
1554779737708,52.146,121.3,0.00578,0.417,0.292364538
1554779737754,52.193,121.3,0.00578,0.417,0.292364538
1554779737800,52.238,121.3,0.00578,0.417,0.292364538
1554779737847,52.285,121.3,0.00578,0.417,0.292364538
1554779737909,52.347,121.4,0.00575,0.418,0.2917849
1554779737955,52.393,121.4,0.00575,0.418,0.2917849
1554779738001,52.439,121.4,0.00575,0.418,0.2917849
1554779738047,52.485,121.4,0.00575,0.418,0.2917849
1554779738108,52.546,121.3,0.00572,0.422,0.292798792
1554779738154,52.592,121.3,0.00572,0.422,0.292798792
1554779738200,52.638,121.3,0.00572,0.422,0.292798792
1554779738246,52.684,121.3,0.00572,0.422,0.292798792
1554779738309,52.747,121.3,0.00577,0.416,0.291158816
1554779738355,52.793,121.3,0.00577,0.416,0.291158816
1554779738401,52.839,121.3,0.00577,0.416,0.291158816
1554779738447,52.885,121.3,0.00577,0.416,0.291158816
1554779738508,52.946,121.3,0.00579,0.414,0.290763378
1554779738554,52.992,121.3,0.00579,0.414,0.290763378
1554779738601,53.039,121.3,0.00579,0.414,0.290763378
1554779738647,53.085,121.3,0.00579,0.414,0.290763378
1554779738709,53.147,121.4,0.00571,0.42,0.29114148
1554779738755,53.193,121.4,0.00571,0.42,0.29114148
1554779738802,53.24,121.4,0.00571,0.42,0.29114148
1554779738848,53.286,121.4,0.00571,0.42,0.29114148
1554779738909,53.347,121.4,0.00572,0.419,0.290956952
1554779738955,53.393,121.4,0.00572,0.419,0.290956952
1554779739001,53.439,121.4,0.00572,0.419,0.290956952
1554779739047,53.485,121.4,0.00572,0.419,0.290956952
1554779739108,53.546,121.4,0.0057,0.417,0.28855566
1554779739154,53.592,121.4,0.0057,0.417,0.28855566
1554779739201,53.639,121.4,0.0057,0.417,0.28855566
1554779739247,53.685,121.4,0.0057,0.417,0.28855566
1554779739308,53.746,121.3,0.00572,0.419,0.290717284
1554779739354,53.792,121.3,0.00572,0.419,0.290717284
1554779739400,53.838,121.3,0.00572,0.419,0.290717284
1554779739446,53.884,121.3,0.00572,0.419,0.290717284
1554779739508,53.946,121.3,0.00574,0.417,0.290341254
1554779739554,53.992,121.3,0.00574,0.417,0.290341254
1554779739601,54.039,121.3,0.00574,0.417,0.290341254
1554779739647,54.085,121.3,0.00574,0.417,0.290341254
1554779739709,54.147,121.3,0.00576,0.421,0.294147648
1554779739755,54.193,121.3,0.00576,0.421,0.294147648
1554779739801,54.239,121.3,0.00576,0.421,0.294147648
1554779739847,54.285,121.3,0.00576,0.421,0.294147648
1554779739908,54.346,121.4,0.00576,0.418,0.292292352
1554779739954,54.392,121.4,0.00576,0.418,0.292292352
1554779740000,54.438,121.4,0.00576,0.418,0.292292352
1554779740046,54.484,121.4,0.00576,0.418,0.292292352
1554779740109,54.547,121.3,0.00576,0.417,0.291352896
1554779740155,54.593,121.3,0.00576,0.417,0.291352896
1554779740201,54.639,121.3,0.00576,0.417,0.291352896
1554779740247,54.685,121.3,0.00576,0.417,0.291352896
1554779740308,54.746,121.3,0.00575,0.419,0.292242025
1554779740354,54.792,121.3,0.00575,0.419,0.292242025
1554779740400,54.838,121.3,0.00575,0.419,0.292242025
1554779740447,54.885,121.3,0.00575,0.419,0.292242025
1554779740509,54.947,121.3,0.00576,0.42,0.29344896
1554779740555,54.993,121.3,0.00576,0.42,0.29344896
1554779740601,55.039,121.3,0.00576,0.42,0.29344896
1554779740647,55.085,121.3,0.00576,0.42,0.29344896
1554779740708,55.146,121.3,0.00575,0.423,0.295031925
1554779740755,55.193,121.3,0.00575,0.423,0.295031925
1554779740801,55.239,121.3,0.00575,0.423,0.295031925
1554779740846,55.284,121.3,0.00575,0.423,0.295031925
1554779740909,55.347,121.3,0.00578,0.42,0.29446788
1554779740955,55.393,121.3,0.00578,0.42,0.29446788
1554779741001,55.439,121.3,0.00578,0.42,0.29446788
1554779741047,55.485,121.3,0.00578,0.42,0.29446788
1554779741108,55.546,121.3,0.00578,0.42,0.29446788
1554779741154,55.592,121.3,0.00578,0.42,0.29446788
1554779741200,55.638,121.3,0.00578,0.42,0.29446788
1554779741246,55.684,121.3,0.00578,0.42,0.29446788
1554779741309,55.747,121.3,0.00572,0.424,0.294186464
1554779741355,55.793,121.3,0.00572,0.424,0.294186464
1554779741401,55.839,121.3,0.00572,0.424,0.294186464
1554779741447,55.885,121.3,0.00572,0.424,0.294186464
1554779741508,55.946,121.3,0.00574,0.421,0.293126302
1554779741555,55.993,121.3,0.00574,0.421,0.293126302
1554779741601,56.039,121.3,0.00574,0.421,0.293126302
1554779741647,56.085,121.3,0.00574,0.421,0.293126302
1554779741708,56.146,121.3,0.0057,0.422,0.29177502
1554779741753,56.191,121.3,0.0057,0.422,0.29177502
1554779741800,56.238,121.3,0.0057,0.422,0.29177502
1554779741846,56.284,121.3,0.0057,0.422,0.29177502
1554779741908,56.346,121.4,0.0057,0.422,0.29201556
1554779741954,56.392,121.4,0.0057,0.422,0.29201556
1554779742000,56.438,121.4,0.0057,0.422,0.29201556
1554779742046,56.484,121.4,0.0057,0.422,0.29201556
1554779742109,56.547,121.4,0.00569,0.42,0.29012172
1554779742155,56.593,121.4,0.00569,0.42,0.29012172
1554779742201,56.639,121.4,0.00569,0.42,0.29012172
1554779742247,56.685,121.4,0.00569,0.42,0.29012172
1554779742308,56.746,121.3,0.00568,0.421,0.290062264
1554779742354,56.792,121.3,0.00568,0.421,0.290062264
1554779742400,56.838,121.3,0.00568,0.421,0.290062264
1554779742446,56.884,121.3,0.00568,0.421,0.290062264
1554779742509,56.947,121.3,0.00567,0.423,0.290927133
1554779742555,56.993,121.3,0.00567,0.423,0.290927133
1554779742601,57.039,121.3,0.00567,0.423,0.290927133
1554779742647,57.085,121.3,0.00567,0.423,0.290927133
1554779742708,57.146,121.3,0.00568,0.422,0.290751248
1554779742755,57.193,121.3,0.00568,0.422,0.290751248
1554779742801,57.239,121.3,0.00568,0.422,0.290751248
1554779742847,57.285,121.3,0.00568,0.422,0.290751248
1554779742908,57.346,121.4,0.00566,0.423,0.290653452
1554779742954,57.392,121.4,0.00566,0.423,0.290653452
1554779743000,57.438,121.4,0.00566,0.423,0.290653452
1554779743046,57.484,121.4,0.00566,0.423,0.290653452
1554779743108,57.546,121.4,0.00566,0.42,0.28859208
1554779743154,57.592,121.4,0.00566,0.42,0.28859208
1554779743201,57.639,121.4,0.00566,0.42,0.28859208
1554779743247,57.685,121.4,0.00566,0.42,0.28859208
1554779743308,57.746,121.3,0.00572,0.419,0.290717284
1554779743354,57.792,121.3,0.00572,0.419,0.290717284
1554779743400,57.838,121.3,0.00572,0.419,0.290717284
1554779743446,57.884,121.3,0.00572,0.419,0.290717284
1554779743508,57.946,121.3,0.00573,0.418,0.290530482
1554779743554,57.992,121.3,0.00573,0.418,0.290530482
1554779743600,58.039,121.3,0.00573,0.418,0.290530482
1554779743647,58.085,121.3,0.00573,0.418,0.290530482
1554779743708,58.146,121.3,0.00579,0.419,0.294275013
1554779743753,58.191,121.3,0.00579,0.419,0.294275013
1554779743799,58.237,121.3,0.00579,0.419,0.294275013
1554779743846,58.284,121.3,0.00579,0.419,0.294275013
1554779743908,58.346,121.4,0.00577,0.418,0.292799804
1554779743954,58.392,121.4,0.00577,0.418,0.292799804
1554779744000,58.439,121.4,0.00577,0.418,0.292799804
1554779744047,58.485,121.4,0.00577,0.418,0.292799804
1554779744108,58.546,121.4,0.00572,0.422,0.293040176
1554779744154,58.592,121.4,0.00572,0.422,0.293040176
1554779744200,58.638,121.4,0.00572,0.422,0.293040176
1554779744246,58.684,121.4,0.00572,0.422,0.293040176
1554779744308,58.746,121.4,0.00573,0.42,0.29216124
1554779744354,58.793,121.4,0.00573,0.42,0.29216124
1554779744401,58.839,121.4,0.00573,0.42,0.29216124
1554779744447,58.885,121.4,0.00573,0.42,0.29216124
1554779744508,58.946,121.3,0.00575,0.421,0.293636975
1554779744554,58.992,121.3,0.00575,0.421,0.293636975
1554779744600,59.038,121.3,0.00575,0.421,0.293636975
1554779744646,59.084,121.3,0.00575,0.421,0.293636975
1554779744707,59.146,121.3,0.00575,0.422,0.29433445
1554779744753,59.191,121.3,0.00575,0.422,0.29433445
1554779744799,59.238,121.3,0.00575,0.422,0.29433445
1554779744846,59.284,121.3,0.00575,0.422,0.29433445
1554779744908,59.346,121.3,0.00577,0.421,0.294658321
1554779744954,59.392,121.3,0.00577,0.421,0.294658321
1554779745000,59.438,121.3,0.00577,0.421,0.294658321
1554779745046,59.484,121.3,0.00577,0.421,0.294658321
1554779745108,59.546,121.3,0.00575,0.423,0.295031925
1554779745154,59.593,121.3,0.00575,0.423,0.295031925
1554779745201,59.639,121.3,0.00575,0.423,0.295031925
1554779745247,59.685,121.3,0.00575,0.423,0.295031925
1554779745308,59.746,121.3,0.00575,0.42,0.2929395
1554779745354,59.792,121.3,0.00575,0.42,0.2929395
1554779745400,59.838,121.3,0.00575,0.42,0.2929395
1554779745446,59.884,121.3,0.00575,0.42,0.2929395
1554779745507,59.945,121.3,0.00576,0.421,0.294147648
1554779745553,59.991,121.3,0.00576,0.421,0.294147648
1554779745599,60.037,121.3,0.00576,0.421,0.294147648
1554779745646,60.084,121.3,0.00576,0.421,0.294147648
1554779745708,60.146,121.3,0.00575,0.422,0.29433445
1554779745754,60.192,121.3,0.00575,0.422,0.29433445
1554779745800,60.238,121.3,0.00575,0.422,0.29433445
1554779745846,60.284,121.3,0.00575,0.422,0.29433445
1554779745907,60.345,121.4,0.00573,0.421,0.292856862
1554779745953,60.391,121.4,0.00573,0.421,0.292856862
1554779745999,60.437,121.4,0.00573,0.421,0.292856862
1554779746045,60.483,121.4,0.00573,0.421,0.292856862
1554779746108,60.546,121.4,0.00567,0.423,0.291166974
1554779746154,60.592,121.4,0.00567,0.423,0.291166974
1554779746200,60.638,121.4,0.00567,0.423,0.291166974
1554779746246,60.684,121.4,0.00567,0.423,0.291166974
1554779746307,60.745,121.4,0.00572,0.42,0.29165136
1554779746353,60.791,121.4,0.00572,0.42,0.29165136
1554779746399,60.837,121.4,0.00572,0.42,0.29165136
1554779746445,60.883,121.4,0.00572,0.42,0.29165136
1554779746508,60.946,121.3,0.00571,0.419,0.290209037
1554779746554,60.992,121.3,0.00571,0.419,0.290209037
1554779746600,61.038,121.3,0.00571,0.419,0.290209037
1554779746646,61.084,121.3,0.00571,0.419,0.290209037
1554779746707,61.145,121.3,0.00564,0.423,0.289387836
1554779746753,61.191,121.3,0.00564,0.423,0.289387836
1554779746799,61.237,121.3,0.00564,0.423,0.289387836
1554779746845,61.283,121.3,0.00564,0.423,0.289387836
1554779746907,61.345,121.4,0.00567,0.424,0.291855312
1554779746953,61.391,121.4,0.00567,0.424,0.291855312
1554779747000,61.438,121.4,0.00567,0.424,0.291855312
1554779747046,61.484,121.4,0.00567,0.424,0.291855312
1554779747108,61.546,121.4,0.00565,0.424,0.29082584
1554779747154,61.592,121.4,0.00565,0.424,0.29082584
1554779747200,61.638,121.4,0.00565,0.424,0.29082584
1554779747247,61.685,121.4,0.00565,0.424,0.29082584
1554779747308,61.746,121.3,0.00567,0.42,0.28886382
1554779747354,61.792,121.3,0.00567,0.42,0.28886382
1554779747400,61.838,121.3,0.00567,0.42,0.28886382
1554779747446,61.884,121.3,0.00567,0.42,0.28886382
1554779747507,61.945,121.3,0.00569,0.424,0.292643528
1554779747553,61.991,121.3,0.00569,0.424,0.292643528
1554779747599,62.037,121.3,0.00569,0.424,0.292643528
1554779747645,62.083,121.3,0.00569,0.424,0.292643528
1554779747708,62.146,121.3,0.00572,0.423,0.293492628
1554779747754,62.192,121.3,0.00572,0.423,0.293492628
1554779747800,62.238,121.3,0.00572,0.423,0.293492628
1554779747846,62.284,121.3,0.00572,0.423,0.293492628
1554779747907,62.345,121.3,0.00572,0.423,0.293492628
1554779747953,62.391,121.3,0.00572,0.423,0.293492628
1554779747999,62.437,121.3,0.00572,0.423,0.293492628
1554779748046,62.484,121.3,0.00572,0.423,0.293492628
1554779748108,62.546,121.4,0.00568,0.425,0.2930596
1554779748154,62.592,121.4,0.00568,0.425,0.2930596
1554779748200,62.638,121.4,0.00568,0.425,0.2930596
1554779748246,62.684,121.4,0.00568,0.425,0.2930596
1554779748307,62.746,121.3,0.00568,0.424,0.292129216
1554779748354,62.792,121.3,0.00568,0.424,0.292129216
1554779748400,62.838,121.3,0.00568,0.424,0.292129216
1554779748446,62.884,121.3,0.00568,0.424,0.292129216
1554779748507,62.945,121.3,0.00571,0.424,0.293672152
1554779748553,62.991,121.3,0.00571,0.424,0.293672152
1554779748599,63.037,121.3,0.00571,0.424,0.293672152
1554779748645,63.083,121.3,0.00571,0.424,0.293672152
1554779748707,63.146,121.3,0.00574,0.426,0.296607612
1554779748754,63.192,121.3,0.00574,0.426,0.296607612
1554779748800,63.238,121.3,0.00574,0.426,0.296607612
1554779748846,63.284,121.3,0.00574,0.426,0.296607612
1554779748907,63.345,121.4,0.0058,0.418,0.29432216
1554779748953,63.391,121.4,0.0058,0.418,0.29432216
1554779748999,63.437,121.4,0.0058,0.418,0.29432216
1554779749045,63.483,121.4,0.0058,0.418,0.29432216
1554779749107,63.545,121.4,0.0058,0.417,0.29361804
1554779749154,63.592,121.4,0.0058,0.417,0.29361804
1554779749200,63.638,121.4,0.0058,0.417,0.29361804
1554779749246,63.684,121.4,0.0058,0.417,0.29361804
1554779749307,63.745,121.3,0.00576,0.418,0.292051584
1554779749353,63.791,121.3,0.00576,0.418,0.292051584
1554779749399,63.837,121.3,0.00576,0.418,0.292051584
1554779749445,63.883,121.3,0.00576,0.418,0.292051584
1554779749508,63.946,121.3,0.00574,0.42,0.29243004
1554779749554,63.992,121.3,0.00574,0.42,0.29243004
1554779749600,64.038,121.3,0.00574,0.42,0.29243004
1554779749646,64.084,121.3,0.00574,0.42,0.29243004
1554779749707,64.145,121.4,0.00575,0.421,0.29387905
1554779749753,64.192,121.4,0.00575,0.421,0.29387905
1554779749799,64.237,121.4,0.00575,0.421,0.29387905
1554779749846,64.284,121.4,0.00575,0.421,0.29387905
1554779749907,64.345,121.4,0.00572,0.422,0.293040176
1554779749953,64.391,121.4,0.00572,0.422,0.293040176
1554779749999,64.437,121.4,0.00572,0.422,0.293040176
1554779750045,64.483,121.4,0.00572,0.422,0.293040176
1554779750108,64.546,121.4,0.0057,0.42,0.2906316
1554779750154,64.592,121.4,0.0057,0.42,0.2906316
1554779750200,64.638,121.4,0.0057,0.42,0.2906316
1554779750246,64.684,121.4,0.0057,0.42,0.2906316
1554779750307,64.745,121.4,0.00569,0.42,0.29012172
1554779750353,64.791,121.4,0.00569,0.42,0.29012172
1554779750399,64.837,121.4,0.00569,0.42,0.29012172
1554779750445,64.883,121.4,0.00569,0.42,0.29012172
1554779750508,64.946,121.3,0.00574,0.42,0.29243004
1554779750554,64.992,121.3,0.00574,0.42,0.29243004
1554779750600,65.038,121.3,0.00574,0.42,0.29243004
1554779750646,65.084,121.3,0.00574,0.42,0.29243004
1554779750707,65.145,121.4,0.00616,0.429,0.320816496
1554779750753,65.191,121.4,0.00616,0.429,0.320816496
1554779750799,65.237,121.4,0.00616,0.429,0.320816496
1554779750845,65.283,121.4,0.00616,0.429,0.320816496
1554779750907,65.345,121.4,0.00621,0.427,0.321912738
1554779750952,65.39,121.4,0.00621,0.427,0.321912738
1554779750998,65.436,121.4,0.00621,0.427,0.321912738
1554779751045,65.483,121.4,0.00621,0.427,0.321912738
1554779751107,65.545,121.4,0.00624,0.422,0.319680192
1554779751153,65.591,121.4,0.00624,0.422,0.319680192
1554779751199,65.637,121.4,0.00624,0.422,0.319680192
1554779751245,65.683,121.4,0.00624,0.422,0.319680192
1554779751307,65.745,121.3,0.0062,0.425,0.3196255
1554779751353,65.791,121.3,0.0062,0.425,0.3196255
1554779751399,65.837,121.3,0.0062,0.425,0.3196255
1554779751445,65.883,121.3,0.0062,0.425,0.3196255
1554779751507,65.945,121.3,0.00627,0.422,0.320952522
1554779751553,65.991,121.3,0.00627,0.422,0.320952522
1554779751599,66.037,121.3,0.00627,0.422,0.320952522
1554779751646,66.084,121.3,0.00627,0.422,0.320952522
1554779751707,66.145,121.3,0.00621,0.424,0.319387752
1554779751753,66.191,121.3,0.00621,0.424,0.319387752
1554779751799,66.237,121.3,0.00621,0.424,0.319387752
1554779751845,66.283,121.3,0.00621,0.424,0.319387752
1554779751907,66.345,121.3,0.00625,0.428,0.3244775
1554779751954,66.392,121.3,0.00625,0.428,0.3244775
1554779752000,66.438,121.3,0.00625,0.428,0.3244775
1554779752046,66.484,121.3,0.00625,0.428,0.3244775
1554779752107,66.545,121.3,0.00624,0.43,0.32547216
1554779752153,66.591,121.3,0.00624,0.43,0.32547216
You pressed Ctrl+C!
1554779752200,66.638,121.3,0.00624,0.43,0.32547216
