# Mon Apr 08 22:47:45 2019
abstime,time_stamp,volt,curr,pf,mul
1554788865827,0.097,120.9,0.00569,0.416,0.286175136
1554788865875,0.145,120.9,0.00569,0.416,0.286175136
1554788865921,0.191,120.9,0.00569,0.416,0.286175136
1554788865967,0.237,120.9,0.00569,0.416,0.286175136
1554788866025,0.295,120.9,0.00569,0.419,0.288238899
1554788866070,0.34,120.9,0.00569,0.419,0.288238899
1554788866116,0.386,120.9,0.00569,0.419,0.288238899
1554788866161,0.431,120.9,0.00569,0.419,0.288238899
1554788866225,0.495,120.9,0.00569,0.417,0.286863057
1554788866270,0.54,120.9,0.00569,0.417,0.286863057
1554788866314,0.584,120.9,0.00569,0.417,0.286863057
1554788866360,0.63,120.9,0.00569,0.417,0.286863057
1554788866424,0.694,121.0,0.0057,0.419,0.2889843
1554788866470,0.74,121.0,0.0057,0.419,0.2889843
1554788866516,0.786,121.0,0.0057,0.419,0.2889843
1554788866562,0.832,121.0,0.0057,0.419,0.2889843
1554788866625,0.895,121.0,0.00567,0.419,0.28746333
1554788866671,0.941,121.0,0.00567,0.419,0.28746333
1554788866717,0.987,121.0,0.00567,0.419,0.28746333
1554788866763,1.033,121.0,0.00567,0.419,0.28746333
1554788866825,1.095,120.9,0.0057,0.421,0.29012373
1554788866872,1.142,120.9,0.0057,0.421,0.29012373
1554788866918,1.188,120.9,0.0057,0.421,0.29012373
1554788866964,1.234,120.9,0.0057,0.421,0.29012373
1554788867024,1.294,120.9,0.0057,0.418,0.28805634
1554788867070,1.34,120.9,0.0057,0.418,0.28805634
1554788867116,1.386,120.9,0.0057,0.418,0.28805634
1554788867163,1.433,120.9,0.0057,0.418,0.28805634
1554788867225,1.495,121.0,0.00571,0.421,0.29087311
1554788867271,1.541,121.0,0.00571,0.421,0.29087311
1554788867317,1.587,121.0,0.00571,0.421,0.29087311
1554788867363,1.633,121.0,0.00571,0.421,0.29087311
1554788867424,1.694,121.0,0.00576,0.42,0.2927232
1554788867470,1.74,121.0,0.00576,0.42,0.2927232
1554788867516,1.786,121.0,0.00576,0.42,0.2927232
1554788867562,1.832,121.0,0.00576,0.42,0.2927232
1554788867624,1.894,121.0,0.00577,0.415,0.28974055
1554788867670,1.94,121.0,0.00577,0.415,0.28974055
1554788867717,1.987,121.0,0.00577,0.415,0.28974055
1554788867763,2.033,121.0,0.00577,0.415,0.28974055
1554788867825,2.095,121.0,0.00571,0.417,0.28810947
1554788867871,2.141,121.0,0.00571,0.417,0.28810947
1554788867917,2.187,121.0,0.00571,0.417,0.28810947
1554788867963,2.233,121.0,0.00571,0.417,0.28810947
1554788868025,2.295,121.0,0.0057,0.421,0.2903637
1554788868071,2.341,121.0,0.0057,0.421,0.2903637
1554788868117,2.387,121.0,0.0057,0.421,0.2903637
1554788868163,2.433,121.0,0.0057,0.421,0.2903637
1554788868226,2.496,121.0,0.00574,0.421,0.29240134
1554788868272,2.542,121.0,0.00574,0.421,0.29240134
1554788868318,2.588,121.0,0.00574,0.421,0.29240134
1554788868364,2.634,121.0,0.00574,0.421,0.29240134
1554788868425,2.695,121.0,0.00575,0.419,0.29151925
1554788868471,2.741,121.0,0.00575,0.419,0.29151925
1554788868517,2.787,121.0,0.00575,0.419,0.29151925
1554788868563,2.833,121.0,0.00575,0.419,0.29151925
1554788868625,2.895,121.0,0.00579,0.42,0.2942478
1554788868671,2.941,121.0,0.00579,0.42,0.2942478
1554788868717,2.987,121.0,0.00579,0.42,0.2942478
1554788868763,3.033,121.0,0.00579,0.42,0.2942478
1554788868826,3.096,121.0,0.00571,0.42,0.2901822
1554788868871,3.141,121.0,0.00571,0.42,0.2901822
1554788868918,3.188,121.0,0.00571,0.42,0.2901822
1554788868964,3.234,121.0,0.00571,0.42,0.2901822
1554788869025,3.295,121.0,0.00574,0.419,0.29101226
1554788869071,3.341,121.0,0.00574,0.419,0.29101226
1554788869117,3.387,121.0,0.00574,0.419,0.29101226
1554788869163,3.433,121.0,0.00574,0.419,0.29101226
1554788869224,3.495,121.0,0.00574,0.42,0.2917068
1554788869270,3.54,121.0,0.00574,0.42,0.2917068
1554788869316,3.586,121.0,0.00574,0.42,0.2917068
1554788869362,3.632,121.0,0.00574,0.42,0.2917068
1554788869425,3.695,121.0,0.00571,0.419,0.28949129
1554788869471,3.741,121.0,0.00571,0.419,0.28949129
1554788869517,3.787,121.0,0.00571,0.419,0.28949129
1554788869563,3.833,121.0,0.00571,0.419,0.28949129
1554788869625,3.895,121.0,0.00571,0.42,0.2901822
1554788869671,3.941,121.0,0.00571,0.42,0.2901822
1554788869717,3.987,121.0,0.00571,0.42,0.2901822
1554788869763,4.033,121.0,0.00571,0.42,0.2901822
1554788869824,4.094,121.0,0.00564,0.42,0.2866248
1554788869871,4.141,121.0,0.00564,0.42,0.2866248
1554788869917,4.187,121.0,0.00564,0.42,0.2866248
1554788869963,4.233,121.0,0.00564,0.42,0.2866248
1554788870024,4.294,120.9,0.00568,0.418,0.287045616
1554788870070,4.34,120.9,0.00568,0.418,0.287045616
1554788870116,4.386,120.9,0.00568,0.418,0.287045616
1554788870162,4.432,120.9,0.00568,0.418,0.287045616
1554788870225,4.495,120.9,0.0057,0.417,0.28736721
1554788870271,4.541,120.9,0.0057,0.417,0.28736721
1554788870317,4.587,120.9,0.0057,0.417,0.28736721
1554788870363,4.633,120.9,0.0057,0.417,0.28736721
1554788870424,4.694,120.9,0.0057,0.418,0.28805634
1554788870470,4.74,120.9,0.0057,0.418,0.28805634
1554788870517,4.787,120.9,0.0057,0.418,0.28805634
1554788870563,4.833,120.9,0.0057,0.418,0.28805634
1554788870624,4.894,121.0,0.00568,0.414,0.28453392
1554788870670,4.94,121.0,0.00568,0.414,0.28453392
1554788870716,4.986,121.0,0.00568,0.414,0.28453392
1554788870762,5.032,121.0,0.00568,0.414,0.28453392
1554788870824,5.094,120.9,0.00567,0.42,0.28791126
1554788870870,5.14,120.9,0.00567,0.42,0.28791126
1554788870916,5.186,120.9,0.00567,0.42,0.28791126
1554788870963,5.233,120.9,0.00567,0.42,0.28791126
1554788871025,5.295,120.9,0.00568,0.418,0.287045616
1554788871071,5.341,120.9,0.00568,0.418,0.287045616
1554788871117,5.387,120.9,0.00568,0.418,0.287045616
1554788871163,5.433,120.9,0.00568,0.418,0.287045616
1554788871224,5.494,120.9,0.00572,0.418,0.289067064
1554788871271,5.541,120.9,0.00572,0.418,0.289067064
1554788871317,5.587,120.9,0.00572,0.418,0.289067064
1554788871363,5.633,120.9,0.00572,0.418,0.289067064
1554788871424,5.694,121.0,0.00573,0.42,0.2911986
1554788871470,5.74,121.0,0.00573,0.42,0.2911986
1554788871517,5.787,121.0,0.00573,0.42,0.2911986
1554788871563,5.833,121.0,0.00573,0.42,0.2911986
1554788871624,5.894,121.0,0.00574,0.419,0.29101226
1554788871670,5.94,121.0,0.00574,0.419,0.29101226
1554788871716,5.986,121.0,0.00574,0.419,0.29101226
1554788871762,6.032,121.0,0.00574,0.419,0.29101226
1554788871825,6.095,121.0,0.00572,0.419,0.28999828
1554788871871,6.141,121.0,0.00572,0.419,0.28999828
1554788871917,6.187,121.0,0.00572,0.419,0.28999828
1554788871963,6.233,121.0,0.00572,0.419,0.28999828
1554788872024,6.294,121.0,0.00573,0.418,0.28981194
1554788872070,6.34,121.0,0.00573,0.418,0.28981194
1554788872117,6.387,121.0,0.00573,0.418,0.28981194
1554788872163,6.433,121.0,0.00573,0.418,0.28981194
1554788872224,6.494,121.0,0.00577,0.42,0.2932314
1554788872270,6.54,121.0,0.00577,0.42,0.2932314
1554788872316,6.586,121.0,0.00577,0.42,0.2932314
1554788872362,6.632,121.0,0.00577,0.42,0.2932314
1554788872424,6.694,121.1,0.00576,0.42,0.29296512
1554788872470,6.74,121.1,0.00576,0.42,0.29296512
1554788872516,6.786,121.1,0.00576,0.42,0.29296512
1554788872563,6.833,121.1,0.00576,0.42,0.29296512
1554788872624,6.894,121.1,0.00574,0.418,0.290557652
1554788872669,6.939,121.1,0.00574,0.418,0.290557652
1554788872716,6.986,121.1,0.00574,0.418,0.290557652
1554788872762,7.032,121.1,0.00574,0.418,0.290557652
1554788872824,7.094,121.1,0.00571,0.421,0.291113501
1554788872870,7.14,121.1,0.00571,0.421,0.291113501
1554788872916,7.186,121.1,0.00571,0.421,0.291113501
1554788872962,7.232,121.1,0.00571,0.421,0.291113501
1554788873025,7.295,121.0,0.00575,0.418,0.2908235
1554788873071,7.341,121.0,0.00575,0.418,0.2908235
1554788873117,7.387,121.0,0.00575,0.418,0.2908235
1554788873163,7.433,121.0,0.00575,0.418,0.2908235
1554788873224,7.494,121.0,0.00576,0.417,0.29063232
1554788873271,7.541,121.0,0.00576,0.417,0.29063232
1554788873317,7.587,121.0,0.00576,0.417,0.29063232
1554788873363,7.633,121.0,0.00576,0.417,0.29063232
1554788873424,7.694,121.0,0.00571,0.419,0.28949129
1554788873470,7.74,121.0,0.00571,0.419,0.28949129
1554788873517,7.787,121.0,0.00571,0.419,0.28949129
1554788873563,7.833,121.0,0.00571,0.419,0.28949129
1554788873624,7.894,121.0,0.00565,0.422,0.2885003
1554788873670,7.94,121.0,0.00565,0.422,0.2885003
1554788873716,7.986,121.0,0.00565,0.422,0.2885003
1554788873762,8.032,121.0,0.00565,0.422,0.2885003
1554788873824,8.094,121.0,0.00563,0.421,0.28679783
1554788873869,8.139,121.0,0.00563,0.421,0.28679783
1554788873916,8.186,121.0,0.00563,0.421,0.28679783
1554788873961,8.231,121.0,0.00563,0.421,0.28679783
1554788874024,8.294,120.9,0.00566,0.421,0.288087774
1554788874070,8.34,120.9,0.00566,0.421,0.288087774
1554788874116,8.386,120.9,0.00566,0.421,0.288087774
1554788874162,8.432,120.9,0.00566,0.421,0.288087774
1554788874224,8.494,120.9,0.00565,0.42,0.2868957
1554788874271,8.541,120.9,0.00565,0.42,0.2868957
1554788874317,8.587,120.9,0.00565,0.42,0.2868957
1554788874363,8.633,120.9,0.00565,0.42,0.2868957
1554788874424,8.694,120.9,0.00565,0.421,0.287578785
1554788874470,8.74,120.9,0.00565,0.421,0.287578785
1554788874516,8.786,120.9,0.00565,0.421,0.287578785
1554788874562,8.832,120.9,0.00565,0.421,0.287578785
1554788874623,8.893,120.9,0.00568,0.421,0.289105752
1554788874669,8.939,120.9,0.00568,0.421,0.289105752
1554788874716,8.986,120.9,0.00568,0.421,0.289105752
1554788874762,9.032,120.9,0.00568,0.421,0.289105752
1554788874824,9.094,120.9,0.00563,0.419,0.285199473
1554788874870,9.14,120.9,0.00563,0.419,0.285199473
1554788874916,9.186,120.9,0.00563,0.419,0.285199473
1554788874962,9.232,120.9,0.00563,0.419,0.285199473
1554788875024,9.294,120.9,0.0057,0.421,0.29012373
1554788875069,9.339,120.9,0.0057,0.421,0.29012373
1554788875116,9.386,120.9,0.0057,0.421,0.29012373
1554788875162,9.432,120.9,0.0057,0.421,0.29012373
1554788875224,9.494,120.9,0.0057,0.422,0.29081286
1554788875270,9.54,120.9,0.0057,0.422,0.29081286
1554788875316,9.586,120.9,0.0057,0.422,0.29081286
1554788875362,9.632,120.9,0.0057,0.422,0.29081286
1554788875423,9.693,121.0,0.00571,0.42,0.2901822
1554788875469,9.739,121.0,0.00571,0.42,0.2901822
1554788875516,9.786,121.0,0.00571,0.42,0.2901822
1554788875562,9.832,121.0,0.00571,0.42,0.2901822
1554788875624,9.894,121.0,0.00572,0.42,0.2906904
1554788875670,9.94,121.0,0.00572,0.42,0.2906904
1554788875716,9.986,121.0,0.00572,0.42,0.2906904
1554788875763,10.033,121.0,0.00572,0.42,0.2906904
1554788875824,10.094,121.0,0.00576,0.42,0.2927232
1554788875870,10.14,121.0,0.00576,0.42,0.2927232
1554788875916,10.186,121.0,0.00576,0.42,0.2927232
1554788875962,10.232,121.0,0.00576,0.42,0.2927232
1554788876023,10.293,121.0,0.00577,0.417,0.29113689
1554788876069,10.339,121.0,0.00577,0.417,0.29113689
1554788876116,10.386,121.0,0.00577,0.417,0.29113689
1554788876162,10.432,121.0,0.00577,0.417,0.29113689
1554788876224,10.494,121.0,0.00576,0.421,0.29342016
1554788876270,10.54,121.0,0.00576,0.421,0.29342016
1554788876316,10.586,121.0,0.00576,0.421,0.29342016
1554788876363,10.633,121.0,0.00576,0.421,0.29342016
1554788876423,10.693,121.1,0.00574,0.421,0.292642994
1554788876470,10.74,121.1,0.00574,0.421,0.292642994
1554788876516,10.786,121.1,0.00574,0.421,0.292642994
1554788876562,10.832,121.1,0.00574,0.421,0.292642994
1554788876623,10.893,121.1,0.00568,0.423,0.290959704
1554788876669,10.939,121.1,0.00568,0.423,0.290959704
1554788876715,10.985,121.1,0.00568,0.423,0.290959704
1554788876761,11.031,121.1,0.00568,0.423,0.290959704
1554788876824,11.094,121.1,0.00568,0.422,0.290271856
1554788876870,11.14,121.1,0.00568,0.422,0.290271856
1554788876916,11.186,121.1,0.00568,0.422,0.290271856
1554788876962,11.232,121.1,0.00568,0.422,0.290271856
1554788877023,11.293,121.0,0.00568,0.42,0.2886576
1554788877069,11.339,121.0,0.00568,0.42,0.2886576
1554788877116,11.386,121.0,0.00568,0.42,0.2886576
1554788877162,11.432,121.0,0.00568,0.42,0.2886576
1554788877224,11.494,121.0,0.0057,0.421,0.2903637
1554788877270,11.54,121.0,0.0057,0.421,0.2903637
1554788877316,11.586,121.0,0.0057,0.421,0.2903637
1554788877362,11.632,121.0,0.0057,0.421,0.2903637
1554788877423,11.693,121.0,0.0057,0.42,0.289674
1554788877470,11.74,121.0,0.0057,0.42,0.289674
1554788877516,11.786,121.0,0.0057,0.42,0.289674
1554788877562,11.832,121.0,0.0057,0.42,0.289674
1554788877623,11.893,121.0,0.00571,0.417,0.28810947
1554788877669,11.939,121.0,0.00571,0.417,0.28810947
1554788877715,11.985,121.0,0.00571,0.417,0.28810947
1554788877761,12.031,121.0,0.00571,0.417,0.28810947
1554788877824,12.094,121.0,0.00571,0.417,0.28810947
1554788877870,12.14,121.0,0.00571,0.417,0.28810947
1554788877916,12.186,121.0,0.00571,0.417,0.28810947
1554788877962,12.232,121.0,0.00571,0.417,0.28810947
1554788878024,12.294,121.0,0.00566,0.417,0.28558662
1554788878070,12.34,121.0,0.00566,0.417,0.28558662
1554788878116,12.386,121.0,0.00566,0.417,0.28558662
1554788878162,12.432,121.0,0.00566,0.417,0.28558662
1554788878224,12.494,121.0,0.00569,0.419,0.28847731
1554788878270,12.54,121.0,0.00569,0.419,0.28847731
1554788878316,12.586,121.0,0.00569,0.419,0.28847731
1554788878362,12.632,121.0,0.00569,0.419,0.28847731
1554788878423,12.693,121.0,0.00566,0.42,0.2876412
1554788878469,12.739,121.0,0.00566,0.42,0.2876412
1554788878516,12.786,121.0,0.00566,0.42,0.2876412
1554788878562,12.832,121.0,0.00566,0.42,0.2876412
1554788878624,12.894,121.0,0.00564,0.419,0.28594236
1554788878670,12.94,121.0,0.00564,0.419,0.28594236
1554788878716,12.986,121.0,0.00564,0.419,0.28594236
1554788878762,13.032,121.0,0.00564,0.419,0.28594236
1554788878823,13.093,120.9,0.00572,0.416,0.287683968
1554788878869,13.139,120.9,0.00572,0.416,0.287683968
1554788878916,13.186,120.9,0.00572,0.416,0.287683968
1554788878961,13.231,120.9,0.00572,0.416,0.287683968
1554788879024,13.294,120.9,0.00568,0.418,0.287045616
1554788879070,13.34,120.9,0.00568,0.418,0.287045616
1554788879116,13.386,120.9,0.00568,0.418,0.287045616
1554788879162,13.432,120.9,0.00568,0.418,0.287045616
1554788879223,13.493,120.9,0.00569,0.42,0.28892682
1554788879269,13.539,120.9,0.00569,0.42,0.28892682
1554788879315,13.585,120.9,0.00569,0.42,0.28892682
1554788879361,13.631,120.9,0.00569,0.42,0.28892682
1554788879423,13.693,120.9,0.00572,0.42,0.29045016
1554788879470,13.74,120.9,0.00572,0.42,0.29045016
1554788879516,13.786,120.9,0.00572,0.42,0.29045016
1554788879562,13.832,120.9,0.00572,0.42,0.29045016
1554788879623,13.893,121.0,0.00574,0.421,0.29240134
1554788879669,13.939,121.0,0.00574,0.421,0.29240134
1554788879715,13.985,121.0,0.00574,0.421,0.29240134
1554788879761,14.031,121.0,0.00574,0.421,0.29240134
1554788879823,14.093,121.0,0.00571,0.419,0.28949129
1554788879869,14.139,121.0,0.00571,0.419,0.28949129
1554788879915,14.185,121.0,0.00571,0.419,0.28949129
1554788879961,14.231,121.0,0.00571,0.419,0.28949129
1554788880024,14.294,121.0,0.00574,0.421,0.29240134
1554788880070,14.34,121.0,0.00574,0.421,0.29240134
1554788880116,14.386,121.0,0.00574,0.421,0.29240134
1554788880162,14.432,121.0,0.00574,0.421,0.29240134
1554788880223,14.493,121.0,0.00578,0.42,0.2937396
1554788880269,14.539,121.0,0.00578,0.42,0.2937396
1554788880316,14.586,121.0,0.00578,0.42,0.2937396
1554788880362,14.632,121.0,0.00578,0.42,0.2937396
1554788880423,14.693,121.0,0.00579,0.42,0.2942478
1554788880469,14.739,121.0,0.00579,0.42,0.2942478
1554788880515,14.785,121.0,0.00579,0.42,0.2942478
1554788880561,14.831,121.0,0.00579,0.42,0.2942478
1554788880623,14.893,121.0,0.00574,0.419,0.29101226
1554788880670,14.94,121.0,0.00574,0.419,0.29101226
1554788880716,14.986,121.0,0.00574,0.419,0.29101226
1554788880762,15.032,121.0,0.00574,0.419,0.29101226
1554788880823,15.093,121.0,0.00571,0.423,0.29225493
1554788880869,15.139,121.0,0.00571,0.423,0.29225493
1554788880915,15.185,121.0,0.00571,0.423,0.29225493
1554788880961,15.231,121.0,0.00571,0.423,0.29225493
1554788881023,15.293,121.0,0.00571,0.42,0.2901822
1554788881069,15.339,121.0,0.00571,0.42,0.2901822
1554788881115,15.385,121.0,0.00571,0.42,0.2901822
1554788881161,15.431,121.0,0.00571,0.42,0.2901822
1554788881223,15.494,121.0,0.00571,0.418,0.28880038
1554788881270,15.54,121.0,0.00571,0.418,0.28880038
1554788881316,15.586,121.0,0.00571,0.418,0.28880038
1554788881362,15.632,121.0,0.00571,0.418,0.28880038
1554788881424,15.694,121.0,0.00574,0.422,0.29309588
1554788881470,15.74,121.0,0.00574,0.422,0.29309588
1554788881516,15.786,121.0,0.00574,0.422,0.29309588
1554788881562,15.832,121.0,0.00574,0.422,0.29309588
1554788881624,15.894,121.0,0.00574,0.416,0.28892864
1554788881670,15.94,121.0,0.00574,0.416,0.28892864
1554788881716,15.986,121.0,0.00574,0.416,0.28892864
1554788881762,16.032,121.0,0.00574,0.416,0.28892864
1554788881823,16.093,121.0,0.00571,0.414,0.28603674
1554788881869,16.139,121.0,0.00571,0.414,0.28603674
1554788881915,16.185,121.0,0.00571,0.414,0.28603674
1554788881961,16.231,121.0,0.00571,0.414,0.28603674
1554788882023,16.293,121.0,0.00568,0.416,0.28590848
1554788882069,16.339,121.0,0.00568,0.416,0.28590848
1554788882115,16.385,121.0,0.00568,0.416,0.28590848
1554788882161,16.431,121.0,0.00568,0.416,0.28590848
1554788882223,16.493,121.0,0.0057,0.418,0.2882946
1554788882269,16.539,121.0,0.0057,0.418,0.2882946
1554788882316,16.586,121.0,0.0057,0.418,0.2882946
1554788882362,16.632,121.0,0.0057,0.418,0.2882946
1554788882423,16.693,121.0,0.00566,0.42,0.2876412
1554788882469,16.739,121.0,0.00566,0.42,0.2876412
1554788882515,16.785,121.0,0.00566,0.42,0.2876412
1554788882561,16.831,121.0,0.00566,0.42,0.2876412
1554788882623,16.893,121.0,0.00568,0.417,0.28659576
1554788882668,16.938,121.0,0.00568,0.417,0.28659576
1554788882714,16.984,121.0,0.00568,0.417,0.28659576
1554788882761,17.031,121.0,0.00568,0.417,0.28659576
1554788882823,17.093,121.0,0.00569,0.418,0.28778882
1554788882869,17.139,121.0,0.00569,0.418,0.28778882
1554788882916,17.186,121.0,0.00569,0.418,0.28778882
1554788882962,17.232,121.0,0.00569,0.418,0.28778882
1554788883023,17.293,120.9,0.00572,0.416,0.287683968
1554788883069,17.339,120.9,0.00572,0.416,0.287683968
1554788883115,17.385,120.9,0.00572,0.416,0.287683968
1554788883161,17.431,120.9,0.00572,0.416,0.287683968
1554788883223,17.493,120.9,0.00572,0.42,0.29045016
1554788883269,17.539,120.9,0.00572,0.42,0.29045016
1554788883316,17.586,120.9,0.00572,0.42,0.29045016
1554788883362,17.632,120.9,0.00572,0.42,0.29045016
1554788883423,17.693,120.9,0.00573,0.419,0.290265183
1554788883469,17.739,120.9,0.00573,0.419,0.290265183
1554788883515,17.785,120.9,0.00573,0.419,0.290265183
1554788883561,17.831,120.9,0.00573,0.419,0.290265183
1554788883623,17.893,120.9,0.00573,0.421,0.291650697
1554788883670,17.94,120.9,0.00573,0.421,0.291650697
1554788883716,17.986,120.9,0.00573,0.421,0.291650697
1554788883762,18.032,120.9,0.00573,0.421,0.291650697
1554788883823,18.093,121.0,0.00571,0.418,0.28880038
1554788883869,18.139,121.0,0.00571,0.418,0.28880038
1554788883915,18.185,121.0,0.00571,0.418,0.28880038
1554788883961,18.231,121.0,0.00571,0.418,0.28880038
1554788884022,18.292,120.9,0.00572,0.418,0.289067064
1554788884068,18.338,120.9,0.00572,0.418,0.289067064
1554788884115,18.385,120.9,0.00572,0.418,0.289067064
1554788884161,18.431,120.9,0.00572,0.418,0.289067064
1554788884223,18.493,120.9,0.00578,0.418,0.292099236
1554788884269,18.539,120.9,0.00578,0.418,0.292099236
1554788884315,18.585,120.9,0.00578,0.418,0.292099236
1554788884361,18.631,120.9,0.00578,0.418,0.292099236
1554788884422,18.692,121.0,0.00581,0.417,0.29315517
1554788884468,18.738,121.0,0.00581,0.417,0.29315517
1554788884514,18.784,121.0,0.00581,0.417,0.29315517
1554788884560,18.83,121.0,0.00581,0.417,0.29315517
1554788884623,18.893,121.0,0.00577,0.418,0.29183506
1554788884669,18.939,121.0,0.00577,0.418,0.29183506
1554788884715,18.985,121.0,0.00577,0.418,0.29183506
1554788884761,19.031,121.0,0.00577,0.418,0.29183506
1554788884822,19.092,121.0,0.00571,0.421,0.29087311
1554788884868,19.138,121.0,0.00571,0.421,0.29087311
1554788884915,19.185,121.0,0.00571,0.421,0.29087311
1554788884961,19.231,121.0,0.00571,0.421,0.29087311
1554788885023,19.293,121.0,0.00569,0.421,0.28985429
1554788885070,19.34,121.0,0.00569,0.421,0.28985429
1554788885116,19.386,121.0,0.00569,0.421,0.28985429
1554788885162,19.432,121.0,0.00569,0.421,0.28985429
1554788885223,19.493,121.0,0.00573,0.419,0.29050527
1554788885269,19.539,121.0,0.00573,0.419,0.29050527
1554788885315,19.585,121.0,0.00573,0.419,0.29050527
1554788885362,19.632,121.0,0.00573,0.419,0.29050527
1554788885423,19.693,121.0,0.00573,0.42,0.2911986
1554788885468,19.738,121.0,0.00573,0.42,0.2911986
1554788885515,19.785,121.0,0.00573,0.42,0.2911986
1554788885561,19.831,121.0,0.00573,0.42,0.2911986
1554788885622,19.892,121.1,0.00565,0.419,0.286686085
1554788885668,19.938,121.1,0.00565,0.419,0.286686085
1554788885714,19.984,121.1,0.00565,0.419,0.286686085
1554788885760,20.03,121.1,0.00565,0.419,0.286686085
1554788885822,20.092,121.1,0.00564,0.422,0.288227688
1554788885869,20.139,121.1,0.00564,0.422,0.288227688
1554788885915,20.185,121.1,0.00564,0.422,0.288227688
1554788885961,20.231,121.1,0.00564,0.422,0.288227688
1554788886022,20.292,121.0,0.00562,0.421,0.28628842
1554788886068,20.338,121.0,0.00562,0.421,0.28628842
1554788886114,20.384,121.0,0.00562,0.421,0.28628842
1554788886161,20.431,121.0,0.00562,0.421,0.28628842
1554788886223,20.493,121.0,0.00562,0.418,0.28424836
1554788886269,20.539,121.0,0.00562,0.418,0.28424836
1554788886315,20.585,121.0,0.00562,0.418,0.28424836
1554788886362,20.632,121.0,0.00562,0.418,0.28424836
1554788886422,20.692,121.0,0.00563,0.425,0.28952275
1554788886468,20.738,121.0,0.00563,0.425,0.28952275
1554788886514,20.784,121.0,0.00563,0.425,0.28952275
1554788886560,20.83,121.0,0.00563,0.425,0.28952275
1554788886622,20.892,121.0,0.00564,0.421,0.28730724
1554788886668,20.938,121.0,0.00564,0.421,0.28730724
1554788886715,20.985,121.0,0.00564,0.421,0.28730724
1554788886761,21.031,121.0,0.00564,0.421,0.28730724
1554788886822,21.092,121.0,0.00566,0.421,0.28832606
1554788886868,21.138,121.0,0.00566,0.421,0.28832606
1554788886914,21.184,121.0,0.00566,0.421,0.28832606
1554788886960,21.23,121.0,0.00566,0.421,0.28832606
1554788887023,21.293,121.0,0.00567,0.42,0.2881494
1554788887069,21.339,121.0,0.00567,0.42,0.2881494
1554788887115,21.385,121.0,0.00567,0.42,0.2881494
1554788887161,21.431,121.0,0.00567,0.42,0.2881494
1554788887222,21.492,120.9,0.00573,0.418,0.289572426
1554788887268,21.538,120.9,0.00573,0.418,0.289572426
1554788887314,21.584,120.9,0.00573,0.418,0.289572426
1554788887360,21.63,120.9,0.00573,0.418,0.289572426
1554788887423,21.693,120.9,0.00569,0.419,0.288238899
1554788887469,21.739,120.9,0.00569,0.419,0.288238899
1554788887515,21.785,120.9,0.00569,0.419,0.288238899
1554788887561,21.831,120.9,0.00569,0.419,0.288238899
1554788887622,21.892,120.9,0.00569,0.42,0.28892682
1554788887668,21.938,120.9,0.00569,0.42,0.28892682
1554788887714,21.984,120.9,0.00569,0.42,0.28892682
1554788887760,22.03,120.9,0.00569,0.42,0.28892682
1554788887823,22.093,120.9,0.0057,0.421,0.29012373
1554788887869,22.139,120.9,0.0057,0.421,0.29012373
1554788887915,22.185,120.9,0.0057,0.421,0.29012373
1554788887961,22.231,120.9,0.0057,0.421,0.29012373
1554788888022,22.292,120.9,0.00567,0.42,0.28791126
1554788888068,22.338,120.9,0.00567,0.42,0.28791126
1554788888114,22.384,120.9,0.00567,0.42,0.28791126
1554788888160,22.43,120.9,0.00567,0.42,0.28791126
1554788888222,22.492,120.9,0.00574,0.421,0.292159686
1554788888268,22.538,120.9,0.00574,0.421,0.292159686
1554788888315,22.585,120.9,0.00574,0.421,0.292159686
1554788888361,22.631,120.9,0.00574,0.421,0.292159686
1554788888422,22.692,120.9,0.00574,0.421,0.292159686
1554788888468,22.738,120.9,0.00574,0.421,0.292159686
1554788888514,22.784,120.9,0.00574,0.421,0.292159686
1554788888560,22.83,120.9,0.00574,0.421,0.292159686
1554788888622,22.892,121.0,0.00572,0.423,0.29276676
1554788888668,22.938,121.0,0.00572,0.423,0.29276676
1554788888715,22.985,121.0,0.00572,0.423,0.29276676
1554788888761,23.031,121.0,0.00572,0.423,0.29276676
1554788888822,23.092,121.0,0.00569,0.421,0.28985429
1554788888868,23.138,121.0,0.00569,0.421,0.28985429
1554788888914,23.184,121.0,0.00569,0.421,0.28985429
1554788888960,23.23,121.0,0.00569,0.421,0.28985429
1554788889022,23.292,121.0,0.0057,0.421,0.2903637
1554788889068,23.338,121.0,0.0057,0.421,0.2903637
1554788889114,23.384,121.0,0.0057,0.421,0.2903637
1554788889161,23.431,121.0,0.0057,0.421,0.2903637
1554788889222,23.492,121.0,0.00572,0.419,0.28999828
1554788889268,23.538,121.0,0.00572,0.419,0.28999828
1554788889314,23.584,121.0,0.00572,0.419,0.28999828
1554788889360,23.63,121.0,0.00572,0.419,0.28999828
1554788889422,23.692,121.0,0.00573,0.42,0.2911986
1554788889468,23.738,121.0,0.00573,0.42,0.2911986
1554788889514,23.784,121.0,0.00573,0.42,0.2911986
1554788889561,23.831,121.0,0.00573,0.42,0.2911986
1554788889623,23.893,121.1,0.0057,0.421,0.29060367
1554788889669,23.939,121.1,0.0057,0.421,0.29060367
1554788889715,23.985,121.1,0.0057,0.421,0.29060367
1554788889761,24.031,121.1,0.0057,0.421,0.29060367
1554788889822,24.092,121.1,0.00573,0.416,0.288663648
1554788889868,24.138,121.1,0.00573,0.416,0.288663648
1554788889914,24.184,121.1,0.00573,0.416,0.288663648
1554788889961,24.231,121.1,0.00573,0.416,0.288663648
1554788890023,24.293,121.1,0.00568,0.42,0.28889616
1554788890069,24.339,121.1,0.00568,0.42,0.28889616
1554788890115,24.385,121.1,0.00568,0.42,0.28889616
1554788890161,24.431,121.1,0.00568,0.42,0.28889616
1554788890222,24.492,121.1,0.00562,0.423,0.287886186
1554788890267,24.537,121.1,0.00562,0.423,0.287886186
1554788890314,24.584,121.1,0.00562,0.423,0.287886186
1554788890360,24.63,121.1,0.00562,0.423,0.287886186
1554788890422,24.692,121.1,0.00562,0.423,0.287886186
1554788890468,24.738,121.1,0.00562,0.423,0.287886186
1554788890514,24.784,121.1,0.00562,0.423,0.287886186
1554788890560,24.83,121.1,0.00562,0.423,0.287886186
1554788890622,24.892,121.1,0.00562,0.422,0.287205604
1554788890668,24.938,121.1,0.00562,0.422,0.287205604
1554788890714,24.984,121.1,0.00562,0.422,0.287205604
1554788890760,25.03,121.1,0.00562,0.422,0.287205604
1554788890822,25.092,121.1,0.00565,0.419,0.286686085
1554788890868,25.138,121.1,0.00565,0.419,0.286686085
1554788890914,25.184,121.1,0.00565,0.419,0.286686085
1554788890960,25.23,121.1,0.00565,0.419,0.286686085
1554788891022,25.292,121.0,0.00564,0.422,0.28798968
1554788891068,25.338,121.0,0.00564,0.422,0.28798968
1554788891114,25.384,121.0,0.00564,0.422,0.28798968
1554788891160,25.43,121.0,0.00564,0.422,0.28798968
1554788891223,25.493,121.0,0.00567,0.421,0.28883547
1554788891269,25.539,121.0,0.00567,0.421,0.28883547
1554788891315,25.585,121.0,0.00567,0.421,0.28883547
1554788891361,25.631,121.0,0.00567,0.421,0.28883547
1554788891422,25.692,121.0,0.00566,0.423,0.28969578
1554788891468,25.738,121.0,0.00566,0.423,0.28969578
1554788891514,25.784,121.0,0.00566,0.423,0.28969578
1554788891560,25.83,121.0,0.00566,0.423,0.28969578
1554788891623,25.893,121.0,0.00568,0.422,0.29003216
1554788891670,25.94,121.0,0.00568,0.422,0.29003216
1554788891716,25.986,121.0,0.00568,0.422,0.29003216
1554788891762,26.032,121.0,0.00568,0.422,0.29003216
1554788891822,26.092,121.0,0.0057,0.422,0.2910534
1554788891868,26.138,121.0,0.0057,0.422,0.2910534
1554788891914,26.184,121.0,0.0057,0.422,0.2910534
1554788891960,26.23,121.0,0.0057,0.422,0.2910534
1554788892022,26.292,120.9,0.00569,0.421,0.289614741
1554788892069,26.339,120.9,0.00569,0.421,0.289614741
1554788892115,26.385,120.9,0.00569,0.421,0.289614741
1554788892161,26.431,120.9,0.00569,0.421,0.289614741
1554788892222,26.492,120.9,0.00572,0.421,0.291141708
1554788892268,26.538,120.9,0.00572,0.421,0.291141708
1554788892314,26.584,120.9,0.00572,0.421,0.291141708
1554788892361,26.631,120.9,0.00572,0.421,0.291141708
1554788892422,26.692,120.9,0.00576,0.422,0.293874048
1554788892467,26.737,120.9,0.00576,0.422,0.293874048
1554788892514,26.784,120.9,0.00576,0.422,0.293874048
1554788892560,26.83,120.9,0.00576,0.422,0.293874048
1554788892622,26.892,120.9,0.00578,0.418,0.292099236
1554788892668,26.938,120.9,0.00578,0.418,0.292099236
1554788892714,26.984,120.9,0.00578,0.418,0.292099236
1554788892760,27.03,120.9,0.00578,0.418,0.292099236
1554788892822,27.092,121.0,0.00574,0.42,0.2917068
1554788892869,27.139,121.0,0.00574,0.42,0.2917068
1554788892915,27.185,121.0,0.00574,0.42,0.2917068
1554788892961,27.231,121.0,0.00574,0.42,0.2917068
1554788893022,27.292,121.0,0.00567,0.422,0.28952154
1554788893068,27.338,121.0,0.00567,0.422,0.28952154
1554788893114,27.384,121.0,0.00567,0.422,0.28952154
1554788893161,27.431,121.0,0.00567,0.422,0.28952154
1554788893222,27.492,121.0,0.00567,0.422,0.28952154
1554788893268,27.538,121.0,0.00567,0.422,0.28952154
1554788893314,27.584,121.0,0.00567,0.422,0.28952154
1554788893360,27.63,121.0,0.00567,0.422,0.28952154
1554788893422,27.692,121.0,0.00568,0.42,0.2886576
1554788893469,27.739,121.0,0.00568,0.42,0.2886576
1554788893515,27.785,121.0,0.00568,0.42,0.2886576
1554788893561,27.831,121.0,0.00568,0.42,0.2886576
1554788893622,27.892,121.0,0.00568,0.421,0.28934488
1554788893668,27.938,121.0,0.00568,0.421,0.28934488
1554788893714,27.984,121.0,0.00568,0.421,0.28934488
1554788893760,28.03,121.0,0.00568,0.421,0.28934488
1554788893822,28.092,121.1,0.00569,0.42,0.28940478
1554788893867,28.137,121.1,0.00569,0.42,0.28940478
1554788893913,28.183,121.1,0.00569,0.42,0.28940478
1554788893960,28.23,121.1,0.00569,0.42,0.28940478
1554788894022,28.292,121.1,0.00566,0.421,0.288564346
1554788894068,28.338,121.1,0.00566,0.421,0.288564346
1554788894114,28.384,121.1,0.00566,0.421,0.288564346
1554788894160,28.43,121.1,0.00566,0.421,0.288564346
1554788894221,28.491,121.1,0.00563,0.422,0.287716646
1554788894267,28.537,121.1,0.00563,0.422,0.287716646
1554788894313,28.583,121.1,0.00563,0.422,0.287716646
1554788894359,28.629,121.1,0.00563,0.422,0.287716646
1554788894422,28.692,121.1,0.00564,0.422,0.288227688
1554788894468,28.738,121.1,0.00564,0.422,0.288227688
1554788894514,28.784,121.1,0.00564,0.422,0.288227688
1554788894560,28.83,121.1,0.00564,0.422,0.288227688
1554788894621,28.891,121.1,0.00563,0.419,0.285671267
1554788894667,28.937,121.1,0.00563,0.419,0.285671267
1554788894713,28.983,121.1,0.00563,0.419,0.285671267
1554788894759,29.029,121.1,0.00563,0.419,0.285671267
1554788894822,29.092,121.1,0.00567,0.421,0.289074177
1554788894868,29.138,121.1,0.00567,0.421,0.289074177
1554788894914,29.184,121.1,0.00567,0.421,0.289074177
1554788894960,29.23,121.1,0.00567,0.421,0.289074177
1554788895021,29.291,121.1,0.00564,0.421,0.287544684
1554788895067,29.337,121.1,0.00564,0.421,0.287544684
1554788895113,29.383,121.1,0.00564,0.421,0.287544684
1554788895159,29.429,121.1,0.00564,0.421,0.287544684
1554788895221,29.491,121.0,0.00569,0.42,0.2891658
1554788895268,29.538,121.0,0.00569,0.42,0.2891658
1554788895314,29.584,121.0,0.00569,0.42,0.2891658
1554788895360,29.63,121.0,0.00569,0.42,0.2891658
1554788895422,29.692,121.0,0.00571,0.417,0.28810947
1554788895468,29.738,121.0,0.00571,0.417,0.28810947
1554788895514,29.784,121.0,0.00571,0.417,0.28810947
1554788895560,29.83,121.0,0.00571,0.417,0.28810947
1554788895621,29.891,121.0,0.0057,0.418,0.2882946
1554788895668,29.938,121.0,0.0057,0.418,0.2882946
1554788895714,29.984,121.0,0.0057,0.418,0.2882946
1554788895760,30.03,121.0,0.0057,0.418,0.2882946
1554788895821,30.091,121.0,0.00571,0.42,0.2901822
1554788895867,30.137,121.0,0.00571,0.42,0.2901822
1554788895913,30.183,121.0,0.00571,0.42,0.2901822
1554788895959,30.229,121.0,0.00571,0.42,0.2901822
1554788896022,30.292,121.0,0.00568,0.421,0.28934488
1554788896068,30.338,121.0,0.00568,0.421,0.28934488
1554788896114,30.384,121.0,0.00568,0.421,0.28934488
1554788896160,30.43,121.0,0.00568,0.421,0.28934488
1554788896221,30.491,121.0,0.00568,0.422,0.29003216
1554788896267,30.537,121.0,0.00568,0.422,0.29003216
1554788896313,30.583,121.0,0.00568,0.422,0.29003216
1554788896360,30.63,121.0,0.00568,0.422,0.29003216
1554788896422,30.692,120.9,0.0057,0.424,0.29219112
1554788896468,30.738,120.9,0.0057,0.424,0.29219112
1554788896514,30.784,120.9,0.0057,0.424,0.29219112
1554788896560,30.83,120.9,0.0057,0.424,0.29219112
1554788896621,30.891,121.0,0.00571,0.422,0.29156402
1554788896668,30.938,121.0,0.00571,0.422,0.29156402
1554788896714,30.984,121.0,0.00571,0.422,0.29156402
1554788896760,31.03,121.0,0.00571,0.422,0.29156402
1554788896821,31.091,121.0,0.00568,0.422,0.29003216
1554788896867,31.137,121.0,0.00568,0.422,0.29003216
1554788896913,31.183,121.0,0.00568,0.422,0.29003216
1554788896959,31.229,121.0,0.00568,0.422,0.29003216
1554788897022,31.292,121.0,0.00568,0.419,0.28797032
1554788897068,31.338,121.0,0.00568,0.419,0.28797032
1554788897114,31.384,121.0,0.00568,0.419,0.28797032
1554788897160,31.43,121.0,0.00568,0.419,0.28797032
1554788897221,31.491,121.0,0.00565,0.424,0.2898676
1554788897267,31.537,121.0,0.00565,0.424,0.2898676
1554788897314,31.584,121.0,0.00565,0.424,0.2898676
1554788897360,31.63,121.0,0.00565,0.424,0.2898676
1554788897421,31.691,121.0,0.00568,0.422,0.29003216
1554788897467,31.737,121.0,0.00568,0.422,0.29003216
1554788897513,31.783,121.0,0.00568,0.422,0.29003216
1554788897560,31.83,121.0,0.00568,0.422,0.29003216
1554788897622,31.892,121.0,0.00567,0.422,0.28952154
1554788897668,31.938,121.0,0.00567,0.422,0.28952154
1554788897714,31.984,121.0,0.00567,0.422,0.28952154
1554788897760,32.03,121.0,0.00567,0.422,0.28952154
1554788897821,32.091,121.0,0.00566,0.422,0.28901092
1554788897867,32.137,121.0,0.00566,0.422,0.28901092
1554788897913,32.183,121.0,0.00566,0.422,0.28901092
1554788897960,32.23,121.0,0.00566,0.422,0.28901092
1554788898022,32.292,121.0,0.00567,0.42,0.2881494
1554788898068,32.338,121.0,0.00567,0.42,0.2881494
1554788898114,32.384,121.0,0.00567,0.42,0.2881494
1554788898160,32.43,121.0,0.00567,0.42,0.2881494
1554788898222,32.492,121.0,0.00567,0.42,0.2881494
1554788898268,32.538,121.0,0.00567,0.42,0.2881494
1554788898314,32.584,121.0,0.00567,0.42,0.2881494
1554788898360,32.63,121.0,0.00567,0.42,0.2881494
1554788898421,32.691,121.0,0.00568,0.42,0.2886576
1554788898468,32.738,121.0,0.00568,0.42,0.2886576
1554788898514,32.784,121.0,0.00568,0.42,0.2886576
1554788898560,32.83,121.0,0.00568,0.42,0.2886576
1554788898621,32.891,121.0,0.00566,0.42,0.2876412
1554788898667,32.937,121.0,0.00566,0.42,0.2876412
1554788898713,32.983,121.0,0.00566,0.42,0.2876412
1554788898760,33.03,121.0,0.00566,0.42,0.2876412
1554788898822,33.092,121.1,0.00563,0.418,0.284989474
1554788898868,33.138,121.1,0.00563,0.418,0.284989474
1554788898914,33.184,121.1,0.00563,0.418,0.284989474
1554788898960,33.23,121.1,0.00563,0.418,0.284989474
1554788899021,33.291,121.1,0.00567,0.419,0.287700903
1554788899067,33.337,121.1,0.00567,0.419,0.287700903
1554788899113,33.383,121.1,0.00567,0.419,0.287700903
1554788899160,33.43,121.1,0.00567,0.419,0.287700903
1554788899221,33.491,121.0,0.00567,0.419,0.28746333
1554788899267,33.537,121.0,0.00567,0.419,0.28746333
1554788899313,33.583,121.0,0.00567,0.419,0.28746333
1554788899359,33.629,121.0,0.00567,0.419,0.28746333
1554788899422,33.692,121.0,0.00572,0.418,0.28930616
1554788899468,33.738,121.0,0.00572,0.418,0.28930616
1554788899514,33.784,121.0,0.00572,0.418,0.28930616
1554788899560,33.83,121.0,0.00572,0.418,0.28930616
1554788899621,33.891,121.0,0.00571,0.42,0.2901822
1554788899668,33.938,121.0,0.00571,0.42,0.2901822
1554788899714,33.984,121.0,0.00571,0.42,0.2901822
1554788899760,34.03,121.0,0.00571,0.42,0.2901822
1554788899821,34.091,121.1,0.00572,0.423,0.293008716
1554788899867,34.137,121.1,0.00572,0.423,0.293008716
1554788899913,34.183,121.1,0.00572,0.423,0.293008716
1554788899959,34.229,121.1,0.00572,0.423,0.293008716
1554788900022,34.292,121.1,0.00568,0.421,0.289584008
1554788900068,34.338,121.1,0.00568,0.421,0.289584008
1554788900114,34.384,121.1,0.00568,0.421,0.289584008
1554788900160,34.43,121.1,0.00568,0.421,0.289584008
1554788900221,34.491,121.0,0.00569,0.422,0.29054278
1554788900267,34.537,121.0,0.00569,0.422,0.29054278
1554788900313,34.583,121.0,0.00569,0.422,0.29054278
1554788900359,34.629,121.0,0.00569,0.422,0.29054278
1554788900422,34.692,121.0,0.00574,0.422,0.29309588
1554788900468,34.738,121.0,0.00574,0.422,0.29309588
1554788900514,34.784,121.0,0.00574,0.422,0.29309588
1554788900560,34.83,121.0,0.00574,0.422,0.29309588
1554788900621,34.891,121.0,0.00572,0.424,0.29345888
1554788900668,34.938,121.0,0.00572,0.424,0.29345888
1554788900714,34.984,121.0,0.00572,0.424,0.29345888
1554788900760,35.03,121.0,0.00572,0.424,0.29345888
1554788900821,35.091,121.0,0.00568,0.423,0.29071944
1554788900867,35.137,121.0,0.00568,0.423,0.29071944
1554788900913,35.183,121.0,0.00568,0.423,0.29071944
1554788900959,35.229,121.0,0.00568,0.423,0.29071944
1554788901021,35.291,121.0,0.00575,0.417,0.29012775
1554788901067,35.337,121.0,0.00575,0.417,0.29012775
1554788901113,35.383,121.0,0.00575,0.417,0.29012775
1554788901159,35.429,121.0,0.00575,0.417,0.29012775
1554788901221,35.491,121.0,0.00574,0.417,0.28962318
1554788901268,35.538,121.0,0.00574,0.417,0.28962318
1554788901314,35.584,121.0,0.00574,0.417,0.28962318
1554788901360,35.63,121.0,0.00574,0.417,0.28962318
1554788901421,35.691,120.9,0.00573,0.419,0.290265183
1554788901467,35.737,120.9,0.00573,0.419,0.290265183
1554788901513,35.783,120.9,0.00573,0.419,0.290265183
1554788901559,35.829,120.9,0.00573,0.419,0.290265183
1554788901622,35.892,121.0,0.00573,0.417,0.28911861
1554788901668,35.938,121.0,0.00573,0.417,0.28911861
1554788901714,35.984,121.0,0.00573,0.417,0.28911861
1554788901760,36.03,121.0,0.00573,0.417,0.28911861
1554788901821,36.091,121.0,0.00569,0.419,0.28847731
1554788901867,36.137,121.0,0.00569,0.419,0.28847731
1554788901913,36.183,121.0,0.00569,0.419,0.28847731
1554788901959,36.229,121.0,0.00569,0.419,0.28847731
1554788902020,36.29,121.0,0.00566,0.418,0.28627148
1554788902066,36.336,121.0,0.00566,0.418,0.28627148
1554788902112,36.382,121.0,0.00566,0.418,0.28627148
1554788902158,36.428,121.0,0.00566,0.418,0.28627148
1554788902221,36.491,121.0,0.00564,0.417,0.28457748
1554788902267,36.537,121.0,0.00564,0.417,0.28457748
1554788902313,36.583,121.0,0.00564,0.417,0.28457748
1554788902359,36.629,121.0,0.00564,0.417,0.28457748
1554788902421,36.691,121.0,0.00563,0.42,0.2861166
1554788902468,36.738,121.0,0.00563,0.42,0.2861166
1554788902513,36.783,121.0,0.00563,0.42,0.2861166
1554788902560,36.83,121.0,0.00563,0.42,0.2861166
1554788902621,36.891,121.0,0.00567,0.419,0.28746333
1554788902667,36.937,121.0,0.00567,0.419,0.28746333
1554788902713,36.983,121.0,0.00567,0.419,0.28746333
1554788902759,37.029,121.0,0.00567,0.419,0.28746333
1554788902820,37.09,121.1,0.00568,0.42,0.28889616
1554788902866,37.136,121.1,0.00568,0.42,0.28889616
1554788902912,37.182,121.1,0.00568,0.42,0.28889616
1554788902959,37.229,121.1,0.00568,0.42,0.28889616
1554788903021,37.291,121.1,0.00568,0.419,0.288208312
1554788903067,37.337,121.1,0.00568,0.419,0.288208312
1554788903114,37.384,121.1,0.00568,0.419,0.288208312
1554788903160,37.43,121.1,0.00568,0.419,0.288208312
1554788903221,37.491,121.1,0.0057,0.42,0.2899134
1554788903267,37.537,121.1,0.0057,0.42,0.2899134
1554788903313,37.583,121.1,0.0057,0.42,0.2899134
1554788903360,37.63,121.1,0.0057,0.42,0.2899134
1554788903421,37.691,121.1,0.00569,0.419,0.288715721
1554788903467,37.737,121.1,0.00569,0.419,0.288715721
1554788903513,37.783,121.1,0.00569,0.419,0.288715721
1554788903559,37.829,121.1,0.00569,0.419,0.288715721
1554788903620,37.89,121.0,0.00573,0.421,0.29189193
1554788903666,37.936,121.0,0.00573,0.421,0.29189193
1554788903713,37.983,121.0,0.00573,0.421,0.29189193
1554788903759,38.029,121.0,0.00573,0.421,0.29189193
1554788903821,38.091,121.1,0.00575,0.418,0.29106385
1554788903867,38.137,121.1,0.00575,0.418,0.29106385
1554788903914,38.184,121.1,0.00575,0.418,0.29106385
1554788903962,38.232,121.1,0.00575,0.418,0.29106385
1554788904020,38.29,121.1,0.00569,0.42,0.28940478
1554788904066,38.336,121.1,0.00569,0.42,0.28940478
1554788904118,38.388,121.1,0.00569,0.42,0.28940478
1554788904165,38.435,121.1,0.00569,0.42,0.28940478
1554788904221,38.491,121.0,0.00568,0.42,0.2886576
1554788904267,38.537,121.0,0.00568,0.42,0.2886576
1554788904314,38.584,121.0,0.00568,0.42,0.2886576
1554788904359,38.63,121.0,0.00568,0.42,0.2886576
1554788904420,38.69,121.0,0.00571,0.421,0.29087311
1554788904466,38.736,121.0,0.00571,0.421,0.29087311
1554788904512,38.782,121.0,0.00571,0.421,0.29087311
1554788904558,38.828,121.0,0.00571,0.421,0.29087311
1554788904621,38.891,121.0,0.00576,0.417,0.29063232
1554788904667,38.937,121.0,0.00576,0.417,0.29063232
1554788904713,38.983,121.0,0.00576,0.417,0.29063232
1554788904759,39.029,121.0,0.00576,0.417,0.29063232
1554788904820,39.09,121.0,0.00576,0.417,0.29063232
1554788904866,39.136,121.0,0.00576,0.417,0.29063232
1554788904912,39.182,121.0,0.00576,0.417,0.29063232
1554788904958,39.228,121.0,0.00576,0.417,0.29063232
1554788905021,39.291,121.0,0.00573,0.417,0.28911861
1554788905067,39.337,121.0,0.00573,0.417,0.28911861
1554788905113,39.383,121.0,0.00573,0.417,0.28911861
1554788905159,39.429,121.0,0.00573,0.417,0.28911861
1554788905220,39.49,121.0,0.00571,0.416,0.28741856
1554788905266,39.536,121.0,0.00571,0.416,0.28741856
1554788905312,39.582,121.0,0.00571,0.416,0.28741856
1554788905358,39.628,121.0,0.00571,0.416,0.28741856
1554788905421,39.691,120.9,0.00574,0.415,0.28799589
1554788905466,39.737,120.9,0.00574,0.415,0.28799589
1554788905513,39.783,120.9,0.00574,0.415,0.28799589
1554788905559,39.829,120.9,0.00574,0.415,0.28799589
1554788905621,39.891,120.9,0.00572,0.418,0.289067064
1554788905667,39.937,120.9,0.00572,0.418,0.289067064
1554788905713,39.983,120.9,0.00572,0.418,0.289067064
1554788905759,40.029,120.9,0.00572,0.418,0.289067064
1554788905820,40.09,121.0,0.00571,0.416,0.28741856
1554788905866,40.136,121.0,0.00571,0.416,0.28741856
1554788905912,40.182,121.0,0.00571,0.416,0.28741856
1554788905958,40.228,121.0,0.00571,0.416,0.28741856
1554788906020,40.29,121.0,0.00568,0.42,0.2886576
1554788906066,40.336,121.0,0.00568,0.42,0.2886576
1554788906111,40.381,121.0,0.00568,0.42,0.2886576
1554788906157,40.427,121.0,0.00568,0.42,0.2886576
1554788906220,40.491,121.0,0.00569,0.417,0.28710033
1554788906266,40.537,121.0,0.00569,0.417,0.28710033
1554788906313,40.583,121.0,0.00569,0.417,0.28710033
1554788906359,40.629,121.0,0.00569,0.417,0.28710033
1554788906421,40.691,121.0,0.00568,0.417,0.28659576
1554788906466,40.736,121.0,0.00568,0.417,0.28659576
1554788906512,40.782,121.0,0.00568,0.417,0.28659576
1554788906558,40.828,121.0,0.00568,0.417,0.28659576
1554788906621,40.891,121.0,0.00566,0.418,0.28627148
1554788906667,40.937,121.0,0.00566,0.418,0.28627148
1554788906713,40.983,121.0,0.00566,0.418,0.28627148
1554788906759,41.029,121.0,0.00566,0.418,0.28627148
1554788906820,41.09,121.0,0.00566,0.421,0.28832606
1554788906866,41.136,121.0,0.00566,0.421,0.28832606
1554788906912,41.182,121.0,0.00566,0.421,0.28832606
1554788906958,41.228,121.0,0.00566,0.421,0.28832606
1554788907021,41.291,121.0,0.00567,0.419,0.28746333
1554788907067,41.337,121.0,0.00567,0.419,0.28746333
1554788907113,41.383,121.0,0.00567,0.419,0.28746333
1554788907159,41.429,121.0,0.00567,0.419,0.28746333
1554788907220,41.49,121.0,0.00568,0.422,0.29003216
1554788907266,41.536,121.0,0.00568,0.422,0.29003216
1554788907312,41.582,121.0,0.00568,0.422,0.29003216
1554788907358,41.628,121.0,0.00568,0.422,0.29003216
1554788907421,41.691,121.0,0.00567,0.421,0.28883547
1554788907467,41.737,121.0,0.00567,0.421,0.28883547
1554788907513,41.783,121.0,0.00567,0.421,0.28883547
1554788907559,41.829,121.0,0.00567,0.421,0.28883547
1554788907620,41.89,121.0,0.0057,0.422,0.2910534
1554788907666,41.936,121.0,0.0057,0.422,0.2910534
1554788907712,41.982,121.0,0.0057,0.422,0.2910534
1554788907758,42.028,121.0,0.0057,0.422,0.2910534
1554788907821,42.091,121.1,0.00571,0.423,0.292496463
1554788907867,42.137,121.1,0.00571,0.423,0.292496463
1554788907913,42.183,121.1,0.00571,0.423,0.292496463
1554788907959,42.229,121.1,0.00571,0.423,0.292496463
1554788908020,42.29,121.1,0.00568,0.42,0.28889616
1554788908067,42.337,121.1,0.00568,0.42,0.28889616
1554788908113,42.383,121.1,0.00568,0.42,0.28889616
1554788908159,42.429,121.1,0.00568,0.42,0.28889616
1554788908220,42.49,121.0,0.00569,0.422,0.29054278
1554788908266,42.536,121.0,0.00569,0.422,0.29054278
1554788908312,42.582,121.0,0.00569,0.422,0.29054278
1554788908359,42.629,121.0,0.00569,0.422,0.29054278
1554788908420,42.69,121.0,0.00571,0.42,0.2901822
1554788908466,42.736,121.0,0.00571,0.42,0.2901822
1554788908512,42.782,121.0,0.00571,0.42,0.2901822
1554788908558,42.828,121.0,0.00571,0.42,0.2901822
1554788908620,42.89,121.0,0.0057,0.423,0.2917431
1554788908666,42.936,121.0,0.0057,0.423,0.2917431
1554788908712,42.982,121.0,0.0057,0.423,0.2917431
1554788908758,43.028,121.0,0.0057,0.423,0.2917431
1554788908821,43.091,121.0,0.00571,0.421,0.29087311
1554788908867,43.137,121.0,0.00571,0.421,0.29087311
1554788908913,43.183,121.0,0.00571,0.421,0.29087311
1554788908959,43.229,121.0,0.00571,0.421,0.29087311
1554788909020,43.29,121.0,0.00565,0.42,0.287133
1554788909067,43.337,121.0,0.00565,0.42,0.287133
1554788909113,43.383,121.0,0.00565,0.42,0.287133
1554788909159,43.429,121.0,0.00565,0.42,0.287133
1554788909220,43.49,121.0,0.00564,0.422,0.28798968
1554788909266,43.536,121.0,0.00564,0.422,0.28798968
1554788909312,43.582,121.0,0.00564,0.422,0.28798968
1554788909359,43.629,121.0,0.00564,0.422,0.28798968
1554788909420,43.69,121.0,0.00565,0.421,0.28781665
1554788909466,43.736,121.0,0.00565,0.421,0.28781665
1554788909512,43.782,121.0,0.00565,0.421,0.28781665
1554788909558,43.828,121.0,0.00565,0.421,0.28781665
1554788909620,43.89,121.0,0.00567,0.42,0.2881494
1554788909704,43.974,121.0,0.00567,0.42,0.2881494
1554788909750,44.02,121.0,0.00567,0.42,0.2881494
1554788909796,44.066,121.0,0.00567,0.42,0.2881494
1554788909842,44.112,121.0,0.00566,0.422,0.28901092
1554788909888,44.158,121.0,0.00566,0.422,0.28901092
1554788909934,44.204,121.0,0.00566,0.422,0.28901092
1554788909980,44.25,121.0,0.00566,0.422,0.28901092
1554788910026,44.296,121.0,0.00567,0.42,0.2881494
1554788910072,44.342,121.0,0.00567,0.42,0.2881494
1554788910118,44.388,121.0,0.00567,0.42,0.2881494
1554788910164,44.434,121.0,0.00567,0.42,0.2881494
1554788910220,44.49,121.0,0.00563,0.42,0.2861166
1554788910266,44.536,121.0,0.00563,0.42,0.2861166
1554788910313,44.583,121.0,0.00563,0.42,0.2861166
1554788910359,44.629,121.0,0.00563,0.42,0.2861166
1554788910420,44.69,120.9,0.00567,0.422,0.289282266
1554788910466,44.736,120.9,0.00567,0.422,0.289282266
1554788910512,44.782,120.9,0.00567,0.422,0.289282266
1554788910558,44.828,120.9,0.00567,0.422,0.289282266
1554788910620,44.89,120.9,0.00565,0.421,0.287578785
1554788910665,44.935,120.9,0.00565,0.421,0.287578785
1554788910712,44.982,120.9,0.00565,0.421,0.287578785
1554788910758,45.028,120.9,0.00565,0.421,0.287578785
1554788910820,45.09,121.0,0.00567,0.423,0.29020761
1554788910866,45.136,121.0,0.00567,0.423,0.29020761
1554788910912,45.182,121.0,0.00567,0.423,0.29020761
1554788910958,45.228,121.0,0.00567,0.423,0.29020761
1554788911020,45.29,121.0,0.00566,0.424,0.29038064
1554788911066,45.336,121.0,0.00566,0.424,0.29038064
1554788911112,45.382,121.0,0.00566,0.424,0.29038064
1554788911159,45.429,121.0,0.00566,0.424,0.29038064
1554788911220,45.49,121.0,0.0057,0.422,0.2910534
1554788911265,45.535,121.0,0.0057,0.422,0.2910534
1554788911311,45.581,121.0,0.0057,0.422,0.2910534
1554788911358,45.628,121.0,0.0057,0.422,0.2910534
1554788911420,45.69,121.0,0.0057,0.42,0.289674
1554788911466,45.736,121.0,0.0057,0.42,0.289674
1554788911512,45.782,121.0,0.0057,0.42,0.289674
1554788911558,45.828,121.0,0.0057,0.42,0.289674
1554788911619,45.889,121.0,0.00566,0.423,0.28969578
1554788911665,45.935,121.0,0.00566,0.423,0.28969578
1554788911711,45.981,121.0,0.00566,0.423,0.28969578
1554788911758,46.028,121.0,0.00566,0.423,0.28969578
1554788911820,46.09,121.1,0.00565,0.425,0.290791375
1554788911866,46.136,121.1,0.00565,0.425,0.290791375
1554788911912,46.182,121.1,0.00565,0.425,0.290791375
1554788911958,46.228,121.1,0.00565,0.425,0.290791375
1554788912020,46.29,121.1,0.00568,0.42,0.28889616
1554788912067,46.337,121.1,0.00568,0.42,0.28889616
1554788912113,46.383,121.1,0.00568,0.42,0.28889616
1554788912159,46.429,121.1,0.00568,0.42,0.28889616
1554788912220,46.49,121.1,0.00571,0.421,0.291113501
1554788912266,46.536,121.1,0.00571,0.421,0.291113501
1554788912312,46.582,121.1,0.00571,0.421,0.291113501
1554788912358,46.628,121.1,0.00571,0.421,0.291113501
1554788912419,46.689,121.1,0.00571,0.421,0.291113501
1554788912465,46.735,121.1,0.00571,0.421,0.291113501
1554788912511,46.781,121.1,0.00571,0.421,0.291113501
1554788912557,46.827,121.1,0.00571,0.421,0.291113501
1554788912620,46.89,121.0,0.00574,0.42,0.2917068
1554788912666,46.936,121.0,0.00574,0.42,0.2917068
1554788912712,46.982,121.0,0.00574,0.42,0.2917068
1554788912758,47.028,121.0,0.00574,0.42,0.2917068
1554788912819,47.089,121.0,0.00572,0.421,0.29138252
1554788912865,47.135,121.0,0.00572,0.421,0.29138252
1554788912911,47.181,121.0,0.00572,0.421,0.29138252
1554788912958,47.228,121.0,0.00572,0.421,0.29138252
1554788913020,47.29,121.0,0.00573,0.419,0.29050527
1554788913066,47.336,121.0,0.00573,0.419,0.29050527
1554788913112,47.382,121.0,0.00573,0.419,0.29050527
1554788913158,47.428,121.0,0.00573,0.419,0.29050527
1554788913219,47.489,121.0,0.00569,0.419,0.28847731
1554788913265,47.535,121.0,0.00569,0.419,0.28847731
1554788913311,47.581,121.0,0.00569,0.419,0.28847731
1554788913358,47.628,121.0,0.00569,0.419,0.28847731
1554788913420,47.69,121.0,0.00566,0.42,0.2876412
1554788913466,47.736,121.0,0.00566,0.42,0.2876412
1554788913512,47.782,121.0,0.00566,0.42,0.2876412
1554788913558,47.828,121.0,0.00566,0.42,0.2876412
1554788913619,47.889,121.0,0.00571,0.417,0.28810947
1554788913665,47.935,121.0,0.00571,0.417,0.28810947
1554788913711,47.981,121.0,0.00571,0.417,0.28810947
1554788913758,48.028,121.0,0.00571,0.417,0.28810947
1554788913820,48.09,121.0,0.00569,0.419,0.28847731
1554788913866,48.136,121.0,0.00569,0.419,0.28847731
1554788913912,48.182,121.0,0.00569,0.419,0.28847731
1554788913958,48.228,121.0,0.00569,0.419,0.28847731
1554788914019,48.289,121.0,0.00565,0.42,0.287133
1554788914065,48.335,121.0,0.00565,0.42,0.287133
1554788914111,48.381,121.0,0.00565,0.42,0.287133
1554788914158,48.428,121.0,0.00565,0.42,0.287133
1554788914220,48.49,121.0,0.00563,0.42,0.2861166
1554788914266,48.536,121.0,0.00563,0.42,0.2861166
1554788914312,48.582,121.0,0.00563,0.42,0.2861166
1554788914358,48.628,121.0,0.00563,0.42,0.2861166
1554788914419,48.689,121.0,0.00562,0.421,0.28628842
1554788914465,48.735,121.0,0.00562,0.421,0.28628842
1554788914512,48.782,121.0,0.00562,0.421,0.28628842
1554788914558,48.828,121.0,0.00562,0.421,0.28628842
1554788914620,48.89,121.0,0.00564,0.42,0.2866248
1554788914666,48.936,121.0,0.00564,0.42,0.2866248
1554788914712,48.982,121.0,0.00564,0.42,0.2866248
1554788914758,49.028,121.0,0.00564,0.42,0.2866248
1554788914819,49.089,121.0,0.00566,0.421,0.28832606
1554788914865,49.135,121.0,0.00566,0.421,0.28832606
1554788914912,49.182,121.0,0.00566,0.421,0.28832606
1554788914958,49.228,121.0,0.00566,0.421,0.28832606
1554788915019,49.289,121.0,0.00566,0.42,0.2876412
1554788915065,49.335,121.0,0.00566,0.42,0.2876412
1554788915111,49.381,121.0,0.00566,0.42,0.2876412
1554788915157,49.427,121.0,0.00566,0.42,0.2876412
1554788915220,49.49,121.0,0.00569,0.418,0.28778882
1554788915266,49.536,121.0,0.00569,0.418,0.28778882
1554788915312,49.582,121.0,0.00569,0.418,0.28778882
1554788915358,49.628,121.0,0.00569,0.418,0.28778882
1554788915419,49.689,121.0,0.00567,0.423,0.29020761
1554788915465,49.735,121.0,0.00567,0.423,0.29020761
1554788915511,49.781,121.0,0.00567,0.423,0.29020761
1554788915557,49.827,121.0,0.00567,0.423,0.29020761
1554788915620,49.89,121.0,0.00568,0.421,0.28934488
1554788915666,49.936,121.0,0.00568,0.421,0.28934488
1554788915712,49.982,121.0,0.00568,0.421,0.28934488
1554788915758,50.028,121.0,0.00568,0.421,0.28934488
1554788915819,50.089,121.1,0.0057,0.424,0.29267448
1554788915865,50.135,121.1,0.0057,0.424,0.29267448
1554788915911,50.181,121.1,0.0057,0.424,0.29267448
1554788915957,50.227,121.1,0.0057,0.424,0.29267448
1554788916020,50.29,121.1,0.00574,0.419,0.291252766
1554788916066,50.336,121.1,0.00574,0.419,0.291252766
1554788916112,50.382,121.1,0.00574,0.419,0.291252766
1554788916158,50.428,121.1,0.00574,0.419,0.291252766
1554788916219,50.489,121.1,0.00571,0.421,0.291113501
1554788916266,50.536,121.1,0.00571,0.421,0.291113501
1554788916312,50.582,121.1,0.00571,0.421,0.291113501
1554788916358,50.628,121.1,0.00571,0.421,0.291113501
1554788916419,50.689,121.1,0.00572,0.42,0.29093064
1554788916465,50.735,121.1,0.00572,0.42,0.29093064
1554788916511,50.781,121.1,0.00572,0.42,0.29093064
1554788916557,50.827,121.1,0.00572,0.42,0.29093064
1554788916619,50.889,121.1,0.00568,0.42,0.28889616
1554788916666,50.936,121.1,0.00568,0.42,0.28889616
1554788916712,50.982,121.1,0.00568,0.42,0.28889616
1554788916758,51.028,121.1,0.00568,0.42,0.28889616
1554788916819,51.089,121.1,0.00572,0.422,0.292316024
1554788916865,51.135,121.1,0.00572,0.422,0.292316024
1554788916911,51.181,121.1,0.00572,0.422,0.292316024
1554788916957,51.227,121.1,0.00572,0.422,0.292316024
1554788917020,51.29,121.1,0.00572,0.42,0.29093064
1554788917066,51.336,121.1,0.00572,0.42,0.29093064
1554788917112,51.382,121.1,0.00572,0.42,0.29093064
1554788917158,51.428,121.1,0.00572,0.42,0.29093064
1554788917219,51.489,121.1,0.00571,0.418,0.289039058
1554788917265,51.535,121.1,0.00571,0.418,0.289039058
1554788917311,51.581,121.1,0.00571,0.418,0.289039058
1554788917357,51.627,121.1,0.00571,0.418,0.289039058
1554788917419,51.689,121.0,0.00568,0.422,0.29003216
1554788917466,51.736,121.0,0.00568,0.422,0.29003216
1554788917512,51.782,121.0,0.00568,0.422,0.29003216
1554788917558,51.828,121.0,0.00568,0.422,0.29003216
1554788917619,51.889,121.0,0.00566,0.421,0.28832606
1554788917665,51.935,121.0,0.00566,0.421,0.28832606
1554788917711,51.981,121.0,0.00566,0.421,0.28832606
1554788917757,52.027,121.0,0.00566,0.421,0.28832606
1554788917819,52.089,121.0,0.00567,0.42,0.2881494
1554788917866,52.136,121.0,0.00567,0.42,0.2881494
1554788917912,52.182,121.0,0.00567,0.42,0.2881494
1554788917958,52.228,121.0,0.00567,0.42,0.2881494
1554788918019,52.289,121.0,0.00566,0.418,0.28627148
1554788918065,52.335,121.0,0.00566,0.418,0.28627148
1554788918111,52.381,121.0,0.00566,0.418,0.28627148
1554788918157,52.427,121.0,0.00566,0.418,0.28627148
1554788918220,52.49,121.0,0.00565,0.417,0.28508205
1554788918266,52.536,121.0,0.00565,0.417,0.28508205
1554788918312,52.582,121.0,0.00565,0.417,0.28508205
1554788918358,52.628,121.0,0.00565,0.417,0.28508205
1554788918419,52.689,121.0,0.00567,0.416,0.28540512
1554788918465,52.735,121.0,0.00567,0.416,0.28540512
1554788918511,52.781,121.0,0.00567,0.416,0.28540512
1554788918558,52.828,121.0,0.00567,0.416,0.28540512
1554788918619,52.889,121.0,0.00563,0.418,0.28475414
1554788918665,52.935,121.0,0.00563,0.418,0.28475414
1554788918711,52.981,121.0,0.00563,0.418,0.28475414
1554788918757,53.027,121.0,0.00563,0.418,0.28475414
1554788918819,53.089,121.0,0.00565,0.42,0.287133
1554788918865,53.135,121.0,0.00565,0.42,0.287133
1554788918911,53.181,121.0,0.00565,0.42,0.287133
1554788918957,53.227,121.0,0.00565,0.42,0.287133
1554788919020,53.29,121.0,0.00567,0.419,0.28746333
1554788919066,53.336,121.0,0.00567,0.419,0.28746333
1554788919112,53.382,121.0,0.00567,0.419,0.28746333
1554788919158,53.428,121.0,0.00567,0.419,0.28746333
1554788919219,53.489,121.0,0.00569,0.418,0.28778882
1554788919265,53.535,121.0,0.00569,0.418,0.28778882
1554788919311,53.581,121.0,0.00569,0.418,0.28778882
1554788919358,53.628,121.0,0.00569,0.418,0.28778882
1554788919419,53.689,121.0,0.00569,0.419,0.28847731
1554788919464,53.734,121.0,0.00569,0.419,0.28847731
1554788919510,53.78,121.0,0.00569,0.419,0.28847731
1554788919556,53.826,121.0,0.00569,0.419,0.28847731
1554788919619,53.889,121.0,0.00571,0.421,0.29087311
1554788919665,53.935,121.0,0.00571,0.421,0.29087311
1554788919711,53.981,121.0,0.00571,0.421,0.29087311
1554788919757,54.027,121.0,0.00571,0.421,0.29087311
1554788919819,54.089,121.0,0.00573,0.422,0.29258526
1554788919865,54.135,121.0,0.00573,0.422,0.29258526
1554788919912,54.182,121.0,0.00573,0.422,0.29258526
1554788919958,54.228,121.0,0.00573,0.422,0.29258526
1554788920019,54.289,121.0,0.00572,0.421,0.29138252
1554788920065,54.335,121.0,0.00572,0.421,0.29138252
1554788920112,54.382,121.0,0.00572,0.421,0.29138252
1554788920158,54.428,121.0,0.00572,0.421,0.29138252
1554788920219,54.489,121.1,0.00574,0.423,0.294033222
1554788920265,54.535,121.1,0.00574,0.423,0.294033222
1554788920311,54.581,121.1,0.00574,0.423,0.294033222
1554788920358,54.628,121.1,0.00574,0.423,0.294033222
1554788920419,54.689,121.1,0.00573,0.422,0.292827066
1554788920464,54.734,121.1,0.00573,0.422,0.292827066
1554788920511,54.781,121.1,0.00573,0.422,0.292827066
1554788920557,54.827,121.1,0.00573,0.422,0.292827066
1554788920619,54.889,121.1,0.00571,0.422,0.291804982
1554788920665,54.935,121.1,0.00571,0.422,0.291804982
1554788920711,54.981,121.1,0.00571,0.422,0.291804982
1554788920758,55.028,121.1,0.00571,0.422,0.291804982
1554788920819,55.089,121.1,0.00571,0.421,0.291113501
1554788920864,55.134,121.1,0.00571,0.421,0.291113501
1554788920911,55.181,121.1,0.00571,0.421,0.291113501
1554788920957,55.227,121.1,0.00571,0.421,0.291113501
1554788921019,55.289,121.1,0.00574,0.417,0.289862538
1554788921065,55.335,121.1,0.00574,0.417,0.289862538
1554788921112,55.382,121.1,0.00574,0.417,0.289862538
1554788921158,55.428,121.1,0.00574,0.417,0.289862538
1554788921219,55.489,121.1,0.00569,0.418,0.288026662
1554788921265,55.535,121.1,0.00569,0.418,0.288026662
1554788921311,55.581,121.1,0.00569,0.418,0.288026662
1554788921357,55.627,121.1,0.00569,0.418,0.288026662
1554788921419,55.689,121.1,0.00565,0.42,0.2873703
1554788921465,55.735,121.1,0.00565,0.42,0.2873703
1554788921511,55.781,121.1,0.00565,0.42,0.2873703
1554788921557,55.827,121.1,0.00565,0.42,0.2873703
1554788921619,55.889,121.1,0.00565,0.421,0.288054515
1554788921665,55.935,121.1,0.00565,0.421,0.288054515
1554788921711,55.981,121.1,0.00565,0.421,0.288054515
1554788921757,56.027,121.1,0.00565,0.421,0.288054515
1554788921818,56.088,121.0,0.00569,0.418,0.28778882
1554788921864,56.134,121.0,0.00569,0.418,0.28778882
1554788921911,56.181,121.0,0.00569,0.418,0.28778882
1554788921957,56.227,121.0,0.00569,0.418,0.28778882
1554788922019,56.289,121.0,0.00566,0.42,0.2876412
1554788922065,56.335,121.0,0.00566,0.42,0.2876412
1554788922111,56.381,121.0,0.00566,0.42,0.2876412
1554788922157,56.427,121.0,0.00566,0.42,0.2876412
1554788922219,56.489,121.0,0.00566,0.419,0.28695634
1554788922265,56.535,121.0,0.00566,0.419,0.28695634
1554788922311,56.581,121.0,0.00566,0.419,0.28695634
1554788922357,56.627,121.0,0.00566,0.419,0.28695634
1554788922419,56.689,121.0,0.0056,0.42,0.284592
1554788922466,56.736,121.0,0.0056,0.42,0.284592
1554788922512,56.782,121.0,0.0056,0.42,0.284592
1554788922558,56.828,121.0,0.0056,0.42,0.284592
1554788922620,56.89,121.0,0.0056,0.421,0.2852696
1554788922666,56.936,121.0,0.0056,0.421,0.2852696
1554788922712,56.982,121.0,0.0056,0.421,0.2852696
1554788922758,57.028,121.0,0.0056,0.421,0.2852696
1554788922820,57.09,121.0,0.00565,0.419,0.28644935
1554788922866,57.136,121.0,0.00565,0.419,0.28644935
1554788922912,57.182,121.0,0.00565,0.419,0.28644935
1554788922958,57.228,121.0,0.00565,0.419,0.28644935
1554788923019,57.289,121.0,0.00573,0.418,0.28981194
1554788923065,57.335,121.0,0.00573,0.418,0.28981194
1554788923111,57.381,121.0,0.00573,0.418,0.28981194
1554788923157,57.427,121.0,0.00573,0.418,0.28981194
1554788923220,57.49,121.0,0.00573,0.414,0.28703862
1554788923266,57.536,121.0,0.00573,0.414,0.28703862
1554788923312,57.582,121.0,0.00573,0.414,0.28703862
1554788923358,57.628,121.0,0.00573,0.414,0.28703862
1554788923419,57.689,121.0,0.00572,0.416,0.28792192
1554788923465,57.735,121.0,0.00572,0.416,0.28792192
1554788923511,57.781,121.0,0.00572,0.416,0.28792192
1554788923558,57.828,121.0,0.00572,0.416,0.28792192
1554788923619,57.889,121.0,0.00575,0.42,0.292215
1554788923665,57.935,121.0,0.00575,0.42,0.292215
1554788923711,57.981,121.0,0.00575,0.42,0.292215
1554788923757,58.027,121.0,0.00575,0.42,0.292215
1554788923819,58.089,121.0,0.00571,0.42,0.2901822
1554788923865,58.135,121.0,0.00571,0.42,0.2901822
1554788923911,58.181,121.0,0.00571,0.42,0.2901822
1554788923957,58.227,121.0,0.00571,0.42,0.2901822
1554788924019,58.289,121.0,0.00574,0.422,0.29309588
1554788924065,58.335,121.0,0.00574,0.422,0.29309588
1554788924110,58.38,121.0,0.00574,0.422,0.29309588
1554788924157,58.427,121.0,0.00574,0.422,0.29309588
1554788924219,58.489,121.1,0.00573,0.42,0.29143926
1554788924265,58.535,121.1,0.00573,0.42,0.29143926
1554788924311,58.581,121.1,0.00573,0.42,0.29143926
1554788924357,58.628,121.1,0.00573,0.42,0.29143926
1554788924418,58.688,121.0,0.0057,0.422,0.2910534
1554788924464,58.734,121.0,0.0057,0.422,0.2910534
1554788924510,58.78,121.0,0.0057,0.422,0.2910534
1554788924556,58.826,121.0,0.0057,0.422,0.2910534
1554788924619,58.889,121.0,0.0057,0.422,0.2910534
1554788924665,58.935,121.0,0.0057,0.422,0.2910534
1554788924711,58.981,121.0,0.0057,0.422,0.2910534
1554788924757,59.027,121.0,0.0057,0.422,0.2910534
1554788924818,59.088,121.0,0.00571,0.421,0.29087311
1554788924864,59.134,121.0,0.00571,0.421,0.29087311
1554788924910,59.18,121.0,0.00571,0.421,0.29087311
1554788924956,59.226,121.0,0.00571,0.421,0.29087311
1554788925018,59.288,121.1,0.00572,0.422,0.292316024
1554788925065,59.335,121.1,0.00572,0.422,0.292316024
1554788925111,59.381,121.1,0.00572,0.422,0.292316024
1554788925157,59.427,121.1,0.00572,0.422,0.292316024
1554788925218,59.488,121.1,0.00569,0.421,0.290093839
1554788925264,59.534,121.1,0.00569,0.421,0.290093839
1554788925310,59.58,121.1,0.00569,0.421,0.290093839
1554788925356,59.626,121.1,0.00569,0.421,0.290093839
1554788925419,59.689,121.1,0.00568,0.419,0.288208312
1554788925465,59.735,121.1,0.00568,0.419,0.288208312
1554788925511,59.781,121.1,0.00568,0.419,0.288208312
1554788925558,59.828,121.1,0.00568,0.419,0.288208312
1554788925619,59.889,121.1,0.00569,0.42,0.28940478
1554788925665,59.935,121.1,0.00569,0.42,0.28940478
1554788925711,59.981,121.1,0.00569,0.42,0.28940478
1554788925757,60.027,121.1,0.00569,0.42,0.28940478
1554788925818,60.088,121.0,0.00569,0.417,0.28710033
1554788925865,60.135,121.0,0.00569,0.417,0.28710033
1554788925911,60.181,121.0,0.00569,0.417,0.28710033
1554788925957,60.227,121.0,0.00569,0.417,0.28710033
1554788926018,60.288,121.1,0.00668,0.423,0.342185004
1554788926064,60.334,121.1,0.00668,0.423,0.342185004
1554788926110,60.38,121.1,0.00668,0.423,0.342185004
1554788926156,60.426,121.1,0.00668,0.423,0.342185004
1554788926218,60.488,121.1,0.00729,0.435,0.384026265
1554788926265,60.535,121.1,0.00729,0.435,0.384026265
1554788926311,60.581,121.1,0.00729,0.435,0.384026265
1554788926357,60.627,121.1,0.00729,0.435,0.384026265
1554788926418,60.688,121.1,0.00722,0.434,0.379464428
1554788926464,60.734,121.1,0.00722,0.434,0.379464428
1554788926510,60.78,121.1,0.00722,0.434,0.379464428
1554788926556,60.826,121.1,0.00722,0.434,0.379464428
1554788926619,60.889,121.0,0.00725,0.433,0.37984925
1554788926665,60.935,121.0,0.00725,0.433,0.37984925
1554788926711,60.981,121.0,0.00725,0.433,0.37984925
You pressed Ctrl+C!
