# Mon Apr 08 19:37:16 2019
abstime,time_stamp,volt,curr,pf,mul
1554777437018,0.093,121.3,0.00566,0.421,0.289040918
1554777437065,0.14,121.3,0.00566,0.421,0.289040918
1554777437111,0.186,121.3,0.00566,0.421,0.289040918
1554777437157,0.232,121.3,0.00566,0.421,0.289040918
1554777437212,0.287,121.3,0.00563,0.42,0.28682598
1554777437258,0.333,121.3,0.00563,0.42,0.28682598
1554777437303,0.378,121.3,0.00563,0.42,0.28682598
1554777437348,0.424,121.3,0.00563,0.42,0.28682598
1554777437412,0.487,121.3,0.0057,0.418,0.28900938
1554777437457,0.532,121.3,0.0057,0.418,0.28900938
1554777437503,0.578,121.3,0.0057,0.418,0.28900938
1554777437548,0.623,121.3,0.0057,0.418,0.28900938
1554777437612,0.687,121.3,0.00571,0.423,0.292979529
1554777437658,0.733,121.3,0.00571,0.423,0.292979529
1554777437704,0.779,121.3,0.00571,0.423,0.292979529
1554777437750,0.825,121.3,0.00571,0.423,0.292979529
1554777437812,0.887,121.3,0.00574,0.42,0.29243004
1554777437858,0.933,121.3,0.00574,0.42,0.29243004
1554777437904,0.979,121.3,0.00574,0.42,0.29243004
1554777437951,1.026,121.3,0.00574,0.42,0.29243004
1554777438012,1.087,121.3,0.00575,0.419,0.292242025
1554777438057,1.132,121.3,0.00575,0.419,0.292242025
1554777438104,1.179,121.3,0.00575,0.419,0.292242025
1554777438150,1.225,121.3,0.00575,0.419,0.292242025
1554777438212,1.287,121.3,0.00575,0.42,0.2929395
1554777438258,1.334,121.3,0.00575,0.42,0.2929395
1554777438305,1.38,121.3,0.00575,0.42,0.2929395
1554777438351,1.426,121.3,0.00575,0.42,0.2929395
1554777438412,1.487,121.3,0.00578,0.42,0.29446788
1554777438458,1.533,121.3,0.00578,0.42,0.29446788
1554777438504,1.579,121.3,0.00578,0.42,0.29446788
1554777438550,1.625,121.3,0.00578,0.42,0.29446788
1554777438612,1.687,121.3,0.00578,0.421,0.295168994
1554777438658,1.734,121.3,0.00578,0.421,0.295168994
1554777438705,1.78,121.3,0.00578,0.421,0.295168994
1554777438751,1.826,121.3,0.00578,0.421,0.295168994
1554777438812,1.887,121.4,0.00578,0.422,0.296114024
1554777438858,1.933,121.4,0.00578,0.422,0.296114024
1554777438904,1.979,121.4,0.00578,0.422,0.296114024
1554777438950,2.025,121.4,0.00578,0.422,0.296114024
1554777439012,2.087,121.4,0.00574,0.42,0.29267112
1554777439058,2.133,121.4,0.00574,0.42,0.29267112
1554777439104,2.179,121.4,0.00574,0.42,0.29267112
1554777439151,2.226,121.4,0.00574,0.42,0.29267112
1554777439212,2.287,121.3,0.00572,0.42,0.29141112
1554777439258,2.333,121.3,0.00572,0.42,0.29141112
1554777439304,2.379,121.3,0.00572,0.42,0.29141112
1554777439350,2.425,121.3,0.00572,0.42,0.29141112
1554777439412,2.487,121.3,0.00574,0.42,0.29243004
1554777439458,2.533,121.3,0.00574,0.42,0.29243004
1554777439505,2.58,121.3,0.00574,0.42,0.29243004
1554777439551,2.626,121.3,0.00574,0.42,0.29243004
1554777439612,2.687,121.3,0.00575,0.421,0.293636975
1554777439658,2.733,121.3,0.00575,0.421,0.293636975
1554777439704,2.779,121.3,0.00575,0.421,0.293636975
1554777439750,2.825,121.3,0.00575,0.421,0.293636975
1554777439811,2.886,121.4,0.00571,0.423,0.293221062
1554777439857,2.932,121.4,0.00571,0.423,0.293221062
1554777439903,2.978,121.4,0.00571,0.423,0.293221062
1554777439950,3.025,121.4,0.00571,0.423,0.293221062
1554777440012,3.087,121.4,0.00571,0.418,0.289755092
1554777440058,3.133,121.4,0.00571,0.418,0.289755092
1554777440104,3.179,121.4,0.00571,0.418,0.289755092
1554777440150,3.226,121.4,0.00571,0.418,0.289755092
1554777440211,3.287,121.3,0.00568,0.421,0.290062264
1554777440258,3.333,121.3,0.00568,0.421,0.290062264
1554777440304,3.379,121.3,0.00568,0.421,0.290062264
1554777440350,3.425,121.3,0.00568,0.421,0.290062264
1554777440412,3.487,121.3,0.0057,0.421,0.29108361
1554777440458,3.533,121.3,0.0057,0.421,0.29108361
1554777440504,3.579,121.3,0.0057,0.421,0.29108361
1554777440551,3.626,121.3,0.0057,0.421,0.29108361
1554777440612,3.687,121.3,0.00574,0.421,0.293126302
1554777440658,3.733,121.3,0.00574,0.421,0.293126302
1554777440704,3.779,121.3,0.00574,0.421,0.293126302
1554777440750,3.825,121.3,0.00574,0.421,0.293126302
1554777440811,3.886,121.3,0.00573,0.422,0.293310678
1554777440857,3.932,121.3,0.00573,0.422,0.293310678
1554777440903,3.978,121.3,0.00573,0.422,0.293310678
1554777440949,4.024,121.3,0.00573,0.422,0.293310678
1554777441012,4.087,121.3,0.00575,0.42,0.2929395
1554777441058,4.133,121.3,0.00575,0.42,0.2929395
1554777441104,4.179,121.3,0.00575,0.42,0.2929395
1554777441150,4.225,121.3,0.00575,0.42,0.2929395
1554777441211,4.286,121.3,0.00574,0.422,0.293822564
1554777441257,4.332,121.3,0.00574,0.422,0.293822564
1554777441303,4.378,121.3,0.00574,0.422,0.293822564
1554777441349,4.424,121.3,0.00574,0.422,0.293822564
1554777441411,4.487,121.3,0.0058,0.421,0.29619034
1554777441458,4.533,121.3,0.0058,0.421,0.29619034
1554777441504,4.579,121.3,0.0058,0.421,0.29619034
1554777441550,4.625,121.3,0.0058,0.421,0.29619034
1554777441611,4.686,121.3,0.00579,0.422,0.296381994
1554777441657,4.732,121.3,0.00579,0.422,0.296381994
1554777441703,4.778,121.3,0.00579,0.422,0.296381994
1554777441749,4.824,121.3,0.00579,0.422,0.296381994
1554777441811,4.886,121.4,0.0058,0.425,0.299251
1554777441858,4.933,121.4,0.0058,0.425,0.299251
1554777441904,4.979,121.4,0.0058,0.425,0.299251
1554777441950,5.025,121.4,0.0058,0.425,0.299251
1554777442011,5.086,121.4,0.00581,0.421,0.296945614
1554777442057,5.132,121.4,0.00581,0.421,0.296945614
1554777442103,5.178,121.4,0.00581,0.421,0.296945614
1554777442149,5.224,121.4,0.00581,0.421,0.296945614
1554777442211,5.286,121.3,0.00585,0.421,0.298743705
1554777442257,5.332,121.3,0.00585,0.421,0.298743705
1554777442303,5.378,121.3,0.00585,0.421,0.298743705
1554777442349,5.424,121.3,0.00585,0.421,0.298743705
1554777442412,5.487,121.3,0.00579,0.422,0.296381994
1554777442458,5.533,121.3,0.00579,0.422,0.296381994
1554777442504,5.579,121.3,0.00579,0.422,0.296381994
1554777442550,5.625,121.3,0.00579,0.422,0.296381994
1554777442611,5.686,121.4,0.00582,0.42,0.29675016
1554777442656,5.732,121.4,0.00582,0.42,0.29675016
1554777442703,5.778,121.4,0.00582,0.42,0.29675016
1554777442749,5.824,121.4,0.00582,0.42,0.29675016
1554777442811,5.886,121.4,0.0058,0.422,0.29713864
1554777442858,5.933,121.4,0.0058,0.422,0.29713864
1554777442904,5.979,121.4,0.0058,0.422,0.29713864
1554777442950,6.025,121.4,0.0058,0.422,0.29713864
1554777443011,6.086,121.4,0.00579,0.42,0.29522052
1554777443057,6.132,121.4,0.00579,0.42,0.29522052
1554777443103,6.178,121.4,0.00579,0.42,0.29522052
1554777443150,6.225,121.4,0.00579,0.42,0.29522052
1554777443211,6.286,121.4,0.00579,0.418,0.293814708
1554777443257,6.332,121.4,0.00579,0.418,0.293814708
1554777443304,6.379,121.4,0.00579,0.418,0.293814708
1554777443352,6.427,121.4,0.00579,0.418,0.293814708
1554777443411,6.486,121.3,0.00576,0.42,0.29344896
1554777443457,6.532,121.3,0.00576,0.42,0.29344896
1554777443503,6.578,121.3,0.00576,0.42,0.29344896
1554777443549,6.624,121.3,0.00576,0.42,0.29344896
1554777443611,6.686,121.4,0.00576,0.418,0.292292352
1554777443657,6.732,121.4,0.00576,0.418,0.292292352
1554777443703,6.778,121.4,0.00576,0.418,0.292292352
1554777443749,6.824,121.4,0.00576,0.418,0.292292352
1554777443811,6.886,121.4,0.00574,0.419,0.291974284
1554777443858,6.933,121.4,0.00574,0.419,0.291974284
1554777443904,6.979,121.4,0.00574,0.419,0.291974284
1554777443950,7.025,121.4,0.00574,0.419,0.291974284
1554777444011,7.086,121.4,0.00574,0.416,0.289883776
1554777444057,7.132,121.4,0.00574,0.416,0.289883776
1554777444103,7.178,121.4,0.00574,0.416,0.289883776
1554777444150,7.225,121.4,0.00574,0.416,0.289883776
1554777444211,7.286,121.3,0.00569,0.417,0.287812149
1554777444256,7.331,121.3,0.00569,0.417,0.287812149
1554777444302,7.377,121.3,0.00569,0.417,0.287812149
1554777444348,7.423,121.3,0.00569,0.417,0.287812149
1554777444411,7.486,121.3,0.0057,0.418,0.28900938
1554777444456,7.531,121.3,0.0057,0.418,0.28900938
1554777444501,7.576,121.3,0.0057,0.418,0.28900938
1554777444547,7.622,121.3,0.0057,0.418,0.28900938
1554777444611,7.686,121.3,0.00574,0.417,0.290341254
1554777444656,7.731,121.3,0.00574,0.417,0.290341254
1554777444701,7.776,121.3,0.00574,0.417,0.290341254
1554777444746,7.821,121.3,0.00574,0.417,0.290341254
1554777444810,7.885,121.3,0.00573,0.421,0.292615629
1554777444856,7.931,121.3,0.00573,0.421,0.292615629
1554777444901,7.976,121.3,0.00573,0.421,0.292615629
1554777444947,8.022,121.3,0.00573,0.421,0.292615629
1554777445010,8.085,121.3,0.00573,0.419,0.291225531
1554777445056,8.131,121.3,0.00573,0.419,0.291225531
1554777445102,8.177,121.3,0.00573,0.419,0.291225531
1554777445148,8.223,121.3,0.00573,0.419,0.291225531
1554777445210,8.285,121.3,0.00574,0.419,0.291733778
1554777445256,8.331,121.3,0.00574,0.419,0.291733778
1554777445302,8.377,121.3,0.00574,0.419,0.291733778
1554777445349,8.424,121.3,0.00574,0.419,0.291733778
1554777445411,8.486,121.3,0.00575,0.42,0.2929395
1554777445457,8.532,121.3,0.00575,0.42,0.2929395
1554777445503,8.578,121.3,0.00575,0.42,0.2929395
1554777445549,8.624,121.3,0.00575,0.42,0.2929395
1554777445610,8.685,121.3,0.00581,0.417,0.293882001
1554777445656,8.731,121.3,0.00581,0.417,0.293882001
1554777445702,8.777,121.3,0.00581,0.417,0.293882001
1554777445749,8.824,121.3,0.00581,0.417,0.293882001
1554777445811,8.886,121.4,0.00579,0.418,0.293814708
1554777445857,8.932,121.4,0.00579,0.418,0.293814708
1554777445903,8.978,121.4,0.00579,0.418,0.293814708
1554777445949,9.024,121.4,0.00579,0.418,0.293814708
1554777446011,9.086,121.4,0.00578,0.419,0.294008948
1554777446057,9.132,121.4,0.00578,0.419,0.294008948
1554777446103,9.178,121.4,0.00578,0.419,0.294008948
1554777446149,9.224,121.4,0.00578,0.419,0.294008948
1554777446210,9.285,121.4,0.00579,0.418,0.293814708
1554777446256,9.331,121.4,0.00579,0.418,0.293814708
1554777446302,9.377,121.4,0.00579,0.418,0.293814708
1554777446348,9.423,121.4,0.00579,0.418,0.293814708
1554777446411,9.486,121.4,0.00578,0.418,0.293307256
1554777446457,9.532,121.4,0.00578,0.418,0.293307256
1554777446503,9.578,121.4,0.00578,0.418,0.293307256
1554777446549,9.624,121.4,0.00578,0.418,0.293307256
1554777446610,9.685,121.4,0.00576,0.42,0.29369088
1554777446656,9.731,121.4,0.00576,0.42,0.29369088
1554777446702,9.777,121.4,0.00576,0.42,0.29369088
1554777446748,9.823,121.4,0.00576,0.42,0.29369088
1554777446810,9.885,121.4,0.00574,0.421,0.293367956
1554777446857,9.932,121.4,0.00574,0.421,0.293367956
1554777446903,9.978,121.4,0.00574,0.421,0.293367956
1554777446949,10.024,121.4,0.00574,0.421,0.293367956
1554777447010,10.085,121.4,0.00571,0.422,0.292527868
1554777447056,10.131,121.4,0.00571,0.422,0.292527868
1554777447102,10.177,121.4,0.00571,0.422,0.292527868
1554777447148,10.223,121.4,0.00571,0.422,0.292527868
1554777447210,10.285,121.4,0.00568,0.42,0.28961184
1554777447257,10.332,121.4,0.00568,0.42,0.28961184
1554777447303,10.378,121.4,0.00568,0.42,0.28961184
1554777447349,10.424,121.4,0.00568,0.42,0.28961184
1554777447410,10.485,121.4,0.00569,0.42,0.29012172
1554777447456,10.531,121.4,0.00569,0.42,0.29012172
1554777447502,10.577,121.4,0.00569,0.42,0.29012172
1554777447548,10.623,121.4,0.00569,0.42,0.29012172
1554777447610,10.685,121.4,0.00569,0.418,0.288740188
1554777447656,10.731,121.4,0.00569,0.418,0.288740188
1554777447702,10.777,121.4,0.00569,0.418,0.288740188
1554777447748,10.823,121.4,0.00569,0.418,0.288740188
1554777447811,10.886,121.4,0.00571,0.42,0.29114148
1554777447857,10.932,121.4,0.00571,0.42,0.29114148
1554777447903,10.978,121.4,0.00571,0.42,0.29114148
1554777447949,11.024,121.4,0.00571,0.42,0.29114148
1554777448010,11.085,121.4,0.00568,0.42,0.28961184
1554777448056,11.131,121.4,0.00568,0.42,0.28961184
1554777448102,11.177,121.4,0.00568,0.42,0.28961184
1554777448148,11.223,121.4,0.00568,0.42,0.28961184
1554777448211,11.286,121.4,0.00571,0.417,0.289061898
1554777448257,11.332,121.4,0.00571,0.417,0.289061898
1554777448303,11.378,121.4,0.00571,0.417,0.289061898
1554777448349,11.424,121.4,0.00571,0.417,0.289061898
1554777448410,11.485,121.4,0.00564,0.421,0.288257016
1554777448456,11.531,121.4,0.00564,0.421,0.288257016
1554777448502,11.577,121.4,0.00564,0.421,0.288257016
1554777448548,11.623,121.4,0.00564,0.421,0.288257016
1554777448610,11.685,121.3,0.00569,0.418,0.288502346
1554777448655,11.73,121.3,0.00569,0.418,0.288502346
1554777448702,11.777,121.3,0.00569,0.418,0.288502346
1554777448748,11.823,121.3,0.00569,0.418,0.288502346
1554777448810,11.885,121.4,0.00567,0.422,0.290478636
1554777448856,11.931,121.4,0.00567,0.422,0.290478636
1554777448902,11.977,121.4,0.00567,0.422,0.290478636
1554777448948,12.023,121.4,0.00567,0.422,0.290478636
1554777449010,12.085,121.4,0.00569,0.419,0.289430954
1554777449057,12.132,121.4,0.00569,0.419,0.289430954
1554777449103,12.178,121.4,0.00569,0.419,0.289430954
1554777449149,12.224,121.4,0.00569,0.419,0.289430954
1554777449210,12.285,121.3,0.00569,0.42,0.28988274
1554777449256,12.331,121.3,0.00569,0.42,0.28988274
1554777449302,12.377,121.3,0.00569,0.42,0.28988274
1554777449348,12.423,121.3,0.00569,0.42,0.28988274
1554777449410,12.485,121.3,0.0057,0.418,0.28900938
1554777449457,12.532,121.3,0.0057,0.418,0.28900938
1554777449503,12.578,121.3,0.0057,0.418,0.28900938
1554777449549,12.624,121.3,0.0057,0.418,0.28900938
1554777449610,12.685,121.3,0.00574,0.418,0.291037516
1554777449656,12.731,121.3,0.00574,0.418,0.291037516
1554777449702,12.777,121.3,0.00574,0.418,0.291037516
1554777449748,12.823,121.3,0.00574,0.418,0.291037516
1554777449810,12.885,121.3,0.00576,0.418,0.292051584
1554777449856,12.931,121.3,0.00576,0.418,0.292051584
1554777449902,12.978,121.3,0.00576,0.418,0.292051584
1554777449949,13.024,121.3,0.00576,0.418,0.292051584
1554777450010,13.085,121.4,0.00575,0.42,0.293181
1554777450056,13.131,121.4,0.00575,0.42,0.293181
1554777450102,13.177,121.4,0.00575,0.42,0.293181
1554777450148,13.223,121.4,0.00575,0.42,0.293181
1554777450210,13.285,121.4,0.00579,0.417,0.293111802
1554777450256,13.331,121.4,0.00579,0.417,0.293111802
1554777450302,13.377,121.4,0.00579,0.417,0.293111802
1554777450348,13.423,121.4,0.00579,0.417,0.293111802
1554777450409,13.484,121.3,0.00576,0.417,0.291352896
1554777450455,13.53,121.3,0.00576,0.417,0.291352896
1554777450502,13.577,121.3,0.00576,0.417,0.291352896
1554777450548,13.623,121.3,0.00576,0.417,0.291352896
1554777450610,13.685,121.3,0.00574,0.419,0.291733778
1554777450656,13.731,121.3,0.00574,0.419,0.291733778
1554777450702,13.777,121.3,0.00574,0.419,0.291733778
1554777450748,13.823,121.3,0.00574,0.419,0.291733778
1554777450809,13.884,121.4,0.00571,0.422,0.292527868
1554777450855,13.93,121.4,0.00571,0.422,0.292527868
1554777450901,13.976,121.4,0.00571,0.422,0.292527868
1554777450948,14.023,121.4,0.00571,0.422,0.292527868
1554777451010,14.085,121.4,0.00573,0.418,0.290769996
1554777451056,14.131,121.4,0.00573,0.418,0.290769996
1554777451102,14.177,121.4,0.00573,0.418,0.290769996
1554777451148,14.223,121.4,0.00573,0.418,0.290769996
1554777451209,14.284,121.4,0.00568,0.419,0.288922288
1554777451256,14.331,121.4,0.00568,0.419,0.288922288
1554777451302,14.377,121.4,0.00568,0.419,0.288922288
1554777451348,14.423,121.4,0.00568,0.419,0.288922288
1554777451409,14.484,121.4,0.00571,0.417,0.289061898
1554777451455,14.53,121.4,0.00571,0.417,0.289061898
1554777451502,14.577,121.4,0.00571,0.417,0.289061898
1554777451548,14.623,121.4,0.00571,0.417,0.289061898
1554777451609,14.684,121.4,0.00571,0.418,0.289755092
1554777451655,14.73,121.4,0.00571,0.418,0.289755092
1554777451701,14.776,121.4,0.00571,0.418,0.289755092
1554777451747,14.822,121.4,0.00571,0.418,0.289755092
1554777451809,14.884,121.4,0.00568,0.42,0.28961184
1554777451856,14.931,121.4,0.00568,0.42,0.28961184
1554777451902,14.977,121.4,0.00568,0.42,0.28961184
1554777451948,15.023,121.4,0.00568,0.42,0.28961184
1554777452009,15.084,121.4,0.0057,0.419,0.28993962
1554777452055,15.13,121.4,0.0057,0.419,0.28993962
1554777452101,15.176,121.4,0.0057,0.419,0.28993962
1554777452147,15.222,121.4,0.0057,0.419,0.28993962
1554777452210,15.285,121.4,0.00567,0.418,0.287725284
1554777452256,15.331,121.4,0.00567,0.418,0.287725284
1554777452302,15.377,121.4,0.00567,0.418,0.287725284
1554777452348,15.423,121.4,0.00567,0.418,0.287725284
1554777452409,15.484,121.3,0.00567,0.417,0.286800507
1554777452455,15.53,121.3,0.00567,0.417,0.286800507
1554777452501,15.576,121.3,0.00567,0.417,0.286800507
1554777452547,15.622,121.3,0.00567,0.417,0.286800507
1554777452610,15.685,121.3,0.00568,0.418,0.287995312
1554777452656,15.731,121.3,0.00568,0.418,0.287995312
1554777452702,15.777,121.3,0.00568,0.418,0.287995312
1554777452748,15.823,121.3,0.00568,0.418,0.287995312
1554777452809,15.884,121.3,0.00569,0.419,0.289192543
1554777452855,15.93,121.3,0.00569,0.419,0.289192543
1554777452901,15.976,121.3,0.00569,0.419,0.289192543
1554777452947,16.022,121.3,0.00569,0.419,0.289192543
1554777453010,16.085,121.3,0.00566,0.42,0.28835436
1554777453056,16.131,121.3,0.00566,0.42,0.28835436
1554777453102,16.177,121.3,0.00566,0.42,0.28835436
1554777453148,16.223,121.3,0.00566,0.42,0.28835436
1554777453210,16.285,121.3,0.00569,0.419,0.289192543
1554777453256,16.331,121.3,0.00569,0.419,0.289192543
1554777453302,16.377,121.3,0.00569,0.419,0.289192543
1554777453348,16.423,121.3,0.00569,0.419,0.289192543
1554777453409,16.484,121.3,0.00572,0.417,0.289329612
1554777453455,16.53,121.3,0.00572,0.417,0.289329612
1554777453501,16.576,121.3,0.00572,0.417,0.289329612
1554777453548,16.623,121.3,0.00572,0.417,0.289329612
1554777453609,16.684,121.3,0.00573,0.419,0.291225531
1554777453655,16.73,121.3,0.00573,0.419,0.291225531
1554777453701,16.776,121.3,0.00573,0.419,0.291225531
1554777453747,16.822,121.3,0.00573,0.419,0.291225531
1554777453809,16.884,121.3,0.00575,0.419,0.292242025
1554777453855,16.93,121.3,0.00575,0.419,0.292242025
1554777453901,16.976,121.3,0.00575,0.419,0.292242025
1554777453947,17.022,121.3,0.00575,0.419,0.292242025
1554777454010,17.085,121.4,0.00575,0.418,0.2917849
1554777454056,17.131,121.4,0.00575,0.418,0.2917849
1554777454102,17.177,121.4,0.00575,0.418,0.2917849
1554777454148,17.223,121.4,0.00575,0.418,0.2917849
1554777454209,17.284,121.4,0.00574,0.419,0.291974284
1554777454255,17.33,121.4,0.00574,0.419,0.291974284
1554777454301,17.376,121.4,0.00574,0.419,0.291974284
1554777454348,17.423,121.4,0.00574,0.419,0.291974284
1554777454409,17.484,121.4,0.00581,0.413,0.291302942
1554777454455,17.53,121.4,0.00581,0.413,0.291302942
1554777454501,17.576,121.4,0.00581,0.413,0.291302942
1554777454547,17.622,121.4,0.00581,0.413,0.291302942
1554777454609,17.684,121.4,0.00584,0.412,0.292098112
1554777454655,17.73,121.4,0.00584,0.412,0.292098112
1554777454701,17.777,121.4,0.00584,0.412,0.292098112
1554777454748,17.823,121.4,0.00584,0.412,0.292098112
1554777454809,17.884,121.4,0.00575,0.419,0.29248295
1554777454855,17.93,121.4,0.00575,0.419,0.29248295
1554777454901,17.976,121.4,0.00575,0.419,0.29248295
1554777454947,18.022,121.4,0.00575,0.419,0.29248295
1554777455009,18.084,121.4,0.00571,0.42,0.29114148
1554777455055,18.13,121.4,0.00571,0.42,0.29114148
1554777455102,18.177,121.4,0.00571,0.42,0.29114148
1554777455148,18.223,121.4,0.00571,0.42,0.29114148
1554777455209,18.284,121.4,0.0057,0.419,0.28993962
1554777455255,18.33,121.4,0.0057,0.419,0.28993962
1554777455301,18.376,121.4,0.0057,0.419,0.28993962
1554777455347,18.422,121.4,0.0057,0.419,0.28993962
1554777455408,18.483,121.4,0.00569,0.418,0.288740188
1554777455454,18.529,121.4,0.00569,0.418,0.288740188
1554777455500,18.575,121.4,0.00569,0.418,0.288740188
1554777455546,18.621,121.4,0.00569,0.418,0.288740188
1554777455609,18.684,121.4,0.00569,0.419,0.289430954
1554777455655,18.73,121.4,0.00569,0.419,0.289430954
1554777455701,18.776,121.4,0.00569,0.419,0.289430954
1554777455747,18.822,121.4,0.00569,0.419,0.289430954
1554777455808,18.883,121.4,0.0057,0.419,0.28993962
1554777455854,18.929,121.4,0.0057,0.419,0.28993962
1554777455900,18.975,121.4,0.0057,0.419,0.28993962
1554777455946,19.021,121.4,0.0057,0.419,0.28993962
1554777456008,19.083,121.4,0.00569,0.417,0.288049422
1554777456055,19.13,121.4,0.00569,0.417,0.288049422
1554777456101,19.176,121.4,0.00569,0.417,0.288049422
1554777456147,19.222,121.4,0.00569,0.417,0.288049422
1554777456209,19.284,121.4,0.00567,0.417,0.287036946
1554777456255,19.33,121.4,0.00567,0.417,0.287036946
1554777456301,19.376,121.4,0.00567,0.417,0.287036946
1554777456347,19.422,121.4,0.00567,0.417,0.287036946
1554777456408,19.483,121.4,0.00567,0.415,0.28566027
1554777456454,19.529,121.4,0.00567,0.415,0.28566027
1554777456500,19.575,121.4,0.00567,0.415,0.28566027
1554777456547,19.622,121.4,0.00567,0.415,0.28566027
1554777456609,19.684,121.3,0.00573,0.414,0.287750286
1554777456655,19.73,121.3,0.00573,0.414,0.287750286
1554777456701,19.776,121.3,0.00573,0.414,0.287750286
1554777456747,19.822,121.3,0.00573,0.414,0.287750286
1554777456808,19.883,121.4,0.0057,0.415,0.2871717
1554777456854,19.929,121.4,0.0057,0.415,0.2871717
1554777456900,19.975,121.4,0.0057,0.415,0.2871717
1554777456946,20.021,121.4,0.0057,0.415,0.2871717
1554777457009,20.084,121.4,0.0057,0.416,0.28786368
1554777457055,20.13,121.4,0.0057,0.416,0.28786368
1554777457101,20.176,121.4,0.0057,0.416,0.28786368
1554777457147,20.222,121.4,0.0057,0.416,0.28786368
1554777457208,20.283,121.3,0.00567,0.418,0.287488278
1554777457254,20.329,121.3,0.00567,0.418,0.287488278
1554777457300,20.375,121.3,0.00567,0.418,0.287488278
1554777457346,20.421,121.3,0.00567,0.418,0.287488278
1554777457409,20.484,121.3,0.00567,0.419,0.288176049
1554777457455,20.53,121.3,0.00567,0.419,0.288176049
1554777457501,20.576,121.3,0.00567,0.419,0.288176049
1554777457547,20.622,121.3,0.00567,0.419,0.288176049
1554777457608,20.683,121.3,0.00571,0.42,0.29090166
1554777457654,20.729,121.3,0.00571,0.42,0.29090166
1554777457700,20.775,121.3,0.00571,0.42,0.29090166
1554777457746,20.821,121.3,0.00571,0.42,0.29090166
1554777457808,20.883,121.3,0.00576,0.418,0.292051584
1554777457854,20.929,121.3,0.00576,0.418,0.292051584
1554777457900,20.975,121.3,0.00576,0.418,0.292051584
1554777457946,21.021,121.3,0.00576,0.418,0.292051584
1554777458009,21.084,121.3,0.00575,0.42,0.2929395
1554777458055,21.13,121.3,0.00575,0.42,0.2929395
1554777458101,21.176,121.3,0.00575,0.42,0.2929395
1554777458147,21.222,121.3,0.00575,0.42,0.2929395
1554777458208,21.283,121.4,0.00575,0.418,0.2917849
1554777458254,21.329,121.4,0.00575,0.418,0.2917849
1554777458300,21.375,121.4,0.00575,0.418,0.2917849
1554777458346,21.421,121.4,0.00575,0.418,0.2917849
1554777458409,21.484,121.4,0.00573,0.418,0.290769996
1554777458455,21.53,121.4,0.00573,0.418,0.290769996
1554777458501,21.576,121.4,0.00573,0.418,0.290769996
1554777458547,21.622,121.4,0.00573,0.418,0.290769996
1554777458608,21.683,121.3,0.00574,0.418,0.291037516
1554777458654,21.729,121.3,0.00574,0.418,0.291037516
1554777458700,21.775,121.3,0.00574,0.418,0.291037516
1554777458746,21.821,121.3,0.00574,0.418,0.291037516
1554777458809,21.884,121.3,0.00575,0.415,0.289452125
1554777458855,21.93,121.3,0.00575,0.415,0.289452125
1554777458901,21.976,121.3,0.00575,0.415,0.289452125
1554777458947,22.022,121.3,0.00575,0.415,0.289452125
1554777459008,22.083,121.3,0.0057,0.418,0.28900938
1554777459054,22.129,121.3,0.0057,0.418,0.28900938
1554777459100,22.175,121.3,0.0057,0.418,0.28900938
1554777459146,22.221,121.3,0.0057,0.418,0.28900938
1554777459208,22.283,121.3,0.00569,0.422,0.291263134
1554777459255,22.33,121.3,0.00569,0.422,0.291263134
1554777459301,22.376,121.3,0.00569,0.422,0.291263134
1554777459347,22.422,121.3,0.00569,0.422,0.291263134
1554777459408,22.483,121.4,0.0057,0.417,0.28855566
1554777459454,22.529,121.4,0.0057,0.417,0.28855566
1554777459500,22.575,121.4,0.0057,0.417,0.28855566
1554777459546,22.621,121.4,0.0057,0.417,0.28855566
1554777459608,22.683,121.3,0.00567,0.421,0.289551591
1554777459654,22.729,121.3,0.00567,0.421,0.289551591
1554777459700,22.775,121.3,0.00567,0.421,0.289551591
1554777459746,22.821,121.3,0.00567,0.421,0.289551591
1554777459807,22.882,121.3,0.0057,0.42,0.2903922
1554777459854,22.929,121.3,0.0057,0.42,0.2903922
1554777459900,22.975,121.3,0.0057,0.42,0.2903922
1554777459946,23.021,121.3,0.0057,0.42,0.2903922
1554777460008,23.083,121.4,0.00571,0.418,0.289755092
1554777460054,23.129,121.4,0.00571,0.418,0.289755092
1554777460100,23.175,121.4,0.00571,0.418,0.289755092
1554777460146,23.221,121.4,0.00571,0.418,0.289755092
1554777460207,23.282,121.3,0.00566,0.417,0.286294686
1554777460254,23.329,121.3,0.00566,0.417,0.286294686
1554777460300,23.375,121.3,0.00566,0.417,0.286294686
1554777460346,23.421,121.3,0.00566,0.417,0.286294686
1554777460408,23.483,121.3,0.00567,0.418,0.287488278
1554777460454,23.529,121.3,0.00567,0.418,0.287488278
1554777460500,23.575,121.3,0.00567,0.418,0.287488278
1554777460546,23.621,121.3,0.00567,0.418,0.287488278
1554777460607,23.682,121.3,0.00566,0.418,0.286981244
1554777460653,23.728,121.3,0.00566,0.418,0.286981244
1554777460699,23.774,121.3,0.00566,0.418,0.286981244
1554777460745,23.821,121.3,0.00566,0.418,0.286981244
1554777460808,23.883,121.3,0.00572,0.416,0.288635776
1554777460854,23.929,121.3,0.00572,0.416,0.288635776
1554777460900,23.975,121.3,0.00572,0.416,0.288635776
1554777460946,24.021,121.3,0.00572,0.416,0.288635776
1554777461007,24.082,121.3,0.00564,0.421,0.288019572
1554777461053,24.128,121.3,0.00564,0.421,0.288019572
1554777461099,24.174,121.3,0.00564,0.421,0.288019572
1554777461145,24.22,121.3,0.00564,0.421,0.288019572
1554777461208,24.283,121.3,0.00566,0.42,0.28835436
1554777461254,24.329,121.3,0.00566,0.42,0.28835436
1554777461300,24.375,121.3,0.00566,0.42,0.28835436
1554777461346,24.421,121.3,0.00566,0.42,0.28835436
1554777461407,24.482,121.3,0.00571,0.419,0.290209037
1554777461453,24.528,121.3,0.00571,0.419,0.290209037
1554777461500,24.575,121.3,0.00571,0.419,0.290209037
1554777461546,24.621,121.3,0.00571,0.419,0.290209037
1554777461608,24.683,121.3,0.00572,0.419,0.290717284
1554777461654,24.729,121.3,0.00572,0.419,0.290717284
1554777461700,24.775,121.3,0.00572,0.419,0.290717284
1554777461746,24.821,121.3,0.00572,0.419,0.290717284
1554777461807,24.882,121.3,0.00572,0.419,0.290717284
1554777461854,24.929,121.3,0.00572,0.419,0.290717284
1554777461900,24.975,121.3,0.00572,0.419,0.290717284
1554777461946,25.021,121.3,0.00572,0.419,0.290717284
1554777462008,25.083,121.3,0.00574,0.419,0.291733778
1554777462054,25.129,121.3,0.00574,0.419,0.291733778
1554777462100,25.175,121.3,0.00574,0.419,0.291733778
1554777462146,25.221,121.3,0.00574,0.419,0.291733778
1554777462207,25.282,121.3,0.00574,0.418,0.291037516
1554777462254,25.329,121.3,0.00574,0.418,0.291037516
1554777462300,25.375,121.3,0.00574,0.418,0.291037516
1554777462346,25.421,121.3,0.00574,0.418,0.291037516
1554777462407,25.482,121.3,0.00575,0.418,0.29154455
1554777462453,25.528,121.3,0.00575,0.418,0.29154455
1554777462499,25.574,121.3,0.00575,0.418,0.29154455
1554777462545,25.621,121.3,0.00575,0.418,0.29154455
1554777462608,25.683,121.3,0.00576,0.42,0.29344896
1554777462654,25.729,121.3,0.00576,0.42,0.29344896
1554777462700,25.775,121.3,0.00576,0.42,0.29344896
1554777462746,25.821,121.3,0.00576,0.42,0.29344896
1554777462807,25.882,121.3,0.00577,0.415,0.290458915
1554777462853,25.928,121.3,0.00577,0.415,0.290458915
1554777462899,25.974,121.3,0.00577,0.415,0.290458915
1554777462946,26.021,121.3,0.00577,0.415,0.290458915
1554777463008,26.083,121.3,0.00573,0.418,0.290530482
1554777463054,26.129,121.3,0.00573,0.418,0.290530482
1554777463100,26.175,121.3,0.00573,0.418,0.290530482
1554777463146,26.221,121.3,0.00573,0.418,0.290530482
1554777463207,26.282,121.4,0.00572,0.419,0.290956952
1554777463254,26.329,121.4,0.00572,0.419,0.290956952
1554777463300,26.375,121.4,0.00572,0.419,0.290956952
1554777463346,26.421,121.4,0.00572,0.419,0.290956952
1554777463407,26.482,121.3,0.00568,0.418,0.287995312
1554777463453,26.528,121.3,0.00568,0.418,0.287995312
1554777463499,26.574,121.3,0.00568,0.418,0.287995312
1554777463545,26.62,121.3,0.00568,0.418,0.287995312
1554777463607,26.682,121.4,0.00566,0.42,0.28859208
1554777463653,26.728,121.4,0.00566,0.42,0.28859208
1554777463698,26.773,121.4,0.00566,0.42,0.28859208
1554777463745,26.82,121.4,0.00566,0.42,0.28859208
1554777463807,26.882,121.4,0.00566,0.418,0.287217832
1554777463853,26.928,121.4,0.00566,0.418,0.287217832
1554777463899,26.974,121.4,0.00566,0.418,0.287217832
1554777463945,27.02,121.4,0.00566,0.418,0.287217832
1554777464007,27.083,121.4,0.00567,0.42,0.28910196
1554777464054,27.129,121.4,0.00567,0.42,0.28910196
1554777464100,27.175,121.4,0.00567,0.42,0.28910196
1554777464146,27.221,121.4,0.00567,0.42,0.28910196
1554777464207,27.282,121.4,0.00564,0.42,0.28757232
1554777464253,27.328,121.4,0.00564,0.42,0.28757232
1554777464299,27.374,121.4,0.00564,0.42,0.28757232
1554777464345,27.42,121.4,0.00564,0.42,0.28757232
1554777464407,27.482,121.3,0.00562,0.42,0.28631652
1554777464454,27.529,121.3,0.00562,0.42,0.28631652
1554777464500,27.575,121.3,0.00562,0.42,0.28631652
1554777464546,27.621,121.3,0.00562,0.42,0.28631652
1554777464607,27.682,121.4,0.00565,0.42,0.2880822
1554777464653,27.728,121.4,0.00565,0.42,0.2880822
1554777464699,27.774,121.4,0.00565,0.42,0.2880822
1554777464745,27.82,121.4,0.00565,0.42,0.2880822
1554777464807,27.882,121.4,0.00569,0.416,0.287358656
1554777464854,27.929,121.4,0.00569,0.416,0.287358656
1554777464900,27.975,121.4,0.00569,0.416,0.287358656
1554777464946,28.021,121.4,0.00569,0.416,0.287358656
1554777465007,28.082,121.4,0.00568,0.419,0.288922288
1554777465052,28.127,121.4,0.00568,0.419,0.288922288
1554777465099,28.174,121.4,0.00568,0.419,0.288922288
1554777465145,28.22,121.4,0.00568,0.419,0.288922288
1554777465207,28.282,121.4,0.00563,0.419,0.286378958
1554777465253,28.328,121.4,0.00563,0.419,0.286378958
1554777465299,28.375,121.4,0.00563,0.419,0.286378958
1554777465346,28.421,121.4,0.00563,0.419,0.286378958
1554777465407,28.482,121.4,0.00569,0.42,0.29012172
1554777465453,28.528,121.4,0.00569,0.42,0.29012172
1554777465499,28.574,121.4,0.00569,0.42,0.29012172
1554777465545,28.62,121.4,0.00569,0.42,0.29012172
1554777465607,28.682,121.3,0.00569,0.416,0.287121952
1554777465653,28.729,121.3,0.00569,0.416,0.287121952
1554777465700,28.775,121.3,0.00569,0.416,0.287121952
1554777465746,28.821,121.3,0.00569,0.416,0.287121952
1554777465807,28.882,121.3,0.00575,0.417,0.290847075
1554777465853,28.928,121.3,0.00575,0.417,0.290847075
1554777465899,28.974,121.3,0.00575,0.417,0.290847075
1554777465945,29.02,121.3,0.00575,0.417,0.290847075
1554777466006,29.081,121.3,0.00576,0.419,0.292750272
1554777466052,29.127,121.3,0.00576,0.419,0.292750272
1554777466099,29.174,121.3,0.00576,0.419,0.292750272
1554777466145,29.22,121.3,0.00576,0.419,0.292750272
1554777466207,29.282,121.4,0.00574,0.418,0.291277448
1554777466253,29.328,121.4,0.00574,0.418,0.291277448
1554777466299,29.374,121.4,0.00574,0.418,0.291277448
1554777466345,29.42,121.4,0.00574,0.418,0.291277448
1554777466406,29.481,121.3,0.00577,0.416,0.291158816
1554777466452,29.527,121.3,0.00577,0.416,0.291158816
1554777466498,29.573,121.3,0.00577,0.416,0.291158816
1554777466545,29.62,121.3,0.00577,0.416,0.291158816
1554777466607,29.682,121.3,0.00579,0.416,0.292168032
1554777466653,29.728,121.3,0.00579,0.416,0.292168032
1554777466699,29.774,121.3,0.00579,0.416,0.292168032
1554777466746,29.821,121.3,0.00579,0.416,0.292168032
1554777466807,29.882,121.3,0.00581,0.415,0.292472495
1554777466853,29.928,121.3,0.00581,0.415,0.292472495
1554777466899,29.974,121.3,0.00581,0.415,0.292472495
1554777466945,30.02,121.3,0.00581,0.415,0.292472495
1554777467006,30.081,121.3,0.00575,0.418,0.29154455
1554777467052,30.128,121.3,0.00575,0.418,0.29154455
1554777467099,30.174,121.3,0.00575,0.418,0.29154455
1554777467145,30.22,121.3,0.00575,0.418,0.29154455
1554777467206,30.281,121.4,0.00573,0.42,0.29216124
1554777467252,30.327,121.4,0.00573,0.42,0.29216124
1554777467298,30.373,121.4,0.00573,0.42,0.29216124
1554777467344,30.419,121.4,0.00573,0.42,0.29216124
1554777467406,30.481,121.4,0.0057,0.418,0.28924764
1554777467452,30.527,121.4,0.0057,0.418,0.28924764
1554777467498,30.573,121.4,0.0057,0.418,0.28924764
1554777467544,30.619,121.4,0.0057,0.418,0.28924764
1554777467607,30.682,121.3,0.00569,0.418,0.288502346
1554777467653,30.728,121.3,0.00569,0.418,0.288502346
1554777467699,30.774,121.3,0.00569,0.418,0.288502346
1554777467745,30.82,121.3,0.00569,0.418,0.288502346
1554777467806,30.881,121.4,0.00567,0.419,0.288413622
1554777467852,30.927,121.4,0.00567,0.419,0.288413622
1554777467898,30.973,121.4,0.00567,0.419,0.288413622
1554777467944,31.019,121.4,0.00567,0.419,0.288413622
1554777468006,31.081,121.4,0.00568,0.418,0.288232736
1554777468052,31.127,121.4,0.00568,0.418,0.288232736
1554777468098,31.173,121.4,0.00568,0.418,0.288232736
1554777468145,31.22,121.4,0.00568,0.418,0.288232736
1554777468207,31.282,121.4,0.00569,0.418,0.288740188
1554777468253,31.328,121.4,0.00569,0.418,0.288740188
1554777468299,31.374,121.4,0.00569,0.418,0.288740188
1554777468345,31.42,121.4,0.00569,0.418,0.288740188
1554777468406,31.481,121.4,0.00567,0.416,0.286348608
1554777468452,31.528,121.4,0.00567,0.416,0.286348608
1554777468499,31.574,121.4,0.00567,0.416,0.286348608
1554777468545,31.62,121.4,0.00567,0.416,0.286348608
1554777468606,31.681,121.4,0.00567,0.419,0.288413622
1554777468652,31.727,121.4,0.00567,0.419,0.288413622
1554777468698,31.773,121.4,0.00567,0.419,0.288413622
1554777468744,31.819,121.4,0.00567,0.419,0.288413622
1554777468806,31.881,121.3,0.0057,0.417,0.28831797
1554777468853,31.928,121.3,0.0057,0.417,0.28831797
1554777468899,31.974,121.3,0.0057,0.417,0.28831797
1554777468945,32.02,121.3,0.0057,0.417,0.28831797
1554777469006,32.081,121.4,0.00564,0.423,0.289626408
1554777469052,32.127,121.4,0.00564,0.423,0.289626408
1554777469098,32.173,121.4,0.00564,0.423,0.289626408
1554777469145,32.22,121.4,0.00564,0.423,0.289626408
1554777469206,32.281,121.4,0.00568,0.42,0.28961184
1554777469252,32.327,121.4,0.00568,0.42,0.28961184
1554777469298,32.373,121.4,0.00568,0.42,0.28961184
1554777469344,32.419,121.4,0.00568,0.42,0.28961184
1554777469406,32.481,121.4,0.00564,0.422,0.288941712
1554777469452,32.527,121.4,0.00564,0.422,0.288941712
1554777469499,32.574,121.4,0.00564,0.422,0.288941712
1554777469545,32.62,121.4,0.00564,0.422,0.288941712
1554777469606,32.681,121.3,0.00566,0.42,0.28835436
1554777469652,32.727,121.3,0.00566,0.42,0.28835436
1554777469698,32.773,121.3,0.00566,0.42,0.28835436
1554777469744,32.819,121.3,0.00566,0.42,0.28835436
1554777469807,32.882,121.3,0.00568,0.423,0.291440232
1554777469853,32.928,121.3,0.00568,0.423,0.291440232
1554777469899,32.974,121.3,0.00568,0.423,0.291440232
1554777469945,33.02,121.3,0.00568,0.423,0.291440232
1554777470006,33.082,121.3,0.00569,0.426,0.294023922
1554777470053,33.128,121.3,0.00569,0.426,0.294023922
1554777470099,33.174,121.3,0.00569,0.426,0.294023922
1554777470145,33.22,121.3,0.00569,0.426,0.294023922
1554777470206,33.281,121.4,0.00573,0.422,0.293552484
1554777470252,33.327,121.4,0.00573,0.422,0.293552484
1554777470298,33.373,121.4,0.00573,0.422,0.293552484
1554777470344,33.419,121.4,0.00573,0.422,0.293552484
1554777470406,33.481,121.3,0.0057,0.423,0.29246643
1554777470451,33.526,121.3,0.0057,0.423,0.29246643
1554777470498,33.573,121.3,0.0057,0.423,0.29246643
1554777470544,33.619,121.3,0.0057,0.423,0.29246643
1554777470606,33.681,121.3,0.00572,0.421,0.292104956
1554777470652,33.727,121.3,0.00572,0.421,0.292104956
1554777470698,33.773,121.3,0.00572,0.421,0.292104956
1554777470744,33.819,121.3,0.00572,0.421,0.292104956
1554777470805,33.88,121.3,0.00574,0.418,0.291037516
1554777470851,33.926,121.3,0.00574,0.418,0.291037516
1554777470897,33.972,121.3,0.00574,0.418,0.291037516
1554777470943,34.018,121.3,0.00574,0.418,0.291037516
1554777471006,34.081,121.3,0.00569,0.422,0.291263134
1554777471052,34.127,121.3,0.00569,0.422,0.291263134
1554777471098,34.173,121.3,0.00569,0.422,0.291263134
1554777471144,34.219,121.3,0.00569,0.422,0.291263134
1554777471205,34.28,121.3,0.00571,0.421,0.291594283
1554777471251,34.326,121.3,0.00571,0.421,0.291594283
1554777471297,34.372,121.3,0.00571,0.421,0.291594283
1554777471343,34.418,121.3,0.00571,0.421,0.291594283
1554777471406,34.481,121.4,0.00569,0.421,0.290812486
1554777471452,34.527,121.4,0.00569,0.421,0.290812486
1554777471498,34.573,121.4,0.00569,0.421,0.290812486
1554777471544,34.619,121.4,0.00569,0.421,0.290812486
1554777471606,34.681,121.3,0.00568,0.417,0.287306328
1554777471652,34.727,121.3,0.00568,0.417,0.287306328
1554777471698,34.773,121.3,0.00568,0.417,0.287306328
1554777471744,34.82,121.3,0.00568,0.417,0.287306328
1554777471805,34.881,121.3,0.0057,0.421,0.29108361
1554777471852,34.927,121.3,0.0057,0.421,0.29108361
1554777471898,34.973,121.3,0.0057,0.421,0.29108361
1554777471944,35.019,121.3,0.0057,0.421,0.29108361
1554777472006,35.081,121.4,0.00567,0.419,0.288413622
1554777472052,35.127,121.4,0.00567,0.419,0.288413622
1554777472098,35.173,121.4,0.00567,0.419,0.288413622
1554777472145,35.22,121.4,0.00567,0.419,0.288413622
1554777472206,35.281,121.4,0.00569,0.418,0.288740188
1554777472252,35.327,121.4,0.00569,0.418,0.288740188
1554777472298,35.373,121.4,0.00569,0.418,0.288740188
1554777472344,35.419,121.4,0.00569,0.418,0.288740188
1554777472405,35.48,121.4,0.00567,0.418,0.287725284
1554777472451,35.526,121.4,0.00567,0.418,0.287725284
1554777472497,35.572,121.4,0.00567,0.418,0.287725284
1554777472543,35.618,121.4,0.00567,0.418,0.287725284
1554777472605,35.68,121.4,0.00567,0.417,0.287036946
1554777472652,35.727,121.4,0.00567,0.417,0.287036946
1554777472698,35.773,121.4,0.00567,0.417,0.287036946
1554777472744,35.819,121.4,0.00567,0.417,0.287036946
1554777472806,35.881,121.4,0.00568,0.419,0.288922288
1554777472852,35.927,121.4,0.00568,0.419,0.288922288
1554777472898,35.973,121.4,0.00568,0.419,0.288922288
1554777472944,36.019,121.4,0.00568,0.419,0.288922288
1554777473005,36.08,121.4,0.00566,0.421,0.289279204
1554777473052,36.127,121.4,0.00566,0.421,0.289279204
1554777473098,36.173,121.4,0.00566,0.421,0.289279204
1554777473144,36.219,121.4,0.00566,0.421,0.289279204
1554777473205,36.28,121.4,0.00569,0.421,0.290812486
1554777473251,36.326,121.4,0.00569,0.421,0.290812486
1554777473297,36.372,121.4,0.00569,0.421,0.290812486
1554777473343,36.418,121.4,0.00569,0.421,0.290812486
1554777473406,36.481,121.4,0.00569,0.421,0.290812486
1554777473452,36.527,121.4,0.00569,0.421,0.290812486
1554777473498,36.573,121.4,0.00569,0.421,0.290812486
1554777473544,36.619,121.4,0.00569,0.421,0.290812486
1554777473605,36.68,121.4,0.00568,0.418,0.288232736
1554777473651,36.726,121.4,0.00568,0.418,0.288232736
1554777473697,36.772,121.4,0.00568,0.418,0.288232736
1554777473743,36.818,121.4,0.00568,0.418,0.288232736
1554777473805,36.88,121.3,0.00572,0.418,0.290023448
1554777473852,36.927,121.3,0.00572,0.418,0.290023448
1554777473898,36.973,121.3,0.00572,0.418,0.290023448
1554777473944,37.019,121.3,0.00572,0.418,0.290023448
1554777474005,37.08,121.3,0.00576,0.42,0.29344896
1554777474051,37.126,121.3,0.00576,0.42,0.29344896
1554777474097,37.172,121.3,0.00576,0.42,0.29344896
1554777474143,37.218,121.3,0.00576,0.42,0.29344896
1554777474205,37.28,121.3,0.00571,0.42,0.29090166
1554777474251,37.326,121.3,0.00571,0.42,0.29090166
1554777474298,37.373,121.3,0.00571,0.42,0.29090166
1554777474344,37.419,121.3,0.00571,0.42,0.29090166
1554777474405,37.48,121.3,0.00573,0.419,0.291225531
1554777474451,37.526,121.3,0.00573,0.419,0.291225531
1554777474497,37.572,121.3,0.00573,0.419,0.291225531
1554777474543,37.618,121.3,0.00573,0.419,0.291225531
1554777474605,37.68,121.3,0.00572,0.418,0.290023448
1554777474651,37.726,121.3,0.00572,0.418,0.290023448
1554777474697,37.773,121.3,0.00572,0.418,0.290023448
1554777474744,37.819,121.3,0.00572,0.418,0.290023448
1554777474805,37.88,121.2,0.00569,0.42,0.28964376
1554777474850,37.925,121.2,0.00569,0.42,0.28964376
1554777474897,37.972,121.2,0.00569,0.42,0.28964376
1554777474943,38.018,121.2,0.00569,0.42,0.28964376
1554777475005,38.08,121.3,0.00567,0.422,0.290239362
1554777475051,38.126,121.3,0.00567,0.422,0.290239362
1554777475098,38.173,121.3,0.00567,0.422,0.290239362
1554777475144,38.219,121.3,0.00567,0.422,0.290239362
1554777475205,38.28,121.3,0.0057,0.421,0.29108361
1554777475251,38.326,121.3,0.0057,0.421,0.29108361
1554777475297,38.372,121.3,0.0057,0.421,0.29108361
1554777475343,38.418,121.3,0.0057,0.421,0.29108361
1554777475405,38.48,121.4,0.0057,0.419,0.28993962
1554777475451,38.526,121.4,0.0057,0.419,0.28993962
1554777475497,38.572,121.4,0.0057,0.419,0.28993962
1554777475544,38.619,121.4,0.0057,0.419,0.28993962
1554777475604,38.68,121.3,0.00569,0.421,0.290572937
1554777475650,38.725,121.3,0.00569,0.421,0.290572937
1554777475697,38.772,121.3,0.00569,0.421,0.290572937
1554777475743,38.818,121.3,0.00569,0.421,0.290572937
1554777475805,38.88,121.4,0.0057,0.418,0.28924764
1554777475851,38.926,121.4,0.0057,0.418,0.28924764
1554777475897,38.972,121.4,0.0057,0.418,0.28924764
1554777475945,39.02,121.4,0.0057,0.418,0.28924764
1554777476005,39.08,121.4,0.00568,0.418,0.288232736
1554777476051,39.126,121.4,0.00568,0.418,0.288232736
1554777476097,39.172,121.4,0.00568,0.418,0.288232736
1554777476143,39.218,121.4,0.00568,0.418,0.288232736
1554777476205,39.28,121.4,0.00566,0.419,0.287904956
1554777476251,39.326,121.4,0.00566,0.419,0.287904956
1554777476297,39.372,121.4,0.00566,0.419,0.287904956
1554777476345,39.42,121.4,0.00566,0.419,0.287904956
1554777476405,39.48,121.4,0.00567,0.419,0.288413622
1554777476451,39.526,121.4,0.00567,0.419,0.288413622
1554777476497,39.572,121.4,0.00567,0.419,0.288413622
1554777476543,39.618,121.4,0.00567,0.419,0.288413622
1554777476605,39.68,121.4,0.00568,0.419,0.288922288
1554777476651,39.726,121.4,0.00568,0.419,0.288922288
1554777476698,39.773,121.4,0.00568,0.419,0.288922288
1554777476744,39.819,121.4,0.00568,0.419,0.288922288
1554777476805,39.88,121.3,0.00567,0.418,0.287488278
1554777476850,39.925,121.3,0.00567,0.418,0.287488278
1554777476896,39.971,121.3,0.00567,0.418,0.287488278
1554777476942,40.017,121.3,0.00567,0.418,0.287488278
1554777477005,40.08,121.4,0.00563,0.42,0.28706244
1554777477051,40.126,121.4,0.00563,0.42,0.28706244
1554777477097,40.172,121.4,0.00563,0.42,0.28706244
1554777477143,40.218,121.4,0.00563,0.42,0.28706244
1554777477205,40.28,121.4,0.00569,0.418,0.288740188
1554777477251,40.326,121.4,0.00569,0.418,0.288740188
1554777477297,40.372,121.4,0.00569,0.418,0.288740188
1554777477343,40.418,121.4,0.00569,0.418,0.288740188
1554777477404,40.479,121.4,0.00571,0.419,0.290448286
1554777477450,40.525,121.4,0.00571,0.419,0.290448286
1554777477496,40.572,121.4,0.00571,0.419,0.290448286
1554777477543,40.618,121.4,0.00571,0.419,0.290448286
1554777477605,40.68,121.4,0.0057,0.418,0.28924764
1554777477651,40.726,121.4,0.0057,0.418,0.28924764
1554777477697,40.772,121.4,0.0057,0.418,0.28924764
1554777477743,40.818,121.4,0.0057,0.418,0.28924764
1554777477804,40.879,121.3,0.00572,0.418,0.290023448
1554777477850,40.925,121.3,0.00572,0.418,0.290023448
1554777477896,40.971,121.3,0.00572,0.418,0.290023448
1554777477942,41.017,121.3,0.00572,0.418,0.290023448
1554777478005,41.08,121.3,0.00575,0.419,0.292242025
1554777478051,41.126,121.3,0.00575,0.419,0.292242025
1554777478097,41.172,121.3,0.00575,0.419,0.292242025
1554777478143,41.218,121.3,0.00575,0.419,0.292242025
1554777478204,41.279,121.3,0.00575,0.418,0.29154455
1554777478250,41.325,121.3,0.00575,0.418,0.29154455
1554777478296,41.371,121.3,0.00575,0.418,0.29154455
1554777478342,41.417,121.3,0.00575,0.418,0.29154455
1554777478405,41.48,121.3,0.00574,0.416,0.289644992
1554777478451,41.526,121.3,0.00574,0.416,0.289644992
1554777478497,41.572,121.3,0.00574,0.416,0.289644992
1554777478543,41.618,121.3,0.00574,0.416,0.289644992
1554777478604,41.679,121.3,0.00578,0.416,0.291663424
1554777478650,41.725,121.3,0.00578,0.416,0.291663424
1554777478696,41.771,121.3,0.00578,0.416,0.291663424
1554777478742,41.817,121.3,0.00578,0.416,0.291663424
1554777478805,41.88,121.3,0.00575,0.418,0.29154455
1554777478851,41.926,121.3,0.00575,0.418,0.29154455
1554777478897,41.972,121.3,0.00575,0.418,0.29154455
1554777478943,42.018,121.3,0.00575,0.418,0.29154455
1554777479004,42.079,121.3,0.00574,0.42,0.29243004
1554777479050,42.125,121.3,0.00574,0.42,0.29243004
1554777479096,42.171,121.3,0.00574,0.42,0.29243004
1554777479143,42.218,121.3,0.00574,0.42,0.29243004
1554777479205,42.28,121.3,0.00572,0.417,0.289329612
1554777479251,42.326,121.3,0.00572,0.417,0.289329612
1554777479297,42.372,121.3,0.00572,0.417,0.289329612
1554777479343,42.418,121.3,0.00572,0.417,0.289329612
1554777479405,42.48,121.3,0.00568,0.419,0.288684296
1554777479451,42.526,121.3,0.00568,0.419,0.288684296
1554777479497,42.572,121.3,0.00568,0.419,0.288684296
1554777479543,42.618,121.3,0.00568,0.419,0.288684296
1554777479604,42.679,121.3,0.00566,0.42,0.28835436
1554777479650,42.725,121.3,0.00566,0.42,0.28835436
1554777479696,42.771,121.3,0.00566,0.42,0.28835436
1554777479742,42.817,121.3,0.00566,0.42,0.28835436
1554777479804,42.879,121.3,0.00568,0.417,0.287306328
1554777479850,42.925,121.3,0.00568,0.417,0.287306328
1554777479897,42.972,121.3,0.00568,0.417,0.287306328
1554777479942,43.017,121.3,0.00568,0.417,0.287306328
1554777480005,43.08,121.3,0.00571,0.419,0.290209037
1554777480051,43.126,121.3,0.00571,0.419,0.290209037
1554777480097,43.172,121.3,0.00571,0.419,0.290209037
1554777480143,43.218,121.3,0.00571,0.419,0.290209037
1554777480204,43.279,121.4,0.00567,0.418,0.287725284
1554777480250,43.325,121.4,0.00567,0.418,0.287725284
1554777480296,43.371,121.4,0.00567,0.418,0.287725284
1554777480342,43.417,121.4,0.00567,0.418,0.287725284
1554777480404,43.479,121.4,0.00567,0.419,0.288413622
1554777480450,43.525,121.4,0.00567,0.419,0.288413622
1554777480496,43.571,121.4,0.00567,0.419,0.288413622
1554777480542,43.617,121.4,0.00567,0.419,0.288413622
1554777480605,43.68,121.3,0.00566,0.418,0.286981244
1554777480651,43.726,121.3,0.00566,0.418,0.286981244
1554777480697,43.772,121.3,0.00566,0.418,0.286981244
1554777480743,43.819,121.3,0.00566,0.418,0.286981244
1554777480804,43.879,121.3,0.00572,0.417,0.289329612
1554777480850,43.925,121.3,0.00572,0.417,0.289329612
1554777480896,43.971,121.3,0.00572,0.417,0.289329612
1554777480942,44.017,121.3,0.00572,0.417,0.289329612
1554777481004,44.079,121.3,0.0057,0.421,0.29108361
1554777481049,44.125,121.3,0.0057,0.421,0.29108361
1554777481095,44.171,121.3,0.0057,0.421,0.29108361
1554777481142,44.217,121.3,0.0057,0.421,0.29108361
1554777481204,44.279,121.3,0.00568,0.418,0.287995312
1554777481250,44.325,121.3,0.00568,0.418,0.287995312
1554777481296,44.371,121.3,0.00568,0.418,0.287995312
1554777481342,44.417,121.3,0.00568,0.418,0.287995312
1554777481404,44.479,121.4,0.00569,0.419,0.289430954
1554777481449,44.525,121.4,0.00569,0.419,0.289430954
1554777481496,44.571,121.4,0.00569,0.419,0.289430954
1554777481542,44.617,121.4,0.00569,0.419,0.289430954
1554777481604,44.679,121.3,0.0057,0.42,0.2903922
1554777481650,44.725,121.3,0.0057,0.42,0.2903922
1554777481696,44.771,121.3,0.0057,0.42,0.2903922
1554777481742,44.817,121.3,0.0057,0.42,0.2903922
1554777481803,44.878,121.3,0.00571,0.42,0.29090166
1554777481850,44.925,121.3,0.00571,0.42,0.29090166
1554777481896,44.971,121.3,0.00571,0.42,0.29090166
1554777481942,45.017,121.3,0.00571,0.42,0.29090166
1554777482004,45.079,121.3,0.00575,0.417,0.290847075
1554777482050,45.125,121.3,0.00575,0.417,0.290847075
1554777482096,45.171,121.3,0.00575,0.417,0.290847075
1554777482143,45.218,121.3,0.00575,0.417,0.290847075
1554777482204,45.279,121.3,0.00575,0.421,0.293636975
1554777482250,45.325,121.3,0.00575,0.421,0.293636975
1554777482296,45.371,121.3,0.00575,0.421,0.293636975
1554777482342,45.417,121.3,0.00575,0.421,0.293636975
1554777482403,45.478,121.3,0.00575,0.42,0.2929395
1554777482449,45.524,121.3,0.00575,0.42,0.2929395
1554777482496,45.571,121.3,0.00575,0.42,0.2929395
1554777482542,45.617,121.3,0.00575,0.42,0.2929395
1554777482604,45.679,121.3,0.00574,0.418,0.291037516
1554777482650,45.725,121.3,0.00574,0.418,0.291037516
1554777482696,45.771,121.3,0.00574,0.418,0.291037516
1554777482742,45.817,121.3,0.00574,0.418,0.291037516
1554777482803,45.878,121.3,0.00578,0.414,0.290261196
1554777482849,45.925,121.3,0.00578,0.414,0.290261196
1554777482896,45.971,121.3,0.00578,0.414,0.290261196
1554777482942,46.017,121.3,0.00578,0.414,0.290261196
1554777483004,46.079,121.3,0.00575,0.418,0.29154455
1554777483050,46.125,121.3,0.00575,0.418,0.29154455
1554777483096,46.171,121.3,0.00575,0.418,0.29154455
1554777483142,46.217,121.3,0.00575,0.418,0.29154455
1554777483203,46.278,121.3,0.00571,0.419,0.290209037
1554777483249,46.324,121.3,0.00571,0.419,0.290209037
1554777483295,46.37,121.3,0.00571,0.419,0.290209037
1554777483341,46.416,121.3,0.00571,0.419,0.290209037
1554777483404,46.479,121.3,0.00575,0.415,0.289452125
1554777483450,46.525,121.3,0.00575,0.415,0.289452125
1554777483496,46.571,121.3,0.00575,0.415,0.289452125
1554777483542,46.617,121.3,0.00575,0.415,0.289452125
1554777483603,46.678,121.3,0.0057,0.416,0.28762656
1554777483649,46.724,121.3,0.0057,0.416,0.28762656
1554777483696,46.771,121.3,0.0057,0.416,0.28762656
1554777483742,46.817,121.3,0.0057,0.416,0.28762656
1554777483804,46.879,121.3,0.0057,0.417,0.28831797
1554777483850,46.925,121.3,0.0057,0.417,0.28831797
1554777483896,46.971,121.3,0.0057,0.417,0.28831797
1554777483942,47.017,121.3,0.0057,0.417,0.28831797
1554777484003,47.078,121.3,0.00572,0.415,0.28794194
1554777484049,47.124,121.3,0.00572,0.415,0.28794194
1554777484096,47.171,121.3,0.00572,0.415,0.28794194
1554777484142,47.217,121.3,0.00572,0.415,0.28794194
1554777484204,47.279,121.3,0.00573,0.417,0.289835433
1554777484250,47.325,121.3,0.00573,0.417,0.289835433
1554777484296,47.371,121.3,0.00573,0.417,0.289835433
1554777484342,47.417,121.3,0.00573,0.417,0.289835433
1554777484403,47.478,121.3,0.0057,0.416,0.28762656
1554777484449,47.524,121.3,0.0057,0.416,0.28762656
1554777484495,47.57,121.3,0.0057,0.416,0.28762656
1554777484541,47.617,121.3,0.0057,0.416,0.28762656
1554777484604,47.679,121.3,0.00569,0.414,0.285741558
1554777484650,47.725,121.3,0.00569,0.414,0.285741558
1554777484696,47.771,121.3,0.00569,0.414,0.285741558
1554777484742,47.817,121.3,0.00569,0.414,0.285741558
1554777484803,47.878,121.3,0.00575,0.413,0.288057175
1554777484849,47.924,121.3,0.00575,0.413,0.288057175
1554777484895,47.97,121.3,0.00575,0.413,0.288057175
1554777484942,48.017,121.3,0.00575,0.413,0.288057175
1554777485004,48.079,121.3,0.00573,0.418,0.290530482
1554777485050,48.125,121.3,0.00573,0.418,0.290530482
1554777485096,48.171,121.3,0.00573,0.418,0.290530482
1554777485142,48.217,121.3,0.00573,0.418,0.290530482
1554777485203,48.278,121.4,0.0057,0.416,0.28786368
1554777485250,48.325,121.4,0.0057,0.416,0.28786368
1554777485296,48.371,121.4,0.0057,0.416,0.28786368
1554777485342,48.417,121.4,0.0057,0.416,0.28786368
1554777485403,48.478,121.4,0.00572,0.419,0.290956952
1554777485449,48.524,121.4,0.00572,0.419,0.290956952
1554777485495,48.57,121.4,0.00572,0.419,0.290956952
1554777485541,48.616,121.4,0.00572,0.419,0.290956952
1554777485603,48.678,121.4,0.00569,0.419,0.289430954
1554777485650,48.725,121.4,0.00569,0.419,0.289430954
1554777485696,48.771,121.4,0.00569,0.419,0.289430954
1554777485742,48.817,121.4,0.00569,0.419,0.289430954
1554777485803,48.878,121.3,0.00572,0.419,0.290717284
1554777485849,48.924,121.3,0.00572,0.419,0.290717284
1554777485895,48.97,121.3,0.00572,0.419,0.290717284
1554777485941,49.016,121.3,0.00572,0.419,0.290717284
1554777486004,49.079,121.4,0.00572,0.42,0.29165136
1554777486049,49.124,121.4,0.00572,0.42,0.29165136
1554777486096,49.171,121.4,0.00572,0.42,0.29165136
1554777486142,49.217,121.4,0.00572,0.42,0.29165136
1554777486203,49.278,121.4,0.00575,0.418,0.2917849
1554777486249,49.324,121.4,0.00575,0.418,0.2917849
1554777486295,49.37,121.4,0.00575,0.418,0.2917849
1554777486341,49.416,121.4,0.00575,0.418,0.2917849
1554777486403,49.479,121.4,0.00577,0.417,0.292099326
1554777486450,49.525,121.4,0.00577,0.417,0.292099326
1554777486496,49.571,121.4,0.00577,0.417,0.292099326
1554777486542,49.617,121.4,0.00577,0.417,0.292099326
1554777486603,49.678,121.4,0.00579,0.417,0.293111802
1554777486649,49.724,121.4,0.00579,0.417,0.293111802
1554777486696,49.771,121.4,0.00579,0.417,0.293111802
1554777486742,49.817,121.4,0.00579,0.417,0.293111802
1554777486803,49.878,121.3,0.00579,0.416,0.292168032
1554777486849,49.924,121.3,0.00579,0.416,0.292168032
1554777486895,49.97,121.3,0.00579,0.416,0.292168032
1554777486941,50.016,121.3,0.00579,0.416,0.292168032
1554777487003,50.078,121.3,0.00577,0.415,0.290458915
1554777487050,50.125,121.3,0.00577,0.415,0.290458915
1554777487096,50.171,121.3,0.00577,0.415,0.290458915
1554777487142,50.217,121.3,0.00577,0.415,0.290458915
1554777487203,50.278,121.3,0.00571,0.42,0.29090166
1554777487249,50.324,121.3,0.00571,0.42,0.29090166
1554777487295,50.37,121.3,0.00571,0.42,0.29090166
1554777487342,50.417,121.3,0.00571,0.42,0.29090166
1554777487403,50.478,121.3,0.00568,0.418,0.287995312
1554777487449,50.524,121.3,0.00568,0.418,0.287995312
1554777487495,50.57,121.3,0.00568,0.418,0.287995312
1554777487541,50.616,121.3,0.00568,0.418,0.287995312
1554777487603,50.678,121.3,0.00565,0.419,0.287159555
1554777487650,50.725,121.3,0.00565,0.419,0.287159555
1554777487696,50.771,121.3,0.00565,0.419,0.287159555
1554777487742,50.817,121.3,0.00565,0.419,0.287159555
1554777487803,50.878,121.3,0.00567,0.42,0.28886382
1554777487849,50.924,121.3,0.00567,0.42,0.28886382
1554777487895,50.97,121.3,0.00567,0.42,0.28886382
1554777487941,51.017,121.3,0.00567,0.42,0.28886382
1554777488002,51.078,121.3,0.00568,0.419,0.288684296
1554777488048,51.124,121.3,0.00568,0.419,0.288684296
1554777488095,51.17,121.3,0.00568,0.419,0.288684296
1554777488141,51.216,121.3,0.00568,0.419,0.288684296
1554777488203,51.278,121.3,0.00566,0.42,0.28835436
1554777488249,51.324,121.3,0.00566,0.42,0.28835436
1554777488295,51.37,121.3,0.00566,0.42,0.28835436
1554777488341,51.417,121.3,0.00566,0.42,0.28835436
1554777488403,51.478,121.4,0.00566,0.419,0.287904956
1554777488449,51.524,121.4,0.00566,0.419,0.287904956
1554777488495,51.57,121.4,0.00566,0.419,0.287904956
1554777488541,51.616,121.4,0.00566,0.419,0.287904956
1554777488602,51.677,121.4,0.00566,0.418,0.287217832
1554777488648,51.723,121.4,0.00566,0.418,0.287217832
1554777488694,51.769,121.4,0.00566,0.418,0.287217832
1554777488740,51.815,121.4,0.00566,0.418,0.287217832
1554777488803,51.878,121.3,0.00568,0.418,0.287995312
1554777488849,51.924,121.3,0.00568,0.418,0.287995312
1554777488895,51.97,121.3,0.00568,0.418,0.287995312
1554777488941,52.016,121.3,0.00568,0.418,0.287995312
1554777489002,52.077,121.3,0.0057,0.414,0.28624374
1554777489048,52.123,121.3,0.0057,0.414,0.28624374
1554777489094,52.169,121.3,0.0057,0.414,0.28624374
1554777489140,52.215,121.3,0.0057,0.414,0.28624374
1554777489203,52.278,121.4,0.00568,0.417,0.287543184
1554777489249,52.324,121.4,0.00568,0.417,0.287543184
1554777489295,52.37,121.4,0.00568,0.417,0.287543184
1554777489341,52.416,121.4,0.00568,0.417,0.287543184
1554777489402,52.477,121.4,0.00569,0.421,0.290812486
1554777489448,52.523,121.4,0.00569,0.421,0.290812486
1554777489495,52.57,121.4,0.00569,0.421,0.290812486
1554777489541,52.616,121.4,0.00569,0.421,0.290812486
1554777489603,52.678,121.4,0.00569,0.419,0.289430954
1554777489649,52.724,121.4,0.00569,0.419,0.289430954
1554777489695,52.77,121.4,0.00569,0.419,0.289430954
1554777489741,52.817,121.4,0.00569,0.419,0.289430954
1554777489802,52.878,121.3,0.00573,0.417,0.289835433
1554777489849,52.924,121.3,0.00573,0.417,0.289835433
1554777489895,52.97,121.3,0.00573,0.417,0.289835433
1554777489941,53.016,121.3,0.00573,0.417,0.289835433
1554777490002,53.077,121.3,0.00574,0.42,0.29243004
1554777490048,53.123,121.3,0.00574,0.42,0.29243004
1554777490094,53.169,121.3,0.00574,0.42,0.29243004
1554777490140,53.216,121.3,0.00574,0.42,0.29243004
1554777490203,53.278,121.4,0.00578,0.418,0.293307256
1554777490249,53.324,121.4,0.00578,0.418,0.293307256
1554777490295,53.37,121.4,0.00578,0.418,0.293307256
1554777490341,53.416,121.4,0.00578,0.418,0.293307256
1554777490402,53.477,121.4,0.00578,0.418,0.293307256
1554777490448,53.523,121.4,0.00578,0.418,0.293307256
1554777490494,53.569,121.4,0.00578,0.418,0.293307256
1554777490541,53.616,121.4,0.00578,0.418,0.293307256
1554777490603,53.678,121.4,0.00571,0.42,0.29114148
1554777490649,53.724,121.4,0.00571,0.42,0.29114148
1554777490695,53.77,121.4,0.00571,0.42,0.29114148
1554777490741,53.816,121.4,0.00571,0.42,0.29114148
1554777490802,53.877,121.3,0.00572,0.417,0.289329612
1554777490849,53.924,121.3,0.00572,0.417,0.289329612
1554777490895,53.97,121.3,0.00572,0.417,0.289329612
1554777490941,54.016,121.3,0.00572,0.417,0.289329612
1554777491002,54.077,121.3,0.00571,0.418,0.289516414
1554777491048,54.123,121.3,0.00571,0.418,0.289516414
1554777491094,54.169,121.3,0.00571,0.418,0.289516414
1554777491140,54.215,121.3,0.00571,0.418,0.289516414
1554777491203,54.278,121.3,0.00575,0.417,0.290847075
1554777491249,54.324,121.3,0.00575,0.417,0.290847075
1554777491295,54.37,121.3,0.00575,0.417,0.290847075
1554777491341,54.416,121.3,0.00575,0.417,0.290847075
1554777491402,54.477,121.3,0.00571,0.417,0.288823791
1554777491448,54.523,121.3,0.00571,0.417,0.288823791
1554777491494,54.569,121.3,0.00571,0.417,0.288823791
1554777491541,54.616,121.3,0.00571,0.417,0.288823791
1554777491602,54.677,121.3,0.00569,0.418,0.288502346
1554777491648,54.723,121.3,0.00569,0.418,0.288502346
1554777491694,54.769,121.3,0.00569,0.418,0.288502346
1554777491740,54.815,121.3,0.00569,0.418,0.288502346
1554777491802,54.877,121.3,0.00568,0.419,0.288684296
1554777491848,54.923,121.3,0.00568,0.419,0.288684296
1554777491895,54.97,121.3,0.00568,0.419,0.288684296
1554777491941,55.016,121.3,0.00568,0.419,0.288684296
1554777492002,55.077,121.3,0.00568,0.418,0.287995312
1554777492048,55.123,121.3,0.00568,0.418,0.287995312
1554777492094,55.169,121.3,0.00568,0.418,0.287995312
1554777492140,55.215,121.3,0.00568,0.418,0.287995312
1554777492202,55.277,121.3,0.00568,0.419,0.288684296
1554777492247,55.322,121.3,0.00568,0.419,0.288684296
1554777492294,55.369,121.3,0.00568,0.419,0.288684296
1554777492340,55.415,121.3,0.00568,0.419,0.288684296
1554777492402,55.477,121.3,0.00567,0.421,0.289551591
1554777492448,55.523,121.3,0.00567,0.421,0.289551591
1554777492494,55.569,121.3,0.00567,0.421,0.289551591
1554777492541,55.616,121.3,0.00567,0.421,0.289551591
1554777492602,55.677,121.3,0.00565,0.419,0.287159555
1554777492648,55.723,121.3,0.00565,0.419,0.287159555
1554777492694,55.769,121.3,0.00565,0.419,0.287159555
1554777492740,55.815,121.3,0.00565,0.419,0.287159555
1554777492802,55.877,121.3,0.00566,0.42,0.28835436
1554777492848,55.923,121.3,0.00566,0.42,0.28835436
1554777492894,55.97,121.3,0.00566,0.42,0.28835436
1554777492941,56.016,121.3,0.00566,0.42,0.28835436
1554777493002,56.077,121.3,0.00568,0.418,0.287995312
1554777493048,56.123,121.3,0.00568,0.418,0.287995312
1554777493094,56.169,121.3,0.00568,0.418,0.287995312
1554777493140,56.215,121.3,0.00568,0.418,0.287995312
1554777493202,56.277,121.3,0.00575,0.419,0.292242025
1554777493248,56.323,121.3,0.00575,0.419,0.292242025
1554777493294,56.369,121.3,0.00575,0.419,0.292242025
1554777493341,56.416,121.3,0.00575,0.419,0.292242025
1554777493401,56.477,121.4,0.00578,0.415,0.29120218
1554777493447,56.522,121.4,0.00578,0.415,0.29120218
1554777493494,56.569,121.4,0.00578,0.415,0.29120218
1554777493540,56.615,121.4,0.00578,0.415,0.29120218
1554777493602,56.677,121.4,0.00572,0.418,0.290262544
1554777493648,56.723,121.4,0.00572,0.418,0.290262544
1554777493695,56.77,121.4,0.00572,0.418,0.290262544
1554777493741,56.816,121.4,0.00572,0.418,0.290262544
1554777493802,56.877,121.4,0.00571,0.419,0.290448286
1554777493848,56.923,121.4,0.00571,0.419,0.290448286
1554777493894,56.969,121.4,0.00571,0.419,0.290448286
1554777493940,57.015,121.4,0.00571,0.419,0.290448286
1554777494001,57.076,121.3,0.00573,0.419,0.291225531
1554777494048,57.123,121.3,0.00573,0.419,0.291225531
1554777494094,57.169,121.3,0.00573,0.419,0.291225531
1554777494140,57.215,121.3,0.00573,0.419,0.291225531
1554777494202,57.277,121.4,0.00574,0.418,0.291277448
1554777494248,57.323,121.4,0.00574,0.418,0.291277448
1554777494294,57.369,121.4,0.00574,0.418,0.291277448
1554777494340,57.416,121.4,0.00574,0.418,0.291277448
1554777494401,57.476,121.4,0.00577,0.419,0.293500282
1554777494447,57.522,121.4,0.00577,0.419,0.293500282
1554777494493,57.569,121.4,0.00577,0.419,0.293500282
1554777494540,57.615,121.4,0.00577,0.419,0.293500282
1554777494602,57.677,121.4,0.00571,0.42,0.29114148
1554777494648,57.723,121.4,0.00571,0.42,0.29114148
1554777494694,57.769,121.4,0.00571,0.42,0.29114148
1554777494741,57.816,121.4,0.00571,0.42,0.29114148
1554777494802,57.877,121.4,0.00571,0.42,0.29114148
1554777494848,57.923,121.4,0.00571,0.42,0.29114148
1554777494894,57.969,121.4,0.00571,0.42,0.29114148
1554777494940,58.015,121.4,0.00571,0.42,0.29114148
1554777495001,58.076,121.3,0.0057,0.421,0.29108361
1554777495047,58.122,121.3,0.0057,0.421,0.29108361
1554777495093,58.168,121.3,0.0057,0.421,0.29108361
1554777495139,58.214,121.3,0.0057,0.421,0.29108361
1554777495202,58.277,121.3,0.00573,0.421,0.292615629
1554777495248,58.323,121.3,0.00573,0.421,0.292615629
1554777495294,58.369,121.3,0.00573,0.421,0.292615629
1554777495340,58.415,121.3,0.00573,0.421,0.292615629
1554777495401,58.476,121.3,0.00569,0.42,0.28988274
1554777495447,58.522,121.3,0.00569,0.42,0.28988274
1554777495493,58.568,121.3,0.00569,0.42,0.28988274
1554777495539,58.614,121.3,0.00569,0.42,0.28988274
1554777495601,58.676,121.3,0.00568,0.419,0.288684296
1554777495647,58.722,121.3,0.00568,0.419,0.288684296
1554777495693,58.768,121.3,0.00568,0.419,0.288684296
1554777495739,58.814,121.3,0.00568,0.419,0.288684296
1554777495802,58.877,121.3,0.00567,0.418,0.287488278
1554777495848,58.923,121.3,0.00567,0.418,0.287488278
1554777495894,58.969,121.3,0.00567,0.418,0.287488278
1554777495940,59.015,121.3,0.00567,0.418,0.287488278
1554777496001,59.076,121.3,0.00568,0.417,0.287306328
1554777496047,59.122,121.3,0.00568,0.417,0.287306328
1554777496093,59.168,121.3,0.00568,0.417,0.287306328
1554777496139,59.215,121.3,0.00568,0.417,0.287306328
1554777496202,59.277,121.3,0.00568,0.418,0.287995312
1554777496248,59.323,121.3,0.00568,0.418,0.287995312
1554777496294,59.369,121.3,0.00568,0.418,0.287995312
1554777496340,59.415,121.3,0.00568,0.418,0.287995312
1554777496401,59.476,121.3,0.0057,0.417,0.28831797
1554777496447,59.523,121.3,0.0057,0.417,0.28831797
1554777496494,59.569,121.3,0.0057,0.417,0.28831797
1554777496540,59.615,121.3,0.0057,0.417,0.28831797
1554777496601,59.676,121.3,0.00571,0.415,0.287438545
1554777496647,59.722,121.3,0.00571,0.415,0.287438545
1554777496693,59.768,121.3,0.00571,0.415,0.287438545
1554777496739,59.814,121.3,0.00571,0.415,0.287438545
1554777496802,59.877,121.3,0.00566,0.42,0.28835436
1554777496848,59.923,121.3,0.00566,0.42,0.28835436
1554777496894,59.969,121.3,0.00566,0.42,0.28835436
1554777496940,60.015,121.3,0.00566,0.42,0.28835436
1554777497001,60.076,121.3,0.00569,0.422,0.291263134
1554777497047,60.122,121.3,0.00569,0.422,0.291263134
1554777497093,60.168,121.3,0.00569,0.422,0.291263134
1554777497139,60.214,121.3,0.00569,0.422,0.291263134
1554777497202,60.277,121.3,0.00572,0.419,0.290717284
1554777497248,60.323,121.3,0.00572,0.419,0.290717284
1554777497294,60.369,121.3,0.00572,0.419,0.290717284
1554777497340,60.415,121.3,0.00572,0.419,0.290717284
1554777497401,60.476,121.4,0.00567,0.42,0.28910196
1554777497447,60.522,121.4,0.00567,0.42,0.28910196
1554777497494,60.569,121.4,0.00567,0.42,0.28910196
1554777497539,60.614,121.4,0.00567,0.42,0.28910196
1554777497601,60.676,121.4,0.0057,0.42,0.2906316
1554777497646,60.721,121.4,0.0057,0.42,0.2906316
1554777497693,60.768,121.4,0.0057,0.42,0.2906316
1554777497739,60.814,121.4,0.0057,0.42,0.2906316
1554777497801,60.876,121.3,0.0057,0.418,0.28900938
1554777497847,60.922,121.3,0.0057,0.418,0.28900938
1554777497893,60.968,121.3,0.0057,0.418,0.28900938
1554777497940,61.015,121.3,0.0057,0.418,0.28900938
1554777498001,61.076,121.3,0.00573,0.421,0.292615629
1554777498046,61.122,121.3,0.00573,0.421,0.292615629
1554777498093,61.168,121.3,0.00573,0.421,0.292615629
1554777498139,61.214,121.3,0.00573,0.421,0.292615629
1554777498201,61.276,121.3,0.00576,0.422,0.294846336
1554777498248,61.323,121.3,0.00576,0.422,0.294846336
1554777498294,61.369,121.3,0.00576,0.422,0.294846336
1554777498340,61.415,121.3,0.00576,0.422,0.294846336
1554777498401,61.476,121.4,0.00574,0.422,0.294064792
1554777498447,61.522,121.4,0.00574,0.422,0.294064792
1554777498493,61.568,121.4,0.00574,0.422,0.294064792
1554777498540,61.615,121.4,0.00574,0.422,0.294064792
1554777498601,61.676,121.4,0.00571,0.421,0.291834674
1554777498647,61.722,121.4,0.00571,0.421,0.291834674
1554777498693,61.768,121.4,0.00571,0.421,0.291834674
1554777498739,61.814,121.4,0.00571,0.421,0.291834674
1554777498800,61.875,121.3,0.00569,0.422,0.291263134
1554777498846,61.921,121.3,0.00569,0.422,0.291263134
1554777498893,61.968,121.3,0.00569,0.422,0.291263134
1554777498939,62.014,121.3,0.00569,0.422,0.291263134
1554777499001,62.076,121.3,0.0057,0.42,0.2903922
1554777499047,62.122,121.3,0.0057,0.42,0.2903922
1554777499094,62.169,121.3,0.0057,0.42,0.2903922
1554777499140,62.215,121.3,0.0057,0.42,0.2903922
1554777499201,62.276,121.3,0.00569,0.422,0.291263134
1554777499247,62.322,121.3,0.00569,0.422,0.291263134
1554777499293,62.368,121.3,0.00569,0.422,0.291263134
1554777499339,62.414,121.3,0.00569,0.422,0.291263134
1554777499401,62.476,121.3,0.00569,0.42,0.28988274
1554777499447,62.522,121.3,0.00569,0.42,0.28988274
1554777499493,62.568,121.3,0.00569,0.42,0.28988274
1554777499539,62.614,121.3,0.00569,0.42,0.28988274
1554777499600,62.676,121.3,0.0057,0.42,0.2903922
1554777499647,62.722,121.3,0.0057,0.42,0.2903922
1554777499693,62.768,121.3,0.0057,0.42,0.2903922
1554777499739,62.814,121.3,0.0057,0.42,0.2903922
1554777499800,62.875,121.3,0.00567,0.418,0.287488278
1554777499846,62.921,121.3,0.00567,0.418,0.287488278
1554777499892,62.967,121.3,0.00567,0.418,0.287488278
1554777499938,63.013,121.3,0.00567,0.418,0.287488278
1554777500000,63.075,121.3,0.00571,0.417,0.288823791
1554777500046,63.121,121.3,0.00571,0.417,0.288823791
1554777500093,63.168,121.3,0.00571,0.417,0.288823791
1554777500139,63.214,121.3,0.00571,0.417,0.288823791
1554777500200,63.275,121.3,0.00573,0.417,0.289835433
1554777500246,63.321,121.3,0.00573,0.417,0.289835433
1554777500292,63.367,121.3,0.00573,0.417,0.289835433
1554777500338,63.413,121.3,0.00573,0.417,0.289835433
1554777500401,63.476,121.3,0.00568,0.416,0.286617344
1554777500447,63.522,121.3,0.00568,0.416,0.286617344
1554777500493,63.568,121.3,0.00568,0.416,0.286617344
1554777500539,63.614,121.3,0.00568,0.416,0.286617344
1554777500600,63.675,121.3,0.00565,0.419,0.287159555
1554777500646,63.721,121.3,0.00565,0.419,0.287159555
1554777500692,63.767,121.3,0.00565,0.419,0.287159555
1554777500738,63.813,121.3,0.00565,0.419,0.287159555
1554777500801,63.876,121.3,0.00566,0.42,0.28835436
1554777500847,63.922,121.3,0.00566,0.42,0.28835436
1554777500893,63.968,121.3,0.00566,0.42,0.28835436
1554777500939,64.014,121.3,0.00566,0.42,0.28835436
1554777501000,64.075,121.3,0.00567,0.421,0.289551591
1554777501046,64.121,121.3,0.00567,0.421,0.289551591
1554777501092,64.167,121.3,0.00567,0.421,0.289551591
1554777501138,64.213,121.3,0.00567,0.421,0.289551591
1554777501200,64.276,121.3,0.00569,0.419,0.289192543
1554777501247,64.322,121.3,0.00569,0.419,0.289192543
1554777501293,64.368,121.3,0.00569,0.419,0.289192543
1554777501339,64.414,121.3,0.00569,0.419,0.289192543
1554777501400,64.475,121.3,0.0057,0.421,0.29108361
1554777501446,64.521,121.3,0.0057,0.421,0.29108361
1554777501492,64.567,121.3,0.0057,0.421,0.29108361
1554777501538,64.613,121.3,0.0057,0.421,0.29108361
1554777501600,64.676,121.4,0.0057,0.42,0.2906316
1554777501647,64.722,121.4,0.0057,0.42,0.2906316
1554777501693,64.768,121.4,0.0057,0.42,0.2906316
1554777501739,64.814,121.4,0.0057,0.42,0.2906316
1554777501800,64.875,121.4,0.00571,0.418,0.289755092
1554777501846,64.921,121.4,0.00571,0.418,0.289755092
1554777501892,64.967,121.4,0.00571,0.418,0.289755092
1554777501938,65.013,121.4,0.00571,0.418,0.289755092
1554777502000,65.075,121.3,0.00573,0.419,0.291225531
1554777502046,65.121,121.3,0.00573,0.419,0.291225531
1554777502093,65.168,121.3,0.00573,0.419,0.291225531
1554777502139,65.214,121.3,0.00573,0.419,0.291225531
1554777502200,65.275,121.3,0.00574,0.421,0.293126302
1554777502246,65.321,121.3,0.00574,0.421,0.293126302
1554777502292,65.367,121.3,0.00574,0.421,0.293126302
1554777502338,65.413,121.3,0.00574,0.421,0.293126302
1554777502400,65.475,121.3,0.00578,0.418,0.293065652
1554777502446,65.521,121.3,0.00578,0.418,0.293065652
1554777502493,65.568,121.3,0.00578,0.418,0.293065652
1554777502539,65.614,121.3,0.00578,0.418,0.293065652
1554777502600,65.675,121.3,0.00574,0.419,0.291733778
1554777502646,65.721,121.3,0.00574,0.419,0.291733778
1554777502692,65.767,121.3,0.00574,0.419,0.291733778
1554777502738,65.813,121.3,0.00574,0.419,0.291733778
1554777502801,65.876,121.3,0.00569,0.419,0.289192543
1554777502847,65.922,121.3,0.00569,0.419,0.289192543
1554777502893,65.968,121.3,0.00569,0.419,0.289192543
1554777502939,66.014,121.3,0.00569,0.419,0.289192543
1554777503001,66.076,121.3,0.00569,0.421,0.290572937
1554777503047,66.122,121.3,0.00569,0.421,0.290572937
1554777503093,66.168,121.3,0.00569,0.421,0.290572937
1554777503139,66.214,121.3,0.00569,0.421,0.290572937
1554777503200,66.275,121.3,0.00567,0.423,0.290927133
1554777503246,66.322,121.3,0.00567,0.423,0.290927133
1554777503293,66.368,121.3,0.00567,0.423,0.290927133
1554777503339,66.414,121.3,0.00567,0.423,0.290927133
1554777503400,66.475,121.3,0.00569,0.424,0.292643528
1554777503446,66.521,121.3,0.00569,0.424,0.292643528
1554777503492,66.567,121.3,0.00569,0.424,0.292643528
1554777503538,66.613,121.3,0.00569,0.424,0.292643528
1554777503600,66.675,121.3,0.00566,0.42,0.28835436
1554777503645,66.721,121.3,0.00566,0.42,0.28835436
1554777503692,66.767,121.3,0.00566,0.42,0.28835436
1554777503738,66.813,121.3,0.00566,0.42,0.28835436
1554777503800,66.875,121.3,0.00564,0.42,0.28733544
1554777503846,66.921,121.3,0.00564,0.42,0.28733544
1554777503892,66.967,121.3,0.00564,0.42,0.28733544
1554777503938,67.013,121.3,0.00564,0.42,0.28733544
1554777504000,67.075,121.2,0.00564,0.42,0.28709856
1554777504045,67.12,121.2,0.00564,0.42,0.28709856
1554777504092,67.167,121.2,0.00564,0.42,0.28709856
1554777504138,67.213,121.2,0.00564,0.42,0.28709856
1554777504200,67.275,121.2,0.00565,0.422,0.28897716
1554777504246,67.321,121.2,0.00565,0.422,0.28897716
1554777504292,67.367,121.2,0.00565,0.422,0.28897716
1554777504338,67.413,121.2,0.00565,0.422,0.28897716
1554777504399,67.474,121.2,0.00565,0.419,0.28692282
1554777504446,67.521,121.2,0.00565,0.419,0.28692282
1554777504492,67.567,121.2,0.00565,0.419,0.28692282
1554777504538,67.613,121.2,0.00565,0.419,0.28692282
1554777504600,67.675,121.3,0.00571,0.418,0.289516414
1554777504646,67.721,121.3,0.00571,0.418,0.289516414
1554777504692,67.767,121.3,0.00571,0.418,0.289516414
1554777504738,67.813,121.3,0.00571,0.418,0.289516414
1554777504799,67.875,121.2,0.00566,0.419,0.287430648
1554777504846,67.921,121.2,0.00566,0.419,0.287430648
1554777504892,67.967,121.2,0.00566,0.419,0.287430648
1554777504938,68.013,121.2,0.00566,0.419,0.287430648
1554777505000,68.075,121.2,0.00565,0.422,0.28897716
1554777505046,68.121,121.2,0.00565,0.422,0.28897716
1554777505092,68.167,121.2,0.00565,0.422,0.28897716
1554777505138,68.214,121.2,0.00565,0.422,0.28897716
1554777505199,68.274,121.2,0.00568,0.42,0.28913472
1554777505246,68.321,121.2,0.00568,0.42,0.28913472
1554777505292,68.367,121.2,0.00568,0.42,0.28913472
1554777505338,68.413,121.2,0.00568,0.42,0.28913472
1554777505400,68.475,121.3,0.00569,0.42,0.28988274
1554777505446,68.521,121.3,0.00569,0.42,0.28988274
1554777505493,68.568,121.3,0.00569,0.42,0.28988274
1554777505539,68.614,121.3,0.00569,0.42,0.28988274
1554777505600,68.675,121.3,0.00573,0.419,0.291225531
1554777505646,68.721,121.3,0.00573,0.419,0.291225531
1554777505692,68.767,121.3,0.00573,0.419,0.291225531
1554777505738,68.813,121.3,0.00573,0.419,0.291225531
1554777505799,68.874,121.4,0.00572,0.419,0.290956952
1554777505845,68.92,121.4,0.00572,0.419,0.290956952
1554777505891,68.966,121.4,0.00572,0.419,0.290956952
1554777505937,69.012,121.4,0.00572,0.419,0.290956952
1554777506000,69.075,121.4,0.00574,0.417,0.290580612
1554777506046,69.121,121.4,0.00574,0.417,0.290580612
1554777506092,69.167,121.4,0.00574,0.417,0.290580612
1554777506138,69.213,121.4,0.00574,0.417,0.290580612
1554777506199,69.274,121.4,0.00575,0.418,0.2917849
1554777506245,69.32,121.4,0.00575,0.418,0.2917849
1554777506291,69.366,121.4,0.00575,0.418,0.2917849
1554777506338,69.413,121.4,0.00575,0.418,0.2917849
1554777506400,69.475,121.4,0.00576,0.421,0.294390144
1554777506446,69.521,121.4,0.00576,0.421,0.294390144
1554777506492,69.567,121.4,0.00576,0.421,0.294390144
1554777506538,69.613,121.4,0.00576,0.421,0.294390144
1554777506599,69.675,121.4,0.00575,0.418,0.2917849
1554777506646,69.721,121.4,0.00575,0.418,0.2917849
1554777506692,69.767,121.4,0.00575,0.418,0.2917849
1554777506738,69.813,121.4,0.00575,0.418,0.2917849
1554777506799,69.874,121.4,0.00575,0.414,0.2889927
1554777506845,69.92,121.4,0.00575,0.414,0.2889927
1554777506891,69.966,121.4,0.00575,0.414,0.2889927
1554777506937,70.012,121.4,0.00575,0.414,0.2889927
1554777507000,70.075,121.4,0.0057,0.417,0.28855566
1554777507046,70.121,121.4,0.0057,0.417,0.28855566
1554777507092,70.167,121.4,0.0057,0.417,0.28855566
1554777507138,70.213,121.4,0.0057,0.417,0.28855566
1554777507199,70.274,121.3,0.00569,0.42,0.28988274
1554777507246,70.321,121.3,0.00569,0.42,0.28988274
1554777507292,70.367,121.3,0.00569,0.42,0.28988274
1554777507338,70.413,121.3,0.00569,0.42,0.28988274
1554777507399,70.474,121.3,0.00573,0.419,0.291225531
1554777507445,70.52,121.3,0.00573,0.419,0.291225531
1554777507491,70.566,121.3,0.00573,0.419,0.291225531
1554777507537,70.612,121.3,0.00573,0.419,0.291225531
1554777507600,70.675,121.4,0.00569,0.417,0.288049422
1554777507646,70.721,121.4,0.00569,0.417,0.288049422
1554777507692,70.767,121.4,0.00569,0.417,0.288049422
1554777507738,70.813,121.4,0.00569,0.417,0.288049422
1554777507799,70.874,121.3,0.00566,0.419,0.287667802
1554777507845,70.92,121.3,0.00566,0.419,0.287667802
1554777507891,70.966,121.3,0.00566,0.419,0.287667802
1554777507937,71.012,121.3,0.00566,0.419,0.287667802
1554777508000,71.075,121.3,0.00565,0.418,0.28647421
1554777508046,71.121,121.3,0.00565,0.418,0.28647421
1554777508092,71.167,121.3,0.00565,0.418,0.28647421
1554777508138,71.213,121.3,0.00565,0.418,0.28647421
1554777508199,71.274,121.3,0.00568,0.416,0.286617344
1554777508245,71.32,121.3,0.00568,0.416,0.286617344
1554777508291,71.366,121.3,0.00568,0.416,0.286617344
1554777508337,71.413,121.3,0.00568,0.416,0.286617344
1554777508399,71.474,121.3,0.00569,0.417,0.287812149
1554777508444,71.52,121.3,0.00569,0.417,0.287812149
1554777508490,71.565,121.3,0.00569,0.417,0.287812149
1554777508537,71.612,121.3,0.00569,0.417,0.287812149
1554777508599,71.674,121.3,0.00568,0.415,0.28592836
1554777508645,71.72,121.3,0.00568,0.415,0.28592836
1554777508691,71.766,121.3,0.00568,0.415,0.28592836
1554777508737,71.812,121.3,0.00568,0.415,0.28592836
1554777508799,71.874,121.3,0.00568,0.418,0.287995312
1554777508844,71.919,121.3,0.00568,0.418,0.287995312
1554777508891,71.966,121.3,0.00568,0.418,0.287995312
1554777508937,72.012,121.3,0.00568,0.418,0.287995312
1554777508999,72.074,121.3,0.00571,0.415,0.287438545
1554777509045,72.12,121.3,0.00571,0.415,0.287438545
1554777509091,72.166,121.3,0.00571,0.415,0.287438545
1554777509137,72.212,121.3,0.00571,0.415,0.287438545
1554777509199,72.274,121.3,0.00573,0.417,0.289835433
1554777509245,72.32,121.3,0.00573,0.417,0.289835433
1554777509291,72.366,121.3,0.00573,0.417,0.289835433
1554777509337,72.412,121.3,0.00573,0.417,0.289835433
1554777509399,72.474,121.3,0.00565,0.421,0.288530245
1554777509445,72.52,121.3,0.00565,0.421,0.288530245
1554777509491,72.566,121.3,0.00565,0.421,0.288530245
1554777509538,72.613,121.3,0.00565,0.421,0.288530245
1554777509599,72.674,121.3,0.00569,0.42,0.28988274
1554777509645,72.72,121.3,0.00569,0.42,0.28988274
1554777509691,72.766,121.3,0.00569,0.42,0.28988274
1554777509737,72.812,121.3,0.00569,0.42,0.28988274
1554777509799,72.874,121.3,0.00613,0.423,0.314529687
1554777509845,72.92,121.3,0.00613,0.423,0.314529687
1554777509892,72.967,121.3,0.00613,0.423,0.314529687
1554777509938,73.013,121.3,0.00613,0.423,0.314529687
1554777509999,73.074,121.3,0.00638,0.426,0.329678844
1554777510045,73.12,121.3,0.00638,0.426,0.329678844
1554777510091,73.166,121.3,0.00638,0.426,0.329678844
1554777510137,73.212,121.3,0.00638,0.426,0.329678844
1554777510198,73.273,121.3,0.00646,0.426,0.333812748
1554777510244,73.319,121.3,0.00646,0.426,0.333812748
1554777510290,73.365,121.3,0.00646,0.426,0.333812748
1554777510336,73.411,121.3,0.00646,0.426,0.333812748
1554777510399,73.474,121.4,0.00639,0.427,0.331243542
1554777510445,73.52,121.4,0.00639,0.427,0.331243542
1554777510491,73.566,121.4,0.00639,0.427,0.331243542
1554777510537,73.612,121.4,0.00639,0.427,0.331243542
1554777510598,73.673,121.4,0.00641,0.425,0.33072395
1554777510644,73.719,121.4,0.00641,0.425,0.33072395
1554777510690,73.765,121.4,0.00641,0.425,0.33072395
1554777510736,73.811,121.4,0.00641,0.425,0.33072395
1554777510799,73.874,121.4,0.0064,0.427,0.33176192
1554777510845,73.92,121.4,0.0064,0.427,0.33176192
1554777510891,73.966,121.4,0.0064,0.427,0.33176192
1554777510937,74.012,121.4,0.0064,0.427,0.33176192
1554777510999,74.074,121.4,0.00636,0.428,0.330460512
1554777511045,74.12,121.4,0.00636,0.428,0.330460512
1554777511091,74.166,121.4,0.00636,0.428,0.330460512
1554777511138,74.213,121.4,0.00636,0.428,0.330460512
1554777511198,74.273,121.4,0.0064,0.423,0.32865408
1554777511245,74.32,121.4,0.0064,0.423,0.32865408
1554777511291,74.366,121.4,0.0064,0.423,0.32865408
1554777511337,74.412,121.4,0.0064,0.423,0.32865408
1554777511399,74.474,121.4,0.00649,0.426,0.335639436
1554777511445,74.52,121.4,0.00649,0.426,0.335639436
1554777511491,74.566,121.4,0.00649,0.426,0.335639436
1554777511538,74.613,121.4,0.00649,0.426,0.335639436
1554777511599,74.674,121.4,0.00636,0.424,0.327372096
1554777511645,74.72,121.4,0.00636,0.424,0.327372096
1554777511691,74.766,121.4,0.00636,0.424,0.327372096
1554777511737,74.812,121.4,0.00636,0.424,0.327372096
1554777511798,74.873,121.4,0.00636,0.423,0.326599992
1554777511844,74.919,121.4,0.00636,0.423,0.326599992
1554777511890,74.965,121.4,0.00636,0.423,0.326599992
1554777511936,75.011,121.4,0.00636,0.423,0.326599992
1554777511999,75.074,121.3,0.00634,0.426,0.327611892
1554777512045,75.12,121.3,0.00634,0.426,0.327611892
1554777512091,75.166,121.3,0.00634,0.426,0.327611892
1554777512137,75.212,121.3,0.00634,0.426,0.327611892
1554777512198,75.273,121.3,0.00634,0.425,0.32684285
1554777512245,75.32,121.3,0.00634,0.425,0.32684285
1554777512291,75.366,121.3,0.00634,0.425,0.32684285
1554777512337,75.412,121.3,0.00634,0.425,0.32684285
1554777512398,75.473,121.3,0.0064,0.428,0.33226496
1554777512444,75.519,121.3,0.0064,0.428,0.33226496
1554777512491,75.566,121.3,0.0064,0.428,0.33226496
1554777512537,75.612,121.3,0.0064,0.428,0.33226496
1554777512599,75.674,121.3,0.00639,0.424,0.328645368
1554777512645,75.72,121.3,0.00639,0.424,0.328645368
1554777512691,75.766,121.3,0.00639,0.424,0.328645368
1554777512738,75.813,121.3,0.00639,0.424,0.328645368
1554777512799,75.874,121.3,0.00634,0.426,0.327611892
1554777512845,75.92,121.3,0.00634,0.426,0.327611892
1554777512891,75.966,121.3,0.00634,0.426,0.327611892
1554777512937,76.012,121.3,0.00634,0.426,0.327611892
1554777512998,76.073,121.3,0.00633,0.426,0.327095154
1554777513044,76.119,121.3,0.00633,0.426,0.327095154
1554777513090,76.165,121.3,0.00633,0.426,0.327095154
1554777513137,76.212,121.3,0.00633,0.426,0.327095154
1554777513198,76.273,121.3,0.00639,0.426,0.330195582
1554777513244,76.319,121.3,0.00639,0.426,0.330195582
1554777513290,76.365,121.3,0.00639,0.426,0.330195582
1554777513336,76.411,121.3,0.00639,0.426,0.330195582
1554777513398,76.473,121.3,0.00641,0.424,0.329673992
1554777513444,76.519,121.3,0.00641,0.424,0.329673992
1554777513490,76.565,121.3,0.00641,0.424,0.329673992
1554777513536,76.612,121.3,0.00641,0.424,0.329673992
1554777513599,76.674,121.3,0.00642,0.425,0.33096705
1554777513645,76.72,121.3,0.00642,0.425,0.33096705
1554777513691,76.766,121.3,0.00642,0.425,0.33096705
1554777513737,76.812,121.3,0.00642,0.425,0.33096705
1554777513798,76.873,121.3,0.00641,0.426,0.331229058
1554777513844,76.919,121.3,0.00641,0.426,0.331229058
1554777513891,76.966,121.3,0.00641,0.426,0.331229058
1554777513937,77.012,121.3,0.00641,0.426,0.331229058
1554777513998,77.073,121.3,0.00642,0.423,0.329409558
1554777514043,77.118,121.3,0.00642,0.423,0.329409558
1554777514089,77.164,121.3,0.00642,0.423,0.329409558
1554777514135,77.21,121.3,0.00642,0.423,0.329409558
1554777514198,77.273,121.3,0.00645,0.425,0.332513625
1554777514244,77.319,121.3,0.00645,0.425,0.332513625
1554777514290,77.365,121.3,0.00645,0.425,0.332513625
1554777514336,77.411,121.3,0.00645,0.425,0.332513625
1554777514398,77.473,121.3,0.00651,0.425,0.335606775
1554777514444,77.519,121.3,0.00651,0.425,0.335606775
1554777514490,77.565,121.3,0.00651,0.425,0.335606775
1554777514537,77.612,121.3,0.00651,0.425,0.335606775
1554777514598,77.673,121.4,0.00648,0.422,0.331975584
1554777514644,77.719,121.4,0.00648,0.422,0.331975584
1554777514690,77.765,121.4,0.00648,0.422,0.331975584
1554777514736,77.811,121.4,0.00648,0.422,0.331975584
1554777514798,77.873,121.4,0.0064,0.426,0.33098496
1554777514844,77.919,121.4,0.0064,0.426,0.33098496
1554777514890,77.965,121.4,0.0064,0.426,0.33098496
1554777514937,78.012,121.4,0.0064,0.426,0.33098496
1554777514998,78.073,121.4,0.0064,0.425,0.330208
1554777515044,78.119,121.4,0.0064,0.425,0.330208
1554777515090,78.165,121.4,0.0064,0.425,0.330208
1554777515136,78.211,121.4,0.0064,0.425,0.330208
1554777515198,78.273,121.4,0.0064,0.423,0.32865408
1554777515243,78.318,121.4,0.0064,0.423,0.32865408
1554777515290,78.365,121.4,0.0064,0.423,0.32865408
1554777515336,78.411,121.4,0.0064,0.423,0.32865408
1554777515398,78.473,121.4,0.00641,0.422,0.328389428
1554777515444,78.519,121.4,0.00641,0.422,0.328389428
1554777515490,78.565,121.4,0.00641,0.422,0.328389428
1554777515536,78.611,121.4,0.00641,0.422,0.328389428
1554777515598,78.673,121.4,0.00644,0.42,0.32836272
1554777515643,78.718,121.4,0.00644,0.42,0.32836272
1554777515689,78.765,121.4,0.00644,0.42,0.32836272
1554777515736,78.811,121.4,0.00644,0.42,0.32836272
1554777515798,78.873,121.4,0.00638,0.425,0.3291761
1554777515844,78.919,121.4,0.00638,0.425,0.3291761
1554777515890,78.965,121.4,0.00638,0.425,0.3291761
1554777515936,79.012,121.4,0.00638,0.425,0.3291761
1554777515997,79.072,121.4,0.00634,0.424,0.326342624
1554777516043,79.118,121.4,0.00634,0.424,0.326342624
1554777516089,79.164,121.4,0.00634,0.424,0.326342624
1554777516136,79.211,121.4,0.00634,0.424,0.326342624
1554777516198,79.273,121.3,0.00639,0.422,0.327095154
1554777516244,79.319,121.3,0.00639,0.422,0.327095154
1554777516290,79.365,121.3,0.00639,0.422,0.327095154
1554777516336,79.411,121.3,0.00639,0.422,0.327095154
1554777516397,79.472,121.3,0.00647,0.425,0.333544675
1554777516443,79.518,121.3,0.00647,0.425,0.333544675
1554777516489,79.564,121.3,0.00647,0.425,0.333544675
1554777516535,79.61,121.3,0.00647,0.425,0.333544675
1554777516598,79.673,121.3,0.00638,0.423,0.327357162
1554777516644,79.719,121.3,0.00638,0.423,0.327357162
1554777516690,79.765,121.3,0.00638,0.423,0.327357162
1554777516736,79.811,121.3,0.00638,0.423,0.327357162
1554777516797,79.872,121.3,0.00638,0.423,0.327357162
1554777516843,79.918,121.3,0.00638,0.423,0.327357162
1554777516889,79.964,121.3,0.00638,0.423,0.327357162
1554777516936,80.011,121.3,0.00638,0.423,0.327357162
1554777516998,80.073,121.3,0.00636,0.424,0.327102432
1554777517044,80.119,121.3,0.00636,0.424,0.327102432
1554777517090,80.165,121.3,0.00636,0.424,0.327102432
1554777517136,80.211,121.3,0.00636,0.424,0.327102432
1554777517197,80.272,121.3,0.00643,0.422,0.329142698
1554777517243,80.318,121.3,0.00643,0.422,0.329142698
1554777517290,80.365,121.3,0.00643,0.422,0.329142698
1554777517336,80.411,121.3,0.00643,0.422,0.329142698
1554777517397,80.472,121.3,0.00654,0.426,0.337946652
1554777517444,80.519,121.3,0.00654,0.426,0.337946652
1554777517490,80.565,121.3,0.00654,0.426,0.337946652
1554777517536,80.611,121.3,0.00654,0.426,0.337946652
1554777517597,80.672,121.3,0.00647,0.422,0.331190242
1554777517643,80.718,121.3,0.00647,0.422,0.331190242
1554777517689,80.764,121.3,0.00647,0.422,0.331190242
1554777517735,80.81,121.3,0.00647,0.422,0.331190242
1554777517797,80.872,121.3,0.00647,0.423,0.331975053
1554777517844,80.919,121.3,0.00647,0.423,0.331975053
1554777517889,80.964,121.3,0.00647,0.423,0.331975053
1554777517935,81.01,121.3,0.00647,0.423,0.331975053
1554777517998,81.073,121.3,0.00644,0.424,0.331216928
1554777518044,81.119,121.3,0.00644,0.424,0.331216928
1554777518090,81.165,121.3,0.00644,0.424,0.331216928
1554777518136,81.211,121.3,0.00644,0.424,0.331216928
1554777518197,81.272,121.3,0.00643,0.426,0.332262534
1554777518244,81.319,121.3,0.00643,0.426,0.332262534
1554777518290,81.365,121.3,0.00643,0.426,0.332262534
1554777518336,81.411,121.3,0.00643,0.426,0.332262534
1554777518397,81.472,121.3,0.00649,0.425,0.334575725
1554777518443,81.518,121.3,0.00649,0.425,0.334575725
1554777518489,81.564,121.3,0.00649,0.425,0.334575725
1554777518535,81.61,121.3,0.00649,0.425,0.334575725
1554777518598,81.673,121.4,0.00646,0.425,0.3333037
1554777518644,81.719,121.4,0.00646,0.425,0.3333037
1554777518689,81.765,121.4,0.00646,0.425,0.3333037
1554777518736,81.811,121.4,0.00646,0.425,0.3333037
1554777518797,81.872,121.4,0.00643,0.425,0.33175585
1554777518843,81.918,121.4,0.00643,0.425,0.33175585
1554777518889,81.964,121.4,0.00643,0.425,0.33175585
1554777518935,82.01,121.4,0.00643,0.425,0.33175585
1554777518997,82.072,121.4,0.00642,0.425,0.3312399
1554777519044,82.119,121.4,0.00642,0.425,0.3312399
1554777519090,82.165,121.4,0.00642,0.425,0.3312399
1554777519136,82.211,121.4,0.00642,0.425,0.3312399
1554777519197,82.272,121.4,0.00638,0.426,0.329950632
1554777519243,82.318,121.4,0.00638,0.426,0.329950632
1554777519289,82.364,121.4,0.00638,0.426,0.329950632
1554777519335,82.41,121.4,0.00638,0.426,0.329950632
1554777519397,82.472,121.4,0.00647,0.425,0.33381965
1554777519443,82.519,121.4,0.00647,0.425,0.33381965
1554777519489,82.565,121.4,0.00647,0.425,0.33381965
1554777519536,82.611,121.4,0.00647,0.425,0.33381965
1554777519597,82.672,121.4,0.00638,0.424,0.328401568
1554777519643,82.718,121.4,0.00638,0.424,0.328401568
1554777519689,82.764,121.4,0.00638,0.424,0.328401568
1554777519735,82.81,121.4,0.00638,0.424,0.328401568
1554777519797,82.872,121.4,0.00641,0.423,0.329167602
1554777519843,82.918,121.4,0.00641,0.423,0.329167602
1554777519889,82.964,121.4,0.00641,0.423,0.329167602
1554777519935,83.01,121.4,0.00641,0.423,0.329167602
1554777519997,83.072,121.4,0.00636,0.425,0.3281442
1554777520042,83.117,121.4,0.00636,0.425,0.3281442
1554777520088,83.163,121.4,0.00636,0.425,0.3281442
1554777520135,83.21,121.4,0.00636,0.425,0.3281442
1554777520197,83.272,121.4,0.00632,0.424,0.325313152
1554777520243,83.318,121.4,0.00632,0.424,0.325313152
1554777520289,83.364,121.4,0.00632,0.424,0.325313152
1554777520335,83.41,121.4,0.00632,0.424,0.325313152
1554777520396,83.472,121.4,0.00636,0.427,0.329688408
1554777520442,83.517,121.4,0.00636,0.427,0.329688408
You pressed Ctrl+C!
1554777520488,83.563,121.4,0.00636,0.427,0.329688408
