# Mon Apr 08 21:39:05 2019
abstime,time_stamp,volt,curr,pf,mul
1554784745379,0.08,121.3,0.00603,0.426,0.311593014
1554784745427,0.128,121.3,0.00561,0.423,0.287848539
1554784745473,0.174,121.3,0.00561,0.423,0.287848539
1554784745519,0.22,121.3,0.00561,0.423,0.287848539
1554784745564,0.265,121.3,0.00561,0.423,0.287848539
1554784745623,0.324,121.3,0.0056,0.425,0.288694
1554784745669,0.37,121.3,0.0056,0.425,0.288694
1554784745714,0.415,121.3,0.0056,0.425,0.288694
1554784745760,0.461,121.3,0.0056,0.425,0.288694
1554784745823,0.524,121.2,0.00564,0.425,0.2905164
1554784745868,0.569,121.2,0.00564,0.425,0.2905164
1554784745914,0.615,121.2,0.00564,0.425,0.2905164
1554784745959,0.66,121.2,0.00564,0.425,0.2905164
1554784746023,0.724,121.2,0.00567,0.424,0.291374496
1554784746069,0.77,121.2,0.00567,0.424,0.291374496
1554784746115,0.816,121.2,0.00567,0.424,0.291374496
1554784746161,0.862,121.2,0.00567,0.424,0.291374496
1554784746224,0.925,121.2,0.00567,0.426,0.292748904
1554784746270,0.971,121.2,0.00567,0.426,0.292748904
1554784746316,1.017,121.2,0.00567,0.426,0.292748904
1554784746362,1.063,121.2,0.00567,0.426,0.292748904
1554784746423,1.124,121.2,0.00568,0.422,0.290511552
1554784746469,1.17,121.2,0.00568,0.422,0.290511552
1554784746515,1.216,121.2,0.00568,0.422,0.290511552
1554784746561,1.262,121.2,0.00568,0.422,0.290511552
1554784746623,1.324,121.2,0.00568,0.421,0.289823136
1554784746670,1.371,121.2,0.00568,0.421,0.289823136
1554784746716,1.417,121.2,0.00568,0.421,0.289823136
1554784746762,1.463,121.2,0.00568,0.421,0.289823136
1554784746823,1.524,121.1,0.00564,0.426,0.290959704
1554784746869,1.57,121.1,0.00564,0.426,0.290959704
1554784746915,1.616,121.1,0.00564,0.426,0.290959704
1554784746961,1.662,121.1,0.00564,0.426,0.290959704
1554784747023,1.724,121.1,0.00562,0.424,0.288566768
1554784747068,1.769,121.1,0.00562,0.424,0.288566768
1554784747114,1.815,121.1,0.00562,0.424,0.288566768
1554784747161,1.862,121.1,0.00562,0.424,0.288566768
1554784747223,1.924,121.1,0.00564,0.425,0.2902767
1554784747269,1.97,121.1,0.00564,0.425,0.2902767
1554784747315,2.016,121.1,0.00564,0.425,0.2902767
1554784747361,2.062,121.1,0.00564,0.425,0.2902767
1554784747423,2.124,121.2,0.00562,0.425,0.2894862
1554784747470,2.171,121.2,0.00562,0.425,0.2894862
1554784747516,2.217,121.2,0.00562,0.425,0.2894862
1554784747562,2.263,121.2,0.00562,0.425,0.2894862
1554784747623,2.324,121.2,0.00561,0.423,0.287611236
1554784747669,2.37,121.2,0.00561,0.423,0.287611236
1554784747715,2.416,121.2,0.00561,0.423,0.287611236
1554784747761,2.462,121.2,0.00561,0.423,0.287611236
1554784747823,2.524,121.2,0.00561,0.425,0.2889711
1554784747869,2.57,121.2,0.00561,0.425,0.2889711
1554784747916,2.617,121.2,0.00561,0.425,0.2889711
1554784747962,2.663,121.2,0.00561,0.425,0.2889711
1554784748023,2.724,121.2,0.00561,0.422,0.286931304
1554784748069,2.77,121.2,0.00561,0.422,0.286931304
1554784748115,2.816,121.2,0.00561,0.422,0.286931304
1554784748161,2.862,121.2,0.00561,0.422,0.286931304
1554784748223,2.924,121.2,0.00561,0.423,0.287611236
1554784748269,2.97,121.2,0.00561,0.423,0.287611236
1554784748315,3.016,121.2,0.00561,0.423,0.287611236
1554784748362,3.063,121.2,0.00561,0.423,0.287611236
1554784748423,3.124,121.3,0.00557,0.423,0.285796143
1554784748469,3.17,121.3,0.00557,0.423,0.285796143
1554784748515,3.216,121.3,0.00557,0.423,0.285796143
1554784748561,3.262,121.3,0.00557,0.423,0.285796143
1554784748623,3.324,121.3,0.00561,0.42,0.28580706
1554784748669,3.37,121.3,0.00561,0.42,0.28580706
1554784748715,3.416,121.3,0.00561,0.42,0.28580706
1554784748761,3.462,121.3,0.00561,0.42,0.28580706
1554784748822,3.523,121.3,0.00566,0.42,0.28835436
1554784748868,3.569,121.3,0.00566,0.42,0.28835436
1554784748914,3.615,121.3,0.00566,0.42,0.28835436
1554784748960,3.661,121.3,0.00566,0.42,0.28835436
1554784749023,3.724,121.2,0.00563,0.42,0.28658952
1554784749069,3.77,121.2,0.00563,0.42,0.28658952
1554784749115,3.816,121.2,0.00563,0.42,0.28658952
1554784749161,3.862,121.2,0.00563,0.42,0.28658952
1554784749222,3.923,121.2,0.00563,0.423,0.288636588
1554784749268,3.969,121.2,0.00563,0.423,0.288636588
1554784749314,4.015,121.2,0.00563,0.423,0.288636588
1554784749361,4.062,121.2,0.00563,0.423,0.288636588
1554784749423,4.124,121.3,0.00567,0.421,0.289551591
1554784749469,4.17,121.3,0.00567,0.421,0.289551591
1554784749515,4.216,121.3,0.00567,0.421,0.289551591
1554784749561,4.262,121.3,0.00567,0.421,0.289551591
1554784749622,4.324,121.3,0.00567,0.42,0.28886382
1554784749669,4.37,121.3,0.00567,0.42,0.28886382
1554784749715,4.416,121.3,0.00567,0.42,0.28886382
1554784749761,4.462,121.3,0.00567,0.42,0.28886382
1554784749823,4.524,121.2,0.00567,0.419,0.287938476
1554784749869,4.57,121.2,0.00567,0.419,0.287938476
1554784749915,4.617,121.2,0.00567,0.419,0.287938476
1554784749962,4.663,121.2,0.00567,0.419,0.287938476
1554784750023,4.724,121.2,0.00569,0.419,0.288954132
1554784750069,4.77,121.2,0.00569,0.419,0.288954132
1554784750115,4.816,121.2,0.00569,0.419,0.288954132
1554784750161,4.862,121.2,0.00569,0.419,0.288954132
1554784750223,4.924,121.2,0.00569,0.421,0.290333388
1554784750269,4.97,121.2,0.00569,0.421,0.290333388
1554784750315,5.016,121.2,0.00569,0.421,0.290333388
1554784750361,5.062,121.2,0.00569,0.421,0.290333388
1554784750423,5.124,121.2,0.00569,0.421,0.290333388
1554784750469,5.17,121.2,0.00569,0.421,0.290333388
1554784750515,5.216,121.2,0.00569,0.421,0.290333388
1554784750561,5.262,121.2,0.00569,0.421,0.290333388
1554784750622,5.323,121.2,0.00568,0.421,0.289823136
1554784750668,5.369,121.2,0.00568,0.421,0.289823136
1554784750714,5.415,121.2,0.00568,0.421,0.289823136
1554784750760,5.461,121.2,0.00568,0.421,0.289823136
1554784750822,5.523,121.2,0.00565,0.422,0.28897716
1554784750868,5.57,121.2,0.00565,0.422,0.28897716
1554784750915,5.616,121.2,0.00565,0.422,0.28897716
1554784750961,5.662,121.2,0.00565,0.422,0.28897716
1554784751023,5.724,121.1,0.00566,0.421,0.288564346
1554784751069,5.77,121.1,0.00566,0.421,0.288564346
1554784751115,5.816,121.1,0.00566,0.421,0.288564346
1554784751162,5.863,121.1,0.00566,0.421,0.288564346
1554784751223,5.924,121.1,0.00568,0.421,0.289584008
1554784751269,5.97,121.1,0.00568,0.421,0.289584008
1554784751315,6.016,121.1,0.00568,0.421,0.289584008
1554784751361,6.062,121.1,0.00568,0.421,0.289584008
1554784751422,6.123,121.2,0.00563,0.424,0.289318944
1554784751469,6.17,121.2,0.00563,0.424,0.289318944
1554784751515,6.216,121.2,0.00563,0.424,0.289318944
1554784751561,6.262,121.2,0.00563,0.424,0.289318944
1554784751622,6.323,121.2,0.00561,0.425,0.2889711
1554784751668,6.369,121.2,0.00561,0.425,0.2889711
1554784751714,6.415,121.2,0.00561,0.425,0.2889711
1554784751760,6.461,121.2,0.00561,0.425,0.2889711
1554784751822,6.524,121.2,0.00561,0.423,0.287611236
1554784751869,6.57,121.2,0.00561,0.423,0.287611236
1554784751915,6.616,121.2,0.00561,0.423,0.287611236
1554784751961,6.662,121.2,0.00561,0.423,0.287611236
1554784752022,6.723,121.2,0.0056,0.424,0.28777728
1554784752068,6.769,121.2,0.0056,0.424,0.28777728
1554784752114,6.815,121.2,0.0056,0.424,0.28777728
1554784752160,6.861,121.2,0.0056,0.424,0.28777728
1554784752223,6.924,121.2,0.00561,0.423,0.287611236
1554784752269,6.97,121.2,0.00561,0.423,0.287611236
1554784752315,7.016,121.2,0.00561,0.423,0.287611236
1554784752361,7.062,121.2,0.00561,0.423,0.287611236
1554784752422,7.123,121.2,0.00557,0.424,0.286235616
1554784752468,7.169,121.2,0.00557,0.424,0.286235616
1554784752514,7.215,121.2,0.00557,0.424,0.286235616
1554784752560,7.261,121.2,0.00557,0.424,0.286235616
1554784752622,7.324,121.3,0.00557,0.423,0.285796143
1554784752669,7.37,121.3,0.00557,0.423,0.285796143
1554784752715,7.416,121.3,0.00557,0.423,0.285796143
1554784752761,7.462,121.3,0.00557,0.423,0.285796143
1554784752822,7.523,121.3,0.00554,0.424,0.284928848
1554784752868,7.569,121.3,0.00554,0.424,0.284928848
1554784752914,7.615,121.3,0.00554,0.424,0.284928848
1554784752960,7.661,121.3,0.00554,0.424,0.284928848
1554784753022,7.724,121.2,0.00559,0.425,0.2879409
1554784753069,7.77,121.2,0.00559,0.425,0.2879409
1554784753115,7.816,121.2,0.00559,0.425,0.2879409
1554784753161,7.862,121.2,0.00559,0.425,0.2879409
1554784753222,7.923,121.2,0.00563,0.424,0.289318944
1554784753268,7.969,121.2,0.00563,0.424,0.289318944
1554784753314,8.015,121.2,0.00563,0.424,0.289318944
1554784753360,8.062,121.2,0.00563,0.424,0.289318944
1554784753423,8.124,121.3,0.00565,0.423,0.289900935
1554784753469,8.17,121.3,0.00565,0.423,0.289900935
1554784753515,8.216,121.3,0.00565,0.423,0.289900935
1554784753561,8.262,121.3,0.00565,0.423,0.289900935
1554784753622,8.324,121.3,0.00564,0.422,0.288703704
1554784753669,8.37,121.3,0.00564,0.422,0.288703704
1554784753715,8.416,121.3,0.00564,0.422,0.288703704
1554784753761,8.462,121.3,0.00564,0.422,0.288703704
1554784753822,8.523,121.2,0.00559,0.426,0.288618408
1554784753868,8.569,121.2,0.00559,0.426,0.288618408
1554784753914,8.615,121.2,0.00559,0.426,0.288618408
1554784753960,8.662,121.2,0.00559,0.426,0.288618408
1554784754023,8.724,121.2,0.00561,0.426,0.289651032
1554784754069,8.77,121.2,0.00561,0.426,0.289651032
1554784754115,8.816,121.2,0.00561,0.426,0.289651032
1554784754161,8.862,121.2,0.00561,0.426,0.289651032
1554784754222,8.923,121.2,0.00564,0.425,0.2905164
1554784754268,8.969,121.2,0.00564,0.425,0.2905164
1554784754314,9.015,121.2,0.00564,0.425,0.2905164
1554784754360,9.061,121.2,0.00564,0.425,0.2905164
1554784754423,9.124,121.2,0.00568,0.427,0.293953632
1554784754469,9.17,121.2,0.00568,0.427,0.293953632
1554784754515,9.216,121.2,0.00568,0.427,0.293953632
1554784754561,9.262,121.2,0.00568,0.427,0.293953632
1554784754622,9.323,121.2,0.00565,0.422,0.28897716
1554784754668,9.369,121.2,0.00565,0.422,0.28897716
1554784754714,9.415,121.2,0.00565,0.422,0.28897716
1554784754760,9.461,121.2,0.00565,0.422,0.28897716
1554784754822,9.524,121.2,0.00565,0.424,0.29034672
1554784754869,9.57,121.2,0.00565,0.424,0.29034672
1554784754915,9.616,121.2,0.00565,0.424,0.29034672
1554784754961,9.662,121.2,0.00565,0.424,0.29034672
1554784755022,9.723,121.2,0.00563,0.423,0.288636588
1554784755068,9.77,121.2,0.00563,0.423,0.288636588
1554784755115,9.816,121.2,0.00563,0.423,0.288636588
1554784755161,9.862,121.2,0.00563,0.423,0.288636588
1554784755222,9.923,121.1,0.00566,0.423,0.289935198
1554784755268,9.969,121.1,0.00566,0.423,0.289935198
1554784755314,10.015,121.1,0.00566,0.423,0.289935198
1554784755360,10.061,121.1,0.00566,0.423,0.289935198
1554784755423,10.124,121.2,0.00563,0.424,0.289318944
1554784755469,10.17,121.2,0.00563,0.424,0.289318944
1554784755515,10.216,121.2,0.00563,0.424,0.289318944
1554784755561,10.262,121.2,0.00563,0.424,0.289318944
1554784755622,10.323,121.2,0.00564,0.423,0.289149264
1554784755668,10.369,121.2,0.00564,0.423,0.289149264
1554784755714,10.416,121.2,0.00564,0.423,0.289149264
1554784755761,10.462,121.2,0.00564,0.423,0.289149264
1554784755822,10.523,121.2,0.00564,0.419,0.286414992
1554784755867,10.569,121.2,0.00564,0.419,0.286414992
1554784755914,10.615,121.2,0.00564,0.419,0.286414992
1554784755960,10.661,121.2,0.00564,0.419,0.286414992
1554784756022,10.723,121.2,0.00559,0.424,0.287263392
1554784756068,10.769,121.2,0.00559,0.424,0.287263392
1554784756114,10.815,121.2,0.00559,0.424,0.287263392
1554784756160,10.861,121.2,0.00559,0.424,0.287263392
1554784756222,10.923,121.2,0.0056,0.424,0.28777728
1554784756267,10.969,121.2,0.0056,0.424,0.28777728
1554784756313,11.015,121.2,0.0056,0.424,0.28777728
1554784756360,11.061,121.2,0.0056,0.424,0.28777728
1554784756422,11.123,121.2,0.00556,0.425,0.2863956
1554784756468,11.169,121.2,0.00556,0.425,0.2863956
1554784756514,11.215,121.2,0.00556,0.425,0.2863956
1554784756560,11.261,121.2,0.00556,0.425,0.2863956
1554784756622,11.324,121.3,0.00559,0.425,0.288178475
1554784756669,11.37,121.3,0.00559,0.425,0.288178475
1554784756715,11.416,121.3,0.00559,0.425,0.288178475
1554784756761,11.462,121.3,0.00559,0.425,0.288178475
1554784756822,11.523,121.3,0.00559,0.427,0.289534609
1554784756868,11.569,121.3,0.00559,0.427,0.289534609
1554784756914,11.616,121.3,0.00559,0.427,0.289534609
1554784756961,11.662,121.3,0.00559,0.427,0.289534609
1554784757022,11.723,121.2,0.0056,0.425,0.288456
1554784757068,11.769,121.2,0.0056,0.425,0.288456
1554784757114,11.815,121.2,0.0056,0.425,0.288456
1554784757160,11.861,121.2,0.0056,0.425,0.288456
1554784757222,11.923,121.2,0.00562,0.426,0.290167344
1554784757268,11.969,121.2,0.00562,0.426,0.290167344
1554784757314,12.015,121.2,0.00562,0.426,0.290167344
1554784757360,12.062,121.2,0.00562,0.426,0.290167344
1554784757422,12.123,121.2,0.00561,0.426,0.289651032
1554784757468,12.169,121.2,0.00561,0.426,0.289651032
1554784757514,12.215,121.2,0.00561,0.426,0.289651032
1554784757560,12.261,121.2,0.00561,0.426,0.289651032
1554784757622,12.323,121.2,0.00564,0.425,0.2905164
1554784757668,12.369,121.2,0.00564,0.425,0.2905164
1554784757714,12.415,121.2,0.00564,0.425,0.2905164
1554784757760,12.462,121.2,0.00564,0.425,0.2905164
1554784757822,12.523,121.2,0.00563,0.425,0.2900013
1554784757868,12.569,121.2,0.00563,0.425,0.2900013
1554784757914,12.615,121.2,0.00563,0.425,0.2900013
1554784757960,12.661,121.2,0.00563,0.425,0.2900013
1554784758022,12.723,121.2,0.00562,0.424,0.288805056
1554784758068,12.769,121.2,0.00562,0.424,0.288805056
1554784758114,12.816,121.2,0.00562,0.424,0.288805056
1554784758160,12.862,121.2,0.00562,0.424,0.288805056
1554784758222,12.923,121.2,0.00568,0.424,0.291888384
1554784758267,12.969,121.2,0.00568,0.424,0.291888384
1554784758314,13.015,121.2,0.00568,0.424,0.291888384
1554784758360,13.061,121.2,0.00568,0.424,0.291888384
1554784758422,13.123,121.2,0.00565,0.426,0.29171628
1554784758468,13.169,121.2,0.00565,0.426,0.29171628
1554784758514,13.215,121.2,0.00565,0.426,0.29171628
1554784758560,13.262,121.2,0.00565,0.426,0.29171628
1554784758622,13.323,121.2,0.00562,0.426,0.290167344
1554784758668,13.369,121.2,0.00562,0.426,0.290167344
1554784758714,13.415,121.2,0.00562,0.426,0.290167344
1554784758760,13.461,121.2,0.00562,0.426,0.290167344
1554784758821,13.522,121.2,0.0056,0.427,0.28981344
1554784758867,13.568,121.2,0.0056,0.427,0.28981344
1554784758913,13.614,121.2,0.0056,0.427,0.28981344
1554784758959,13.66,121.2,0.0056,0.427,0.28981344
1554784759022,13.723,121.1,0.00562,0.427,0.290608514
1554784759068,13.769,121.1,0.00562,0.427,0.290608514
1554784759114,13.815,121.1,0.00562,0.427,0.290608514
1554784759160,13.861,121.1,0.00562,0.427,0.290608514
1554784759222,13.923,121.1,0.0056,0.425,0.288218
1554784759268,13.969,121.1,0.0056,0.425,0.288218
1554784759314,14.015,121.1,0.0056,0.425,0.288218
1554784759360,14.061,121.1,0.0056,0.425,0.288218
1554784759421,14.122,121.1,0.00563,0.423,0.288398439
1554784759467,14.169,121.1,0.00563,0.423,0.288398439
1554784759514,14.215,121.1,0.00563,0.423,0.288398439
1554784759560,14.261,121.1,0.00563,0.423,0.288398439
1554784759622,14.323,121.2,0.00562,0.424,0.288805056
1554784759668,14.369,121.2,0.00562,0.424,0.288805056
1554784759714,14.415,121.2,0.00562,0.424,0.288805056
1554784759760,14.461,121.2,0.00562,0.424,0.288805056
1554784759821,14.522,121.2,0.00563,0.423,0.288636588
1554784759867,14.568,121.2,0.00563,0.423,0.288636588
1554784759913,14.614,121.2,0.00563,0.423,0.288636588
1554784759959,14.66,121.2,0.00563,0.423,0.288636588
1554784760022,14.723,121.2,0.00559,0.422,0.285908376
1554784760068,14.769,121.2,0.00559,0.422,0.285908376
1554784760114,14.815,121.2,0.00559,0.422,0.285908376
1554784760160,14.861,121.2,0.00559,0.422,0.285908376
1554784760221,14.922,121.2,0.00564,0.422,0.288465696
1554784760267,14.969,121.2,0.00564,0.422,0.288465696
1554784760313,15.015,121.2,0.00564,0.422,0.288465696
1554784760360,15.061,121.2,0.00564,0.422,0.288465696
1554784760422,15.123,121.2,0.00563,0.421,0.287271876
1554784760468,15.169,121.2,0.00563,0.421,0.287271876
1554784760514,15.215,121.2,0.00563,0.421,0.287271876
1554784760560,15.261,121.2,0.00563,0.421,0.287271876
1554784760622,15.323,121.2,0.00561,0.422,0.286931304
1554784760668,15.369,121.2,0.00561,0.422,0.286931304
1554784760714,15.415,121.2,0.00561,0.422,0.286931304
1554784760760,15.461,121.2,0.00561,0.422,0.286931304
1554784760821,15.522,121.2,0.0056,0.423,0.28709856
1554784760867,15.568,121.2,0.0056,0.423,0.28709856
1554784760913,15.614,121.2,0.0056,0.423,0.28709856
1554784760959,15.66,121.2,0.0056,0.423,0.28709856
1554784761022,15.723,121.2,0.00561,0.423,0.287611236
1554784761068,15.769,121.2,0.00561,0.423,0.287611236
1554784761114,15.815,121.2,0.00561,0.423,0.287611236
1554784761160,15.861,121.2,0.00561,0.423,0.287611236
1554784761222,15.923,121.2,0.00567,0.422,0.290000088
1554784761268,15.969,121.2,0.00567,0.422,0.290000088
1554784761314,16.015,121.2,0.00567,0.422,0.290000088
1554784761360,16.061,121.2,0.00567,0.422,0.290000088
1554784761421,16.122,121.2,0.00567,0.422,0.290000088
1554784761467,16.168,121.2,0.00567,0.422,0.290000088
1554784761513,16.214,121.2,0.00567,0.422,0.290000088
1554784761559,16.26,121.2,0.00567,0.422,0.290000088
1554784761622,16.323,121.3,0.00568,0.423,0.291440232
1554784761668,16.369,121.3,0.00568,0.423,0.291440232
1554784761714,16.415,121.3,0.00568,0.423,0.291440232
1554784761760,16.461,121.3,0.00568,0.423,0.291440232
1554784761822,16.523,121.2,0.00566,0.422,0.289488624
1554784761868,16.569,121.2,0.00566,0.422,0.289488624
1554784761914,16.615,121.2,0.00566,0.422,0.289488624
1554784761960,16.661,121.2,0.00566,0.422,0.289488624
1554784762021,16.722,121.2,0.00565,0.422,0.28897716
1554784762067,16.768,121.2,0.00565,0.422,0.28897716
1554784762113,16.814,121.2,0.00565,0.422,0.28897716
1554784762159,16.86,121.2,0.00565,0.422,0.28897716
1554784762221,16.922,121.2,0.00569,0.421,0.290333388
1554784762268,16.969,121.2,0.00569,0.421,0.290333388
1554784762314,17.015,121.2,0.00569,0.421,0.290333388
1554784762360,17.061,121.2,0.00569,0.421,0.290333388
1554784762421,17.122,121.2,0.00571,0.424,0.293430048
1554784762467,17.168,121.2,0.00571,0.424,0.293430048
1554784762513,17.214,121.2,0.00571,0.424,0.293430048
1554784762559,17.26,121.2,0.00571,0.424,0.293430048
1554784762621,17.322,121.2,0.00569,0.421,0.290333388
1554784762667,17.368,121.2,0.00569,0.421,0.290333388
1554784762713,17.414,121.2,0.00569,0.421,0.290333388
1554784762759,17.46,121.2,0.00569,0.421,0.290333388
1554784762822,17.523,121.2,0.00563,0.424,0.289318944
1554784762868,17.569,121.2,0.00563,0.424,0.289318944
1554784762915,17.616,121.2,0.00563,0.424,0.289318944
1554784762962,17.663,121.2,0.00563,0.424,0.289318944
1554784763021,17.723,121.1,0.00562,0.425,0.28924735
1554784763068,17.769,121.1,0.00562,0.425,0.28924735
1554784763114,17.815,121.1,0.00562,0.425,0.28924735
1554784763160,17.861,121.1,0.00562,0.425,0.28924735
1554784763221,17.922,121.1,0.00562,0.425,0.28924735
1554784763267,17.968,121.1,0.00562,0.425,0.28924735
1554784763313,18.014,121.1,0.00562,0.425,0.28924735
1554784763359,18.06,121.1,0.00562,0.425,0.28924735
1554784763421,18.122,121.1,0.00563,0.425,0.289762025
1554784763468,18.169,121.1,0.00563,0.425,0.289762025
1554784763514,18.215,121.1,0.00563,0.425,0.289762025
1554784763560,18.261,121.1,0.00563,0.425,0.289762025
1554784763621,18.322,121.1,0.00561,0.424,0.288053304
1554784763667,18.368,121.1,0.00561,0.424,0.288053304
1554784763713,18.414,121.1,0.00561,0.424,0.288053304
1554784763759,18.46,121.1,0.00561,0.424,0.288053304
1554784763821,18.522,121.2,0.00561,0.423,0.287611236
1554784763867,18.568,121.2,0.00561,0.423,0.287611236
1554784763913,18.614,121.2,0.00561,0.423,0.287611236
1554784763960,18.661,121.2,0.00561,0.423,0.287611236
1554784764021,18.722,121.1,0.00558,0.425,0.28718865
1554784764067,18.768,121.1,0.00558,0.425,0.28718865
1554784764113,18.814,121.1,0.00558,0.425,0.28718865
1554784764159,18.86,121.1,0.00558,0.425,0.28718865
1554784764222,18.923,121.1,0.0056,0.422,0.28618352
1554784764268,18.969,121.1,0.0056,0.422,0.28618352
1554784764314,19.015,121.1,0.0056,0.422,0.28618352
1554784764360,19.061,121.1,0.0056,0.422,0.28618352
1554784764421,19.122,121.2,0.00556,0.427,0.287743344
1554784764467,19.168,121.2,0.00556,0.427,0.287743344
1554784764513,19.214,121.2,0.00556,0.427,0.287743344
1554784764559,19.26,121.2,0.00556,0.427,0.287743344
1554784764622,19.323,121.2,0.0056,0.424,0.28777728
1554784764668,19.369,121.2,0.0056,0.424,0.28777728
1554784764714,19.415,121.2,0.0056,0.424,0.28777728
1554784764760,19.461,121.2,0.0056,0.424,0.28777728
1554784764821,19.522,121.2,0.0056,0.423,0.28709856
1554784764867,19.568,121.2,0.0056,0.423,0.28709856
1554784764913,19.614,121.2,0.0056,0.423,0.28709856
1554784764960,19.661,121.2,0.0056,0.423,0.28709856
1554784765021,19.722,121.2,0.00557,0.427,0.288260868
1554784765067,19.768,121.2,0.00557,0.427,0.288260868
1554784765113,19.814,121.2,0.00557,0.427,0.288260868
1554784765159,19.86,121.2,0.00557,0.427,0.288260868
1554784765221,19.922,121.2,0.00564,0.422,0.288465696
1554784765267,19.968,121.2,0.00564,0.422,0.288465696
1554784765313,20.014,121.2,0.00564,0.422,0.288465696
1554784765359,20.06,121.2,0.00564,0.422,0.288465696
1554784765421,20.122,121.2,0.00567,0.422,0.290000088
1554784765467,20.168,121.2,0.00567,0.422,0.290000088
1554784765513,20.214,121.2,0.00567,0.422,0.290000088
1554784765559,20.26,121.2,0.00567,0.422,0.290000088
1554784765620,20.322,121.2,0.00564,0.422,0.288465696
1554784765666,20.367,121.2,0.00564,0.422,0.288465696
1554784765711,20.412,121.2,0.00564,0.422,0.288465696
1554784765757,20.458,121.2,0.00564,0.422,0.288465696
1554784765821,20.522,121.2,0.00567,0.424,0.291374496
1554784765867,20.568,121.2,0.00567,0.424,0.291374496
1554784765913,20.614,121.2,0.00567,0.424,0.291374496
1554784765959,20.66,121.2,0.00567,0.424,0.291374496
1554784766021,20.722,121.2,0.00563,0.425,0.2900013
1554784766067,20.768,121.2,0.00563,0.425,0.2900013
1554784766112,20.813,121.2,0.00563,0.425,0.2900013
1554784766158,20.859,121.2,0.00563,0.425,0.2900013
1554784766221,20.922,121.2,0.00565,0.422,0.28897716
1554784766266,20.967,121.2,0.00565,0.422,0.28897716
1554784766312,21.013,121.2,0.00565,0.422,0.28897716
1554784766356,21.058,121.2,0.00565,0.422,0.28897716
1554784766421,21.122,121.2,0.0057,0.422,0.29153448
1554784766466,21.168,121.2,0.0057,0.422,0.29153448
1554784766512,21.213,121.2,0.0057,0.422,0.29153448
1554784766559,21.26,121.2,0.0057,0.422,0.29153448
1554784766621,21.322,121.1,0.00574,0.42,0.29194788
1554784766667,21.368,121.1,0.00574,0.42,0.29194788
1554784766713,21.414,121.1,0.00574,0.42,0.29194788
1554784766760,21.461,121.1,0.00574,0.42,0.29194788
1554784766820,21.521,121.1,0.00566,0.421,0.288564346
1554784766867,21.568,121.1,0.00566,0.421,0.288564346
1554784766913,21.614,121.1,0.00566,0.421,0.288564346
1554784766959,21.66,121.1,0.00566,0.421,0.288564346
1554784767021,21.722,121.1,0.00563,0.424,0.289080232
1554784767067,21.768,121.1,0.00563,0.424,0.289080232
1554784767113,21.814,121.1,0.00563,0.424,0.289080232
1554784767159,21.86,121.1,0.00563,0.424,0.289080232
1554784767220,21.922,121.1,0.00567,0.425,0.291820725
1554784767266,21.967,121.1,0.00567,0.425,0.291820725
1554784767313,22.014,121.1,0.00567,0.425,0.291820725
1554784767359,22.06,121.1,0.00567,0.425,0.291820725
1554784767421,22.122,121.1,0.00563,0.424,0.289080232
1554784767467,22.168,121.1,0.00563,0.424,0.289080232
1554784767513,22.214,121.1,0.00563,0.424,0.289080232
1554784767559,22.26,121.1,0.00563,0.424,0.289080232
1554784767620,22.321,121.1,0.00564,0.424,0.289593696
1554784767666,22.367,121.1,0.00564,0.424,0.289593696
1554784767712,22.413,121.1,0.00564,0.424,0.289593696
1554784767759,22.46,121.1,0.00564,0.424,0.289593696
1554784767821,22.522,121.1,0.00564,0.424,0.289593696
1554784767867,22.568,121.1,0.00564,0.424,0.289593696
1554784767913,22.614,121.1,0.00564,0.424,0.289593696
1554784767959,22.66,121.1,0.00564,0.424,0.289593696
1554784768020,22.721,121.1,0.00559,0.421,0.284995529
1554784768066,22.767,121.1,0.00559,0.421,0.284995529
1554784768112,22.813,121.1,0.00559,0.421,0.284995529
1554784768159,22.86,121.1,0.00559,0.421,0.284995529
1554784768221,22.922,121.1,0.00558,0.424,0.286512912
1554784768267,22.968,121.1,0.00558,0.424,0.286512912
1554784768313,23.014,121.1,0.00558,0.424,0.286512912
1554784768359,23.06,121.1,0.00558,0.424,0.286512912
1554784768420,23.121,121.2,0.00559,0.423,0.286585884
1554784768466,23.167,121.2,0.00559,0.423,0.286585884
1554784768512,23.213,121.2,0.00559,0.423,0.286585884
1554784768558,23.259,121.2,0.00559,0.423,0.286585884
1554784768621,23.322,121.2,0.00562,0.425,0.2894862
1554784768667,23.368,121.2,0.00562,0.425,0.2894862
1554784768713,23.414,121.2,0.00562,0.425,0.2894862
1554784768759,23.46,121.2,0.00562,0.425,0.2894862
1554784768820,23.521,121.2,0.00558,0.422,0.285396912
1554784768866,23.567,121.2,0.00558,0.422,0.285396912
1554784768912,23.613,121.2,0.00558,0.422,0.285396912
1554784768958,23.659,121.2,0.00558,0.422,0.285396912
1554784769021,23.722,121.2,0.0056,0.424,0.28777728
1554784769067,23.768,121.2,0.0056,0.424,0.28777728
1554784769113,23.814,121.2,0.0056,0.424,0.28777728
1554784769159,23.86,121.2,0.0056,0.424,0.28777728
1554784769221,23.922,121.2,0.0056,0.425,0.288456
1554784769267,23.968,121.2,0.0056,0.425,0.288456
1554784769313,24.014,121.2,0.0056,0.425,0.288456
1554784769359,24.06,121.2,0.0056,0.425,0.288456
1554784769420,24.121,121.2,0.00564,0.424,0.289832832
1554784769467,24.168,121.2,0.00564,0.424,0.289832832
1554784769513,24.214,121.2,0.00564,0.424,0.289832832
1554784769559,24.26,121.2,0.00564,0.424,0.289832832
1554784769620,24.321,121.3,0.00565,0.424,0.29058628
1554784769666,24.367,121.3,0.00565,0.424,0.29058628
1554784769712,24.413,121.3,0.00565,0.424,0.29058628
1554784769758,24.459,121.3,0.00565,0.424,0.29058628
1554784769820,24.521,121.2,0.00565,0.423,0.28966194
1554784769866,24.567,121.2,0.00565,0.423,0.28966194
1554784769913,24.614,121.2,0.00565,0.423,0.28966194
1554784769959,24.66,121.2,0.00565,0.423,0.28966194
1554784770021,24.722,121.2,0.00565,0.424,0.29034672
1554784770067,24.768,121.2,0.00565,0.424,0.29034672
1554784770113,24.814,121.2,0.00565,0.424,0.29034672
1554784770159,24.86,121.2,0.00565,0.424,0.29034672
1554784770220,24.921,121.2,0.00563,0.424,0.289318944
1554784770266,24.967,121.2,0.00563,0.424,0.289318944
1554784770312,25.013,121.2,0.00563,0.424,0.289318944
1554784770359,25.06,121.2,0.00563,0.424,0.289318944
1554784770421,25.122,121.2,0.00567,0.424,0.291374496
1554784770467,25.168,121.2,0.00567,0.424,0.291374496
1554784770513,25.214,121.2,0.00567,0.424,0.291374496
1554784770559,25.26,121.2,0.00567,0.424,0.291374496
1554784770621,25.322,121.2,0.00574,0.422,0.293580336
1554784770667,25.368,121.2,0.00574,0.422,0.293580336
1554784770713,25.414,121.2,0.00574,0.422,0.293580336
1554784770759,25.46,121.2,0.00574,0.422,0.293580336
1554784770821,25.522,121.2,0.00571,0.419,0.289969788
1554784770867,25.568,121.2,0.00571,0.419,0.289969788
1554784770913,25.614,121.2,0.00571,0.419,0.289969788
1554784770959,25.66,121.2,0.00571,0.419,0.289969788
1554784771020,25.721,121.2,0.00564,0.422,0.288465696
1554784771066,25.767,121.2,0.00564,0.422,0.288465696
1554784771112,25.813,121.2,0.00564,0.422,0.288465696
1554784771159,25.86,121.2,0.00564,0.422,0.288465696
1554784771221,25.922,121.2,0.00563,0.421,0.287271876
1554784771267,25.968,121.2,0.00563,0.421,0.287271876
1554784771313,26.014,121.2,0.00563,0.421,0.287271876
1554784771359,26.06,121.2,0.00563,0.421,0.287271876
1554784771420,26.121,121.1,0.00564,0.422,0.288227688
1554784771467,26.168,121.1,0.00564,0.422,0.288227688
1554784771513,26.214,121.1,0.00564,0.422,0.288227688
1554784771559,26.26,121.1,0.00564,0.422,0.288227688
1554784771620,26.321,121.1,0.00566,0.422,0.289249772
1554784771666,26.367,121.1,0.00566,0.422,0.289249772
1554784771712,26.413,121.1,0.00566,0.422,0.289249772
1554784771758,26.459,121.1,0.00566,0.422,0.289249772
1554784771820,26.521,121.2,0.00563,0.421,0.287271876
1554784771867,26.568,121.2,0.00563,0.421,0.287271876
1554784771913,26.614,121.2,0.00563,0.421,0.287271876
1554784771959,26.66,121.2,0.00563,0.421,0.287271876
1554784772020,26.721,121.2,0.00561,0.423,0.287611236
1554784772066,26.767,121.2,0.00561,0.423,0.287611236
1554784772112,26.813,121.2,0.00561,0.423,0.287611236
1554784772158,26.859,121.2,0.00561,0.423,0.287611236
1554784772220,26.921,121.2,0.0056,0.423,0.28709856
1554784772266,26.967,121.2,0.0056,0.423,0.28709856
1554784772312,27.013,121.2,0.0056,0.423,0.28709856
1554784772358,27.06,121.2,0.0056,0.423,0.28709856
1554784772421,27.122,121.2,0.0056,0.423,0.28709856
1554784772467,27.168,121.2,0.0056,0.423,0.28709856
1554784772513,27.214,121.2,0.0056,0.423,0.28709856
1554784772559,27.261,121.2,0.0056,0.423,0.28709856
1554784772621,27.322,121.1,0.00565,0.421,0.288054515
1554784772667,27.368,121.1,0.00565,0.421,0.288054515
1554784772713,27.414,121.1,0.00565,0.421,0.288054515
1554784772759,27.46,121.1,0.00565,0.421,0.288054515
1554784772821,27.522,121.2,0.00562,0.422,0.287442768
1554784772867,27.568,121.2,0.00562,0.422,0.287442768
1554784772913,27.614,121.2,0.00562,0.422,0.287442768
1554784772959,27.66,121.2,0.00562,0.422,0.287442768
1554784773020,27.721,121.2,0.00562,0.421,0.286761624
1554784773066,27.767,121.2,0.00562,0.421,0.286761624
1554784773113,27.814,121.2,0.00562,0.421,0.286761624
1554784773159,27.86,121.2,0.00562,0.421,0.286761624
1554784773220,27.921,121.1,0.00567,0.42,0.28838754
1554784773266,27.967,121.1,0.00567,0.42,0.28838754
1554784773312,28.013,121.1,0.00567,0.42,0.28838754
1554784773358,28.059,121.1,0.00567,0.42,0.28838754
1554784773420,28.121,121.2,0.00577,0.418,0.292317432
1554784773466,28.167,121.2,0.00577,0.418,0.292317432
1554784773511,28.212,121.2,0.00577,0.418,0.292317432
1554784773557,28.258,121.2,0.00577,0.418,0.292317432
1554784773620,28.321,121.2,0.00562,0.42,0.28608048
1554784773666,28.367,121.2,0.00562,0.42,0.28608048
1554784773712,28.413,121.2,0.00562,0.42,0.28608048
1554784773758,28.459,121.2,0.00562,0.42,0.28608048
1554784773820,28.521,121.2,0.00567,0.422,0.290000088
1554784773867,28.568,121.2,0.00567,0.422,0.290000088
1554784773913,28.614,121.2,0.00567,0.422,0.290000088
1554784773959,28.66,121.2,0.00567,0.422,0.290000088
1554784774020,28.721,121.2,0.00566,0.424,0.290860608
1554784774066,28.767,121.2,0.00566,0.424,0.290860608
1554784774112,28.813,121.2,0.00566,0.424,0.290860608
1554784774158,28.859,121.2,0.00566,0.424,0.290860608
1554784774220,28.921,121.2,0.00567,0.423,0.290687292
1554784774266,28.967,121.2,0.00567,0.423,0.290687292
1554784774312,29.013,121.2,0.00567,0.423,0.290687292
1554784774359,29.06,121.2,0.00567,0.423,0.290687292
1554784774421,29.122,121.2,0.00571,0.423,0.292737996
1554784774467,29.168,121.2,0.00571,0.423,0.292737996
1554784774513,29.214,121.2,0.00571,0.423,0.292737996
1554784774559,29.26,121.2,0.00571,0.423,0.292737996
1554784774620,29.321,121.2,0.00571,0.422,0.292045944
1554784774667,29.368,121.2,0.00571,0.422,0.292045944
1554784774713,29.414,121.2,0.00571,0.422,0.292045944
1554784774759,29.46,121.2,0.00571,0.422,0.292045944
1554784774820,29.521,121.2,0.00565,0.423,0.28966194
1554784774866,29.567,121.2,0.00565,0.423,0.28966194
1554784774912,29.613,121.2,0.00565,0.423,0.28966194
1554784774958,29.659,121.2,0.00565,0.423,0.28966194
1554784775020,29.721,121.2,0.00565,0.425,0.2910315
1554784775066,29.767,121.2,0.00565,0.425,0.2910315
1554784775112,29.813,121.2,0.00565,0.425,0.2910315
1554784775158,29.859,121.2,0.00565,0.425,0.2910315
1554784775221,29.922,121.2,0.0056,0.42,0.2850624
1554784775267,29.968,121.2,0.0056,0.42,0.2850624
1554784775313,30.014,121.2,0.0056,0.42,0.2850624
1554784775359,30.06,121.2,0.0056,0.42,0.2850624
1554784775420,30.121,121.1,0.00565,0.423,0.289422945
1554784775466,30.167,121.1,0.00565,0.423,0.289422945
1554784775512,30.213,121.1,0.00565,0.423,0.289422945
1554784775559,30.26,121.1,0.00565,0.423,0.289422945
1554784775620,30.321,121.2,0.00563,0.422,0.287954232
1554784775666,30.367,121.2,0.00563,0.422,0.287954232
1554784775712,30.413,121.2,0.00563,0.422,0.287954232
1554784775758,30.459,121.2,0.00563,0.422,0.287954232
1554784775820,30.521,121.2,0.00566,0.423,0.290174616
1554784775866,30.567,121.2,0.00566,0.423,0.290174616
1554784775912,30.613,121.2,0.00566,0.423,0.290174616
1554784775959,30.66,121.2,0.00566,0.423,0.290174616
1554784776021,30.722,121.2,0.00559,0.421,0.285230868
1554784776067,30.768,121.2,0.00559,0.421,0.285230868
1554784776113,30.814,121.2,0.00559,0.421,0.285230868
1554784776159,30.86,121.2,0.00559,0.421,0.285230868
1554784776221,30.922,121.1,0.00557,0.425,0.286673975
1554784776267,30.968,121.1,0.00557,0.425,0.286673975
1554784776313,31.014,121.1,0.00557,0.425,0.286673975
1554784776359,31.06,121.1,0.00557,0.425,0.286673975
1554784776421,31.122,121.1,0.00561,0.422,0.286694562
1554784776467,31.168,121.1,0.00561,0.422,0.286694562
1554784776513,31.214,121.1,0.00561,0.422,0.286694562
1554784776559,31.26,121.1,0.00561,0.422,0.286694562
1554784776620,31.321,121.1,0.00567,0.419,0.287700903
1554784776667,31.368,121.1,0.00567,0.419,0.287700903
1554784776713,31.414,121.1,0.00567,0.419,0.287700903
1554784776759,31.46,121.1,0.00567,0.419,0.287700903
1554784776821,31.522,121.2,0.00563,0.422,0.287954232
1554784776867,31.568,121.2,0.00563,0.422,0.287954232
1554784776913,31.614,121.2,0.00563,0.422,0.287954232
1554784776959,31.66,121.2,0.00563,0.422,0.287954232
1554784777021,31.722,121.2,0.00564,0.422,0.288465696
1554784777067,31.768,121.2,0.00564,0.422,0.288465696
1554784777113,31.814,121.2,0.00564,0.422,0.288465696
1554784777159,31.86,121.2,0.00564,0.422,0.288465696
1554784777221,31.922,121.2,0.00564,0.421,0.287782128
1554784777267,31.968,121.2,0.00564,0.421,0.287782128
1554784777313,32.014,121.2,0.00564,0.421,0.287782128
1554784777359,32.06,121.2,0.00564,0.421,0.287782128
1554784777420,32.121,121.2,0.00566,0.421,0.288802632
1554784777467,32.168,121.2,0.00566,0.421,0.288802632
1554784777513,32.214,121.2,0.00566,0.421,0.288802632
1554784777559,32.26,121.2,0.00566,0.421,0.288802632
1554784777621,32.322,121.2,0.00572,0.421,0.291864144
1554784777667,32.368,121.2,0.00572,0.421,0.291864144
1554784777713,32.414,121.2,0.00572,0.421,0.291864144
1554784777759,32.46,121.2,0.00572,0.421,0.291864144
1554784777821,32.522,121.2,0.00568,0.422,0.290511552
1554784777867,32.568,121.2,0.00568,0.422,0.290511552
1554784777913,32.614,121.2,0.00568,0.422,0.290511552
1554784777959,32.66,121.2,0.00568,0.422,0.290511552
1554784778020,32.721,121.2,0.00568,0.425,0.2925768
1554784778066,32.767,121.2,0.00568,0.425,0.2925768
1554784778112,32.813,121.2,0.00568,0.425,0.2925768
1554784778158,32.859,121.2,0.00568,0.425,0.2925768
1554784778219,32.92,121.2,0.00569,0.421,0.290333388
1554784778265,32.966,121.2,0.00569,0.421,0.290333388
1554784778311,33.012,121.2,0.00569,0.421,0.290333388
1554784778357,33.058,121.2,0.00569,0.421,0.290333388
1554784778419,33.12,121.3,0.00569,0.422,0.291263134
1554784778466,33.167,121.3,0.00569,0.422,0.291263134
1554784778512,33.213,121.3,0.00569,0.422,0.291263134
1554784778558,33.259,121.3,0.00569,0.422,0.291263134
1554784778619,33.32,121.2,0.00573,0.42,0.29167992
1554784778665,33.366,121.2,0.00573,0.42,0.29167992
1554784778711,33.412,121.2,0.00573,0.42,0.29167992
1554784778757,33.458,121.2,0.00573,0.42,0.29167992
1554784778820,33.521,121.2,0.00566,0.424,0.290860608
1554784778866,33.567,121.2,0.00566,0.424,0.290860608
1554784778912,33.613,121.2,0.00566,0.424,0.290860608
1554784778958,33.659,121.2,0.00566,0.424,0.290860608
1554784779019,33.72,121.2,0.00566,0.424,0.290860608
1554784779066,33.767,121.2,0.00566,0.424,0.290860608
1554784779112,33.813,121.2,0.00566,0.424,0.290860608
1554784779158,33.859,121.2,0.00566,0.424,0.290860608
1554784779220,33.921,121.2,0.00563,0.422,0.287954232
1554784779266,33.967,121.2,0.00563,0.422,0.287954232
1554784779312,34.013,121.2,0.00563,0.422,0.287954232
1554784779358,34.059,121.2,0.00563,0.422,0.287954232
1554784779419,34.12,121.2,0.00564,0.421,0.287782128
1554784779465,34.166,121.2,0.00564,0.421,0.287782128
1554784779511,34.212,121.2,0.00564,0.421,0.287782128
1554784779557,34.258,121.2,0.00564,0.421,0.287782128
1554784779620,34.321,121.2,0.00564,0.424,0.289832832
1554784779666,34.367,121.2,0.00564,0.424,0.289832832
1554784779712,34.413,121.2,0.00564,0.424,0.289832832
1554784779758,34.459,121.2,0.00564,0.424,0.289832832
1554784779819,34.52,121.2,0.00563,0.423,0.288636588
1554784779865,34.566,121.2,0.00563,0.423,0.288636588
1554784779911,34.612,121.2,0.00563,0.423,0.288636588
1554784779957,34.658,121.2,0.00563,0.423,0.288636588
1554784780020,34.721,121.2,0.00561,0.421,0.286251372
1554784780066,34.767,121.2,0.00561,0.421,0.286251372
1554784780112,34.813,121.2,0.00561,0.421,0.286251372
1554784780158,34.859,121.2,0.00561,0.421,0.286251372
1554784780219,34.92,121.1,0.0056,0.422,0.28618352
1554784780265,34.966,121.1,0.0056,0.422,0.28618352
1554784780311,35.012,121.1,0.0056,0.422,0.28618352
1554784780358,35.059,121.1,0.0056,0.422,0.28618352
1554784780420,35.121,121.1,0.00558,0.424,0.286512912
1554784780466,35.167,121.1,0.00558,0.424,0.286512912
1554784780512,35.213,121.1,0.00558,0.424,0.286512912
1554784780558,35.259,121.1,0.00558,0.424,0.286512912
1554784780619,35.32,121.1,0.00565,0.42,0.2873703
1554784780665,35.366,121.1,0.00565,0.42,0.2873703
1554784780711,35.412,121.1,0.00565,0.42,0.2873703
1554784780758,35.459,121.1,0.00565,0.42,0.2873703
1554784780820,35.521,121.2,0.00564,0.422,0.288465696
1554784780866,35.567,121.2,0.00564,0.422,0.288465696
1554784780912,35.613,121.2,0.00564,0.422,0.288465696
1554784780958,35.659,121.2,0.00564,0.422,0.288465696
1554784781019,35.72,121.2,0.00559,0.424,0.287263392
1554784781065,35.766,121.2,0.00559,0.424,0.287263392
1554784781112,35.813,121.2,0.00559,0.424,0.287263392
1554784781158,35.859,121.2,0.00559,0.424,0.287263392
1554784781219,35.92,121.2,0.00559,0.426,0.288618408
1554784781265,35.966,121.2,0.00559,0.426,0.288618408
1554784781311,36.012,121.2,0.00559,0.426,0.288618408
1554784781357,36.058,121.2,0.00559,0.426,0.288618408
1554784781419,36.12,121.1,0.00562,0.425,0.28924735
1554784781465,36.166,121.1,0.00562,0.425,0.28924735
1554784781511,36.212,121.1,0.00562,0.425,0.28924735
1554784781557,36.258,121.1,0.00562,0.425,0.28924735
1554784781620,36.321,121.2,0.00565,0.425,0.2910315
1554784781666,36.367,121.2,0.00565,0.425,0.2910315
1554784781712,36.413,121.2,0.00565,0.425,0.2910315
1554784781758,36.459,121.2,0.00565,0.425,0.2910315
1554784781819,36.52,121.2,0.00566,0.425,0.2915466
1554784781865,36.566,121.2,0.00566,0.425,0.2915466
1554784781911,36.612,121.2,0.00566,0.425,0.2915466
1554784781957,36.658,121.2,0.00566,0.425,0.2915466
1554784782020,36.721,121.2,0.00569,0.421,0.290333388
1554784782067,36.768,121.2,0.00569,0.421,0.290333388
1554784782113,36.814,121.2,0.00569,0.421,0.290333388
1554784782159,36.86,121.2,0.00569,0.421,0.290333388
1554784782219,36.92,121.2,0.0057,0.422,0.29153448
1554784782265,36.966,121.2,0.0057,0.422,0.29153448
1554784782311,37.012,121.2,0.0057,0.422,0.29153448
1554784782357,37.058,121.2,0.0057,0.422,0.29153448
1554784782420,37.121,121.3,0.0057,0.423,0.29246643
1554784782466,37.167,121.3,0.0057,0.423,0.29246643
1554784782512,37.213,121.3,0.0057,0.423,0.29246643
1554784782558,37.259,121.3,0.0057,0.423,0.29246643
1554784782619,37.32,121.2,0.00571,0.421,0.291353892
1554784782665,37.366,121.2,0.00571,0.421,0.291353892
1554784782712,37.413,121.2,0.00571,0.421,0.291353892
1554784782758,37.459,121.2,0.00571,0.421,0.291353892
1554784782819,37.52,121.2,0.00573,0.421,0.292374396
1554784782865,37.566,121.2,0.00573,0.421,0.292374396
1554784782911,37.612,121.2,0.00573,0.421,0.292374396
1554784782957,37.658,121.2,0.00573,0.421,0.292374396
1554784783020,37.721,121.2,0.00568,0.42,0.28913472
1554784783066,37.767,121.2,0.00568,0.42,0.28913472
1554784783112,37.813,121.2,0.00568,0.42,0.28913472
1554784783158,37.859,121.2,0.00568,0.42,0.28913472
1554784783219,37.92,121.2,0.00566,0.421,0.288802632
1554784783265,37.966,121.2,0.00566,0.421,0.288802632
1554784783311,38.012,121.2,0.00566,0.421,0.288802632
1554784783358,38.059,121.2,0.00566,0.421,0.288802632
1554784783419,38.12,121.2,0.00565,0.423,0.28966194
1554784783465,38.166,121.2,0.00565,0.423,0.28966194
1554784783511,38.212,121.2,0.00565,0.423,0.28966194
1554784783557,38.258,121.2,0.00565,0.423,0.28966194
1554784783619,38.32,121.1,0.00565,0.422,0.28873873
1554784783665,38.366,121.1,0.00565,0.422,0.28873873
1554784783711,38.412,121.1,0.00565,0.422,0.28873873
1554784783757,38.458,121.1,0.00565,0.422,0.28873873
1554784783820,38.521,121.1,0.0057,0.422,0.29129394
1554784783866,38.567,121.1,0.0057,0.422,0.29129394
1554784783912,38.613,121.1,0.0057,0.422,0.29129394
1554784783958,38.659,121.1,0.0057,0.422,0.29129394
1554784784019,38.72,121.2,0.00565,0.421,0.28829238
1554784784065,38.766,121.2,0.00565,0.421,0.28829238
1554784784112,38.813,121.2,0.00565,0.421,0.28829238
1554784784158,38.859,121.2,0.00565,0.421,0.28829238
1554784784219,38.92,121.2,0.0056,0.422,0.28641984
1554784784265,38.966,121.2,0.0056,0.422,0.28641984
1554784784311,39.012,121.2,0.0056,0.422,0.28641984
1554784784357,39.058,121.2,0.0056,0.422,0.28641984
1554784784419,39.12,121.2,0.00559,0.422,0.285908376
1554784784465,39.166,121.2,0.00559,0.422,0.285908376
1554784784511,39.212,121.2,0.00559,0.422,0.285908376
1554784784557,39.258,121.2,0.00559,0.422,0.285908376
1554784784618,39.319,121.2,0.00564,0.422,0.288465696
1554784784664,39.365,121.2,0.00564,0.422,0.288465696
1554784784710,39.411,121.2,0.00564,0.422,0.288465696
1554784784756,39.457,121.2,0.00564,0.422,0.288465696
1554784784819,39.52,121.2,0.00567,0.421,0.289312884
1554784784864,39.565,121.2,0.00567,0.421,0.289312884
1554784784911,39.612,121.2,0.00567,0.421,0.289312884
1554784784957,39.658,121.2,0.00567,0.421,0.289312884
1554784785019,39.72,121.2,0.00571,0.416,0.287893632
1554784785065,39.766,121.2,0.00571,0.416,0.287893632
1554784785111,39.812,121.2,0.00571,0.416,0.287893632
1554784785157,39.858,121.2,0.00571,0.416,0.287893632
1554784785219,39.92,121.2,0.00568,0.419,0.288446304
1554784785265,39.966,121.2,0.00568,0.419,0.288446304
1554784785311,40.012,121.2,0.00568,0.419,0.288446304
1554784785357,40.058,121.2,0.00568,0.419,0.288446304
1554784785419,40.12,121.1,0.00565,0.42,0.2873703
1554784785466,40.167,121.1,0.00565,0.42,0.2873703
1554784785512,40.213,121.1,0.00565,0.42,0.2873703
1554784785558,40.259,121.1,0.00565,0.42,0.2873703
1554784785619,40.32,121.2,0.00565,0.423,0.28966194
1554784785665,40.366,121.2,0.00565,0.423,0.28966194
1554784785711,40.412,121.2,0.00565,0.423,0.28966194
1554784785757,40.458,121.2,0.00565,0.423,0.28966194
1554784785818,40.519,121.2,0.00565,0.424,0.29034672
1554784785864,40.565,121.2,0.00565,0.424,0.29034672
1554784785910,40.611,121.2,0.00565,0.424,0.29034672
1554784785957,40.658,121.2,0.00565,0.424,0.29034672
1554784786019,40.72,121.2,0.00568,0.424,0.291888384
1554784786065,40.766,121.2,0.00568,0.424,0.291888384
1554784786111,40.812,121.2,0.00568,0.424,0.291888384
1554784786157,40.858,121.2,0.00568,0.424,0.291888384
1554784786218,40.919,121.2,0.00567,0.425,0.2920617
1554784786264,40.965,121.2,0.00567,0.425,0.2920617
1554784786311,41.012,121.2,0.00567,0.425,0.2920617
1554784786357,41.058,121.2,0.00567,0.425,0.2920617
1554784786419,41.12,121.2,0.00569,0.423,0.291712644
1554784786466,41.167,121.2,0.00569,0.423,0.291712644
1554784786512,41.213,121.2,0.00569,0.423,0.291712644
1554784786559,41.26,121.2,0.00569,0.423,0.291712644
1554784786618,41.319,121.2,0.0057,0.422,0.29153448
1554784786664,41.365,121.2,0.0057,0.422,0.29153448
1554784786711,41.412,121.2,0.0057,0.422,0.29153448
1554784786757,41.458,121.2,0.0057,0.422,0.29153448
1554784786819,41.52,121.2,0.00566,0.425,0.2915466
1554784786866,41.567,121.2,0.00566,0.425,0.2915466
1554784786912,41.613,121.2,0.00566,0.425,0.2915466
1554784786958,41.659,121.2,0.00566,0.425,0.2915466
1554784787018,41.719,121.2,0.00565,0.424,0.29034672
1554784787064,41.765,121.2,0.00565,0.424,0.29034672
1554784787111,41.812,121.2,0.00565,0.424,0.29034672
1554784787157,41.858,121.2,0.00565,0.424,0.29034672
1554784787219,41.92,121.3,0.00565,0.423,0.289900935
1554784787265,41.966,121.3,0.00565,0.423,0.289900935
1554784787311,42.012,121.3,0.00565,0.423,0.289900935
1554784787357,42.058,121.3,0.00565,0.423,0.289900935
1554784787418,42.119,121.2,0.00565,0.418,0.28623804
1554784787464,42.165,121.2,0.00565,0.418,0.28623804
1554784787511,42.212,121.2,0.00565,0.418,0.28623804
1554784787557,42.258,121.2,0.00565,0.418,0.28623804
1554784787619,42.32,121.2,0.00564,0.421,0.287782128
1554784787665,42.366,121.2,0.00564,0.421,0.287782128
1554784787711,42.412,121.2,0.00564,0.421,0.287782128
1554784787757,42.458,121.2,0.00564,0.421,0.287782128
1554784787818,42.519,121.2,0.00561,0.425,0.2889711
1554784787864,42.565,121.2,0.00561,0.425,0.2889711
1554784787910,42.611,121.2,0.00561,0.425,0.2889711
1554784787956,42.657,121.2,0.00561,0.425,0.2889711
1554784788019,42.72,121.2,0.00557,0.425,0.2869107
1554784788065,42.766,121.2,0.00557,0.425,0.2869107
1554784788111,42.812,121.2,0.00557,0.425,0.2869107
1554784788157,42.858,121.2,0.00557,0.425,0.2869107
1554784788218,42.919,121.2,0.00556,0.424,0.285721728
1554784788264,42.965,121.2,0.00556,0.424,0.285721728
1554784788310,43.011,121.2,0.00556,0.424,0.285721728
1554784788356,43.057,121.2,0.00556,0.424,0.285721728
1554784788419,43.12,121.1,0.00553,0.424,0.283945592
1554784788465,43.166,121.1,0.00553,0.424,0.283945592
1554784788511,43.212,121.1,0.00553,0.424,0.283945592
1554784788557,43.258,121.1,0.00553,0.424,0.283945592
1554784788619,43.32,121.1,0.00564,0.421,0.287544684
1554784788665,43.366,121.1,0.00564,0.421,0.287544684
1554784788711,43.412,121.1,0.00564,0.421,0.287544684
1554784788757,43.458,121.1,0.00564,0.421,0.287544684
1554784788820,43.521,121.1,0.00561,0.424,0.288053304
1554784788866,43.567,121.1,0.00561,0.424,0.288053304
1554784788912,43.613,121.1,0.00561,0.424,0.288053304
1554784788958,43.659,121.1,0.00561,0.424,0.288053304
1554784789019,43.72,121.1,0.00564,0.423,0.288910692
1554784789065,43.766,121.1,0.00564,0.423,0.288910692
1554784789111,43.812,121.1,0.00564,0.423,0.288910692
1554784789158,43.859,121.1,0.00564,0.423,0.288910692
1554784789219,43.92,121.1,0.00561,0.421,0.286015191
1554784789265,43.966,121.1,0.00561,0.421,0.286015191
1554784789311,44.012,121.1,0.00561,0.421,0.286015191
1554784789357,44.058,121.1,0.00561,0.421,0.286015191
1554784789419,44.12,121.1,0.00566,0.422,0.289249772
1554784789465,44.166,121.1,0.00566,0.422,0.289249772
1554784789511,44.212,121.1,0.00566,0.422,0.289249772
1554784789557,44.258,121.1,0.00566,0.422,0.289249772
1554784789620,44.321,121.1,0.0057,0.425,0.29336475
1554784789666,44.367,121.1,0.0057,0.425,0.29336475
1554784789712,44.413,121.1,0.0057,0.425,0.29336475
1554784789758,44.459,121.1,0.0057,0.425,0.29336475
1554784789819,44.52,121.1,0.00568,0.422,0.290271856
1554784789865,44.566,121.1,0.00568,0.422,0.290271856
1554784789911,44.612,121.1,0.00568,0.422,0.290271856
1554784789957,44.658,121.1,0.00568,0.422,0.290271856
1554784790019,44.72,121.1,0.00571,0.424,0.293187944
1554784790066,44.767,121.1,0.00571,0.424,0.293187944
1554784790112,44.813,121.1,0.00571,0.424,0.293187944
1554784790158,44.859,121.1,0.00571,0.424,0.293187944
1554784790219,44.92,121.2,0.00566,0.424,0.290860608
1554784790265,44.966,121.2,0.00566,0.424,0.290860608
1554784790311,45.012,121.2,0.00566,0.424,0.290860608
1554784790357,45.058,121.2,0.00566,0.424,0.290860608
1554784790419,45.12,121.2,0.00568,0.423,0.291199968
1554784790466,45.167,121.2,0.00568,0.423,0.291199968
1554784790512,45.213,121.2,0.00568,0.423,0.291199968
1554784790558,45.259,121.2,0.00568,0.423,0.291199968
1554784790619,45.32,121.2,0.0057,0.424,0.29291616
1554784790665,45.366,121.2,0.0057,0.424,0.29291616
1554784790711,45.412,121.2,0.0057,0.424,0.29291616
1554784790758,45.459,121.2,0.0057,0.424,0.29291616
1554784790819,45.52,121.2,0.00572,0.425,0.2946372
1554784790865,45.566,121.2,0.00572,0.425,0.2946372
1554784790911,45.612,121.2,0.00572,0.425,0.2946372
1554784790957,45.658,121.2,0.00572,0.425,0.2946372
1554784791018,45.719,121.2,0.00567,0.421,0.289312884
1554784791064,45.765,121.2,0.00567,0.421,0.289312884
1554784791110,45.811,121.2,0.00567,0.421,0.289312884
1554784791156,45.857,121.2,0.00567,0.421,0.289312884
1554784791219,45.92,121.2,0.00564,0.424,0.289832832
1554784791265,45.966,121.2,0.00564,0.424,0.289832832
1554784791311,46.012,121.2,0.00564,0.424,0.289832832
1554784791357,46.058,121.2,0.00564,0.424,0.289832832
1554784791418,46.119,121.2,0.00564,0.423,0.289149264
1554784791464,46.165,121.2,0.00564,0.423,0.289149264
1554784791510,46.211,121.2,0.00564,0.423,0.289149264
1554784791556,46.257,121.2,0.00564,0.423,0.289149264
1554784791618,46.319,121.2,0.00564,0.423,0.289149264
1554784791665,46.366,121.2,0.00564,0.423,0.289149264
1554784791711,46.412,121.2,0.00564,0.423,0.289149264
1554784791757,46.458,121.2,0.00564,0.423,0.289149264
1554784791819,46.52,121.2,0.00566,0.424,0.290860608
1554784791865,46.566,121.2,0.00566,0.424,0.290860608
1554784791911,46.612,121.2,0.00566,0.424,0.290860608
1554784791957,46.659,121.2,0.00566,0.424,0.290860608
1554784792019,46.72,121.2,0.00564,0.421,0.287782128
1554784792065,46.766,121.2,0.00564,0.421,0.287782128
1554784792111,46.812,121.2,0.00564,0.421,0.287782128
1554784792157,46.858,121.2,0.00564,0.421,0.287782128
1554784792218,46.919,121.2,0.00565,0.42,0.2876076
1554784792264,46.965,121.2,0.00565,0.42,0.2876076
1554784792310,47.011,121.2,0.00565,0.42,0.2876076
1554784792356,47.057,121.2,0.00565,0.42,0.2876076
1554784792418,47.119,121.2,0.00562,0.42,0.28608048
1554784792464,47.165,121.2,0.00562,0.42,0.28608048
1554784792511,47.212,121.2,0.00562,0.42,0.28608048
1554784792557,47.258,121.2,0.00562,0.42,0.28608048
1554784792619,47.32,121.2,0.00564,0.42,0.28709856
1554784792665,47.366,121.2,0.00564,0.42,0.28709856
1554784792711,47.412,121.2,0.00564,0.42,0.28709856
1554784792757,47.458,121.2,0.00564,0.42,0.28709856
1554784792818,47.519,121.2,0.00562,0.422,0.287442768
1554784792865,47.566,121.2,0.00562,0.422,0.287442768
1554784792911,47.612,121.2,0.00562,0.422,0.287442768
1554784792957,47.658,121.2,0.00562,0.422,0.287442768
1554784793018,47.719,121.2,0.00564,0.423,0.289149264
1554784793064,47.765,121.2,0.00564,0.423,0.289149264
1554784793110,47.811,121.2,0.00564,0.423,0.289149264
1554784793156,47.857,121.2,0.00564,0.423,0.289149264
1554784793219,47.92,121.2,0.00563,0.422,0.287954232
1554784793265,47.966,121.2,0.00563,0.422,0.287954232
1554784793311,48.012,121.2,0.00563,0.422,0.287954232
1554784793357,48.058,121.2,0.00563,0.422,0.287954232
1554784793418,48.119,121.1,0.00565,0.421,0.288054515
1554784793464,48.165,121.1,0.00565,0.421,0.288054515
1554784793511,48.212,121.1,0.00565,0.421,0.288054515
1554784793557,48.258,121.1,0.00565,0.421,0.288054515
1554784793618,48.319,121.1,0.00564,0.424,0.289593696
1554784793664,48.365,121.1,0.00564,0.424,0.289593696
1554784793710,48.411,121.1,0.00564,0.424,0.289593696
1554784793756,48.457,121.1,0.00564,0.424,0.289593696
1554784793818,48.519,121.1,0.00572,0.42,0.29093064
1554784793864,48.565,121.1,0.00572,0.42,0.29093064
1554784793910,48.611,121.1,0.00572,0.42,0.29093064
1554784793956,48.657,121.1,0.00572,0.42,0.29093064
1554784794018,48.719,121.1,0.00572,0.418,0.289545256
1554784794065,48.766,121.1,0.00572,0.418,0.289545256
1554784794111,48.812,121.1,0.00572,0.418,0.289545256
1554784794157,48.858,121.1,0.00572,0.418,0.289545256
1554784794218,48.919,121.1,0.00568,0.422,0.290271856
1554784794264,48.965,121.1,0.00568,0.422,0.290271856
1554784794310,49.011,121.1,0.00568,0.422,0.290271856
1554784794356,49.057,121.1,0.00568,0.422,0.290271856
1554784794417,49.118,121.1,0.00575,0.421,0.293152825
1554784794463,49.164,121.1,0.00575,0.421,0.293152825
1554784794509,49.21,121.1,0.00575,0.421,0.293152825
1554784794555,49.256,121.1,0.00575,0.421,0.293152825
1554784794618,49.319,121.1,0.00575,0.421,0.293152825
1554784794664,49.365,121.1,0.00575,0.421,0.293152825
1554784794710,49.411,121.1,0.00575,0.421,0.293152825
1554784794756,49.457,121.1,0.00575,0.421,0.293152825
1554784794818,49.519,121.2,0.00575,0.422,0.2940918
1554784794865,49.566,121.2,0.00575,0.422,0.2940918
1554784794911,49.612,121.2,0.00575,0.422,0.2940918
1554784794957,49.658,121.2,0.00575,0.422,0.2940918
1554784795018,49.719,121.2,0.00573,0.42,0.29167992
1554784795064,49.765,121.2,0.00573,0.42,0.29167992
1554784795110,49.811,121.2,0.00573,0.42,0.29167992
1554784795156,49.857,121.2,0.00573,0.42,0.29167992
1554784795217,49.918,121.2,0.00568,0.419,0.288446304
1554784795264,49.965,121.2,0.00568,0.419,0.288446304
1554784795310,50.011,121.2,0.00568,0.419,0.288446304
1554784795356,50.057,121.2,0.00568,0.419,0.288446304
1554784795418,50.119,121.2,0.00566,0.421,0.288802632
1554784795464,50.165,121.2,0.00566,0.421,0.288802632
1554784795511,50.212,121.2,0.00566,0.421,0.288802632
1554784795557,50.258,121.2,0.00566,0.421,0.288802632
1554784795618,50.319,121.2,0.00568,0.42,0.28913472
1554784795664,50.365,121.2,0.00568,0.42,0.28913472
1554784795710,50.411,121.2,0.00568,0.42,0.28913472
1554784795756,50.457,121.2,0.00568,0.42,0.28913472
1554784795817,50.518,121.3,0.00566,0.422,0.289727476
1554784795863,50.564,121.3,0.00566,0.422,0.289727476
1554784795910,50.611,121.3,0.00566,0.422,0.289727476
1554784795956,50.657,121.3,0.00566,0.422,0.289727476
1554784796018,50.719,121.3,0.00563,0.422,0.288191818
1554784796064,50.765,121.3,0.00563,0.422,0.288191818
1554784796111,50.812,121.3,0.00563,0.422,0.288191818
1554784796157,50.858,121.3,0.00563,0.422,0.288191818
1554784796218,50.919,121.3,0.00566,0.419,0.287667802
1554784796264,50.965,121.3,0.00566,0.419,0.287667802
1554784796310,51.011,121.3,0.00566,0.419,0.287667802
1554784796356,51.057,121.3,0.00566,0.419,0.287667802
1554784796417,51.118,121.2,0.00561,0.418,0.284211576
1554784796463,51.164,121.2,0.00561,0.418,0.284211576
1554784796509,51.21,121.2,0.00561,0.418,0.284211576
1554784796555,51.256,121.2,0.00561,0.418,0.284211576
1554784796618,51.319,121.2,0.00564,0.421,0.287782128
1554784796664,51.365,121.2,0.00564,0.421,0.287782128
1554784796710,51.411,121.2,0.00564,0.421,0.287782128
1554784796756,51.457,121.2,0.00564,0.421,0.287782128
1554784796818,51.519,121.2,0.00563,0.42,0.28658952
1554784796864,51.565,121.2,0.00563,0.42,0.28658952
1554784796910,51.611,121.2,0.00563,0.42,0.28658952
1554784796956,51.657,121.2,0.00563,0.42,0.28658952
1554784797018,51.719,121.2,0.00565,0.422,0.28897716
1554784797064,51.765,121.2,0.00565,0.422,0.28897716
1554784797110,51.811,121.2,0.00565,0.422,0.28897716
1554784797156,51.857,121.2,0.00565,0.422,0.28897716
1554784797218,51.919,121.2,0.00569,0.418,0.288264504
1554784797264,51.965,121.2,0.00569,0.418,0.288264504
1554784797310,52.011,121.2,0.00569,0.418,0.288264504
1554784797357,52.058,121.2,0.00569,0.418,0.288264504
1554784797418,52.119,121.2,0.00564,0.423,0.289149264
1554784797464,52.165,121.2,0.00564,0.423,0.289149264
1554784797510,52.211,121.2,0.00564,0.423,0.289149264
1554784797556,52.257,121.2,0.00564,0.423,0.289149264
1554784797617,52.318,121.1,0.00562,0.426,0.289927932
1554784797663,52.364,121.1,0.00562,0.426,0.289927932
1554784797709,52.41,121.1,0.00562,0.426,0.289927932
1554784797755,52.456,121.1,0.00562,0.426,0.289927932
1554784797817,52.518,121.1,0.00568,0.421,0.289584008
1554784797864,52.565,121.1,0.00568,0.421,0.289584008
1554784797910,52.611,121.1,0.00568,0.421,0.289584008
1554784797956,52.657,121.1,0.00568,0.421,0.289584008
1554784798017,52.718,121.1,0.0057,0.422,0.29129394
1554784798063,52.764,121.1,0.0057,0.422,0.29129394
1554784798109,52.81,121.1,0.0057,0.422,0.29129394
1554784798155,52.856,121.1,0.0057,0.422,0.29129394
1554784798217,52.918,121.2,0.00568,0.423,0.291199968
1554784798263,52.964,121.2,0.00568,0.423,0.291199968
1554784798309,53.01,121.2,0.00568,0.423,0.291199968
1554784798355,53.056,121.2,0.00568,0.423,0.291199968
1554784798418,53.119,121.1,0.00571,0.421,0.291113501
1554784798464,53.165,121.1,0.00571,0.421,0.291113501
1554784798510,53.211,121.1,0.00571,0.421,0.291113501
1554784798556,53.257,121.1,0.00571,0.421,0.291113501
1554784798617,53.318,121.1,0.00572,0.421,0.291623332
1554784798664,53.365,121.1,0.00572,0.421,0.291623332
1554784798709,53.41,121.1,0.00572,0.421,0.291623332
1554784798755,53.456,121.1,0.00572,0.421,0.291623332
1554784798818,53.519,121.2,0.00566,0.421,0.288802632
1554784798864,53.565,121.2,0.00566,0.421,0.288802632
1554784798910,53.611,121.2,0.00566,0.421,0.288802632
1554784798956,53.657,121.2,0.00566,0.421,0.288802632
1554784799018,53.719,121.2,0.0057,0.422,0.29153448
1554784799064,53.765,121.2,0.0057,0.422,0.29153448
1554784799110,53.811,121.2,0.0057,0.422,0.29153448
1554784799156,53.857,121.2,0.0057,0.422,0.29153448
1554784799217,53.918,121.2,0.00568,0.419,0.288446304
1554784799263,53.964,121.2,0.00568,0.419,0.288446304
1554784799309,54.01,121.2,0.00568,0.419,0.288446304
1554784799356,54.057,121.2,0.00568,0.419,0.288446304
1554784799418,54.119,121.2,0.00567,0.42,0.28862568
1554784799464,54.165,121.2,0.00567,0.42,0.28862568
1554784799510,54.211,121.2,0.00567,0.42,0.28862568
1554784799556,54.257,121.2,0.00567,0.42,0.28862568
1554784799617,54.318,121.2,0.00571,0.42,0.29066184
1554784799663,54.364,121.2,0.00571,0.42,0.29066184
1554784799710,54.411,121.2,0.00571,0.42,0.29066184
1554784799756,54.457,121.2,0.00571,0.42,0.29066184
1554784799817,54.518,121.3,0.00568,0.421,0.290062264
1554784799863,54.564,121.3,0.00568,0.421,0.290062264
1554784799909,54.61,121.3,0.00568,0.421,0.290062264
1554784799955,54.656,121.3,0.00568,0.421,0.290062264
1554784800018,54.719,121.3,0.00563,0.422,0.288191818
1554784800064,54.765,121.3,0.00563,0.422,0.288191818
1554784800110,54.811,121.3,0.00563,0.422,0.288191818
1554784800156,54.857,121.3,0.00563,0.422,0.288191818
1554784800217,54.918,121.3,0.00562,0.421,0.286998226
1554784800263,54.964,121.3,0.00562,0.421,0.286998226
1554784800310,55.011,121.3,0.00562,0.421,0.286998226
1554784800356,55.057,121.3,0.00562,0.421,0.286998226
1554784800417,55.118,121.3,0.00558,0.422,0.285632388
1554784800463,55.164,121.3,0.00558,0.422,0.285632388
1554784800509,55.21,121.3,0.00558,0.422,0.285632388
1554784800555,55.256,121.3,0.00558,0.422,0.285632388
1554784800618,55.319,121.2,0.00562,0.42,0.28608048
1554784800664,55.365,121.2,0.00562,0.42,0.28608048
1554784800710,55.411,121.2,0.00562,0.42,0.28608048
1554784800756,55.457,121.2,0.00562,0.42,0.28608048
1554784800817,55.518,121.3,0.00565,0.42,0.2878449
1554784800863,55.564,121.3,0.00565,0.42,0.2878449
1554784800909,55.611,121.3,0.00565,0.42,0.2878449
1554784800956,55.657,121.3,0.00565,0.42,0.2878449
1554784801017,55.718,121.3,0.00564,0.42,0.28733544
1554784801063,55.764,121.3,0.00564,0.42,0.28733544
1554784801109,55.81,121.3,0.00564,0.42,0.28733544
1554784801155,55.856,121.3,0.00564,0.42,0.28733544
1554784801217,55.918,121.2,0.00564,0.421,0.287782128
1554784801263,55.964,121.2,0.00564,0.421,0.287782128
1554784801309,56.01,121.2,0.00564,0.421,0.287782128
1554784801355,56.056,121.2,0.00564,0.421,0.287782128
1554784801417,56.118,121.2,0.00565,0.422,0.28897716
1554784801463,56.164,121.2,0.00565,0.422,0.28897716
1554784801509,56.21,121.2,0.00565,0.422,0.28897716
1554784801555,56.256,121.2,0.00565,0.422,0.28897716
1554784801617,56.318,121.1,0.00567,0.419,0.287700903
1554784801663,56.364,121.1,0.00567,0.419,0.287700903
1554784801709,56.41,121.1,0.00567,0.419,0.287700903
1554784801755,56.456,121.1,0.00567,0.419,0.287700903
1554784801817,56.518,121.1,0.00567,0.421,0.289074177
1554784801863,56.564,121.1,0.00567,0.421,0.289074177
1554784801910,56.611,121.1,0.00567,0.421,0.289074177
1554784801956,56.657,121.1,0.00567,0.421,0.289074177
1554784802017,56.718,121.2,0.00573,0.421,0.292374396
1554784802063,56.764,121.2,0.00573,0.421,0.292374396
1554784802109,56.81,121.2,0.00573,0.421,0.292374396
1554784802155,56.856,121.2,0.00573,0.421,0.292374396
1554784802218,56.919,121.2,0.00573,0.42,0.29167992
1554784802264,56.965,121.2,0.00573,0.42,0.29167992
1554784802310,57.011,121.2,0.00573,0.42,0.29167992
1554784802356,57.057,121.2,0.00573,0.42,0.29167992
1554784802417,57.118,121.1,0.00563,0.425,0.289762025
1554784802463,57.164,121.1,0.00563,0.425,0.289762025
1554784802509,57.21,121.1,0.00563,0.425,0.289762025
1554784802556,57.257,121.1,0.00563,0.425,0.289762025
1554784802617,57.318,121.1,0.00566,0.425,0.29130605
1554784802662,57.363,121.1,0.00566,0.425,0.29130605
1554784802708,57.41,121.1,0.00566,0.425,0.29130605
1554784802755,57.456,121.1,0.00566,0.425,0.29130605
1554784802817,57.518,121.1,0.00564,0.426,0.290959704
1554784802863,57.564,121.1,0.00564,0.426,0.290959704
1554784802909,57.61,121.1,0.00564,0.426,0.290959704
1554784802955,57.656,121.1,0.00564,0.426,0.290959704
1554784803017,57.718,121.2,0.00568,0.424,0.291888384
1554784803062,57.763,121.2,0.00568,0.424,0.291888384
1554784803108,57.81,121.2,0.00568,0.424,0.291888384
1554784803155,57.856,121.2,0.00568,0.424,0.291888384
1554784803217,57.918,121.2,0.00566,0.424,0.290860608
1554784803263,57.964,121.2,0.00566,0.424,0.290860608
1554784803309,58.01,121.2,0.00566,0.424,0.290860608
1554784803355,58.056,121.2,0.00566,0.424,0.290860608
1554784803417,58.118,121.2,0.00561,0.425,0.2889711
1554784803462,58.163,121.2,0.00561,0.425,0.2889711
1554784803508,58.21,121.2,0.00561,0.425,0.2889711
1554784803555,58.256,121.2,0.00561,0.425,0.2889711
1554784803617,58.318,121.2,0.00563,0.422,0.287954232
1554784803663,58.364,121.2,0.00563,0.422,0.287954232
1554784803709,58.41,121.2,0.00563,0.422,0.287954232
1554784803755,58.456,121.2,0.00563,0.422,0.287954232
1554784803817,58.518,121.2,0.00565,0.423,0.28966194
1554784803862,58.563,121.2,0.00565,0.423,0.28966194
1554784803909,58.61,121.2,0.00565,0.423,0.28966194
1554784803955,58.656,121.2,0.00565,0.423,0.28966194
1554784804017,58.718,121.3,0.00562,0.423,0.288361638
1554784804063,58.764,121.3,0.00562,0.423,0.288361638
1554784804109,58.81,121.3,0.00562,0.423,0.288361638
1554784804155,58.857,121.3,0.00562,0.423,0.288361638
1554784804217,58.918,121.3,0.00562,0.424,0.289043344
1554784804262,58.963,121.3,0.00562,0.424,0.289043344
1554784804309,59.01,121.3,0.00562,0.424,0.289043344
1554784804355,59.056,121.3,0.00562,0.424,0.289043344
1554784804417,59.118,121.3,0.00558,0.421,0.284955534
1554784804463,59.164,121.3,0.00558,0.421,0.284955534
1554784804509,59.211,121.3,0.00558,0.421,0.284955534
1554784804556,59.257,121.3,0.00558,0.421,0.284955534
1554784804616,59.318,121.3,0.00563,0.417,0.284777223
1554784804663,59.364,121.3,0.00563,0.417,0.284777223
1554784804712,59.413,121.3,0.00563,0.417,0.284777223
1554784804757,59.458,121.3,0.00563,0.417,0.284777223
1554784804817,59.518,121.2,0.00561,0.422,0.286931304
1554784804863,59.564,121.2,0.00561,0.422,0.286931304
1554784804909,59.611,121.2,0.00561,0.422,0.286931304
1554784804956,59.657,121.2,0.00561,0.422,0.286931304
1554784805017,59.718,121.3,0.00564,0.424,0.290071968
1554784805063,59.764,121.3,0.00564,0.424,0.290071968
1554784805109,59.81,121.3,0.00564,0.424,0.290071968
1554784805155,59.856,121.3,0.00564,0.424,0.290071968
1554784805216,59.917,121.3,0.00563,0.422,0.288191818
1554784805262,59.964,121.3,0.00563,0.422,0.288191818
1554784805309,60.01,121.3,0.00563,0.422,0.288191818
1554784805355,60.056,121.3,0.00563,0.422,0.288191818
1554784805417,60.118,121.3,0.00558,0.424,0.286986096
1554784805463,60.164,121.3,0.00558,0.424,0.286986096
1554784805509,60.21,121.3,0.00558,0.424,0.286986096
1554784805555,60.257,121.3,0.00558,0.424,0.286986096
1554784805616,60.318,121.2,0.00563,0.424,0.289318944
1554784805663,60.364,121.2,0.00563,0.424,0.289318944
1554784805709,60.41,121.2,0.00563,0.424,0.289318944
1554784805755,60.456,121.2,0.00563,0.424,0.289318944
1554784805816,60.517,121.2,0.00563,0.424,0.289318944
1554784805862,60.563,121.2,0.00563,0.424,0.289318944
1554784805908,60.609,121.2,0.00563,0.424,0.289318944
1554784805954,60.655,121.2,0.00563,0.424,0.289318944
1554784806016,60.718,121.2,0.00567,0.425,0.2920617
1554784806063,60.764,121.2,0.00567,0.425,0.2920617
1554784806109,60.81,121.2,0.00567,0.425,0.2920617
1554784806155,60.856,121.2,0.00567,0.425,0.2920617
1554784806217,60.918,121.2,0.00568,0.422,0.290511552
1554784806263,60.964,121.2,0.00568,0.422,0.290511552
1554784806309,61.01,121.2,0.00568,0.422,0.290511552
1554784806356,61.057,121.2,0.00568,0.422,0.290511552
1554784806417,61.118,121.2,0.00565,0.423,0.28966194
1554784806463,61.164,121.2,0.00565,0.423,0.28966194
1554784806509,61.21,121.2,0.00565,0.423,0.28966194
1554784806555,61.256,121.2,0.00565,0.423,0.28966194
1554784806616,61.317,121.1,0.00566,0.424,0.290620624
1554784806662,61.364,121.1,0.00566,0.424,0.290620624
1554784806709,61.41,121.1,0.00566,0.424,0.290620624
1554784806755,61.456,121.1,0.00566,0.424,0.290620624
1554784806817,61.518,121.1,0.00568,0.423,0.290959704
1554784806863,61.564,121.1,0.00568,0.423,0.290959704
1554784806909,61.61,121.1,0.00568,0.423,0.290959704
1554784806955,61.657,121.1,0.00568,0.423,0.290959704
1554784807017,61.718,121.1,0.00574,0.421,0.292642994
1554784807063,61.764,121.1,0.00574,0.421,0.292642994
1554784807109,61.81,121.1,0.00574,0.421,0.292642994
1554784807155,61.856,121.1,0.00574,0.421,0.292642994
1554784807216,61.917,121.2,0.00568,0.421,0.289823136
1554784807262,61.964,121.2,0.00568,0.421,0.289823136
1554784807309,62.01,121.2,0.00568,0.421,0.289823136
1554784807355,62.056,121.2,0.00568,0.421,0.289823136
1554784807416,62.117,121.2,0.00564,0.422,0.288465696
1554784807462,62.163,121.2,0.00564,0.422,0.288465696
1554784807508,62.209,121.2,0.00564,0.422,0.288465696
1554784807554,62.255,121.2,0.00564,0.422,0.288465696
1554784807617,62.318,121.2,0.00559,0.425,0.2879409
1554784807663,62.364,121.2,0.00559,0.425,0.2879409
1554784807714,62.415,121.2,0.00559,0.425,0.2879409
1554784807760,62.461,121.2,0.00559,0.425,0.2879409
1554784807817,62.518,121.2,0.00562,0.426,0.290167344
1554784807863,62.564,121.2,0.00562,0.426,0.290167344
1554784807909,62.61,121.2,0.00562,0.426,0.290167344
1554784807955,62.656,121.2,0.00562,0.426,0.290167344
1554784808016,62.717,121.2,0.0056,0.425,0.288456
1554784808062,62.763,121.2,0.0056,0.425,0.288456
1554784808108,62.809,121.2,0.0056,0.425,0.288456
1554784808154,62.855,121.2,0.0056,0.425,0.288456
1554784808217,62.918,121.3,0.0056,0.425,0.288694
1554784808263,62.964,121.3,0.0056,0.425,0.288694
1554784808310,63.011,121.3,0.0056,0.425,0.288694
1554784808356,63.057,121.3,0.0056,0.425,0.288694
1554784808416,63.117,121.3,0.00559,0.423,0.286822341
1554784808462,63.163,121.3,0.00559,0.423,0.286822341
1554784808508,63.209,121.3,0.00559,0.423,0.286822341
1554784808554,63.255,121.3,0.00559,0.423,0.286822341
1554784808616,63.318,121.3,0.00559,0.423,0.286822341
1554784808663,63.364,121.3,0.00559,0.423,0.286822341
1554784808709,63.41,121.3,0.00559,0.423,0.286822341
1554784808755,63.456,121.3,0.00559,0.423,0.286822341
1554784808816,63.517,121.3,0.00561,0.424,0.288529032
1554784808862,63.563,121.3,0.00561,0.424,0.288529032
1554784808908,63.609,121.3,0.00561,0.424,0.288529032
1554784808954,63.655,121.3,0.00561,0.424,0.288529032
1554784809016,63.718,121.3,0.00559,0.427,0.289534609
1554784809063,63.764,121.3,0.00559,0.427,0.289534609
1554784809109,63.81,121.3,0.00559,0.427,0.289534609
1554784809155,63.856,121.3,0.00559,0.427,0.289534609
1554784809217,63.918,121.3,0.0056,0.425,0.288694
1554784809263,63.964,121.3,0.0056,0.425,0.288694
1554784809309,64.01,121.3,0.0056,0.425,0.288694
1554784809355,64.056,121.3,0.0056,0.425,0.288694
1554784809417,64.118,121.2,0.00562,0.423,0.288123912
1554784809463,64.164,121.2,0.00562,0.423,0.288123912
1554784809509,64.21,121.2,0.00562,0.423,0.288123912
1554784809555,64.256,121.2,0.00562,0.423,0.288123912
1554784809616,64.317,121.2,0.00565,0.421,0.28829238
1554784809662,64.363,121.2,0.00565,0.421,0.28829238
1554784809708,64.409,121.2,0.00565,0.421,0.28829238
1554784809754,64.456,121.2,0.00565,0.421,0.28829238
1554784809817,64.518,121.2,0.00566,0.425,0.2915466
1554784809863,64.564,121.2,0.00566,0.425,0.2915466
1554784809909,64.61,121.2,0.00566,0.425,0.2915466
1554784809955,64.656,121.2,0.00566,0.425,0.2915466
1554784810016,64.717,121.2,0.00563,0.426,0.290683656
1554784810062,64.763,121.2,0.00563,0.426,0.290683656
1554784810108,64.809,121.2,0.00563,0.426,0.290683656
1554784810154,64.855,121.2,0.00563,0.426,0.290683656
1554784810217,64.918,121.2,0.00567,0.425,0.2920617
1554784810263,64.964,121.2,0.00567,0.425,0.2920617
1554784810309,65.01,121.2,0.00567,0.425,0.2920617
1554784810355,65.056,121.2,0.00567,0.425,0.2920617
1554784810416,65.117,121.2,0.00566,0.424,0.290860608
1554784810462,65.163,121.2,0.00566,0.424,0.290860608
1554784810508,65.209,121.2,0.00566,0.424,0.290860608
1554784810554,65.255,121.2,0.00566,0.424,0.290860608
1554784810616,65.317,121.1,0.00566,0.419,0.287193494
1554784810662,65.364,121.1,0.00566,0.419,0.287193494
1554784810709,65.41,121.1,0.00566,0.419,0.287193494
1554784810754,65.456,121.1,0.00566,0.419,0.287193494
1554784810816,65.517,121.1,0.00569,0.423,0.291471957
1554784810861,65.563,121.1,0.00569,0.423,0.291471957
1554784810908,65.609,121.1,0.00569,0.423,0.291471957
1554784810954,65.655,121.1,0.00569,0.423,0.291471957
1554784811016,65.717,121.2,0.0057,0.421,0.29084364
1554784811062,65.763,121.2,0.0057,0.421,0.29084364
1554784811108,65.809,121.2,0.0057,0.421,0.29084364
1554784811154,65.855,121.2,0.0057,0.421,0.29084364
1554784811217,65.918,121.2,0.0057,0.422,0.29153448
1554784811263,65.964,121.2,0.0057,0.422,0.29153448
1554784811309,66.01,121.2,0.0057,0.422,0.29153448
1554784811355,66.056,121.2,0.0057,0.422,0.29153448
1554784811416,66.117,121.2,0.00565,0.421,0.28829238
1554784811462,66.163,121.2,0.00565,0.421,0.28829238
1554784811508,66.209,121.2,0.00565,0.421,0.28829238
1554784811554,66.255,121.2,0.00565,0.421,0.28829238
1554784811616,66.318,121.2,0.00565,0.421,0.28829238
1554784811663,66.364,121.2,0.00565,0.421,0.28829238
1554784811709,66.41,121.2,0.00565,0.421,0.28829238
1554784811755,66.456,121.2,0.00565,0.421,0.28829238
1554784811816,66.517,121.2,0.00569,0.419,0.288954132
1554784811862,66.563,121.2,0.00569,0.419,0.288954132
1554784811908,66.609,121.2,0.00569,0.419,0.288954132
1554784811954,66.655,121.2,0.00569,0.419,0.288954132
1554784812016,66.717,121.2,0.00568,0.418,0.287757888
1554784812062,66.764,121.2,0.00568,0.418,0.287757888
1554784812109,66.81,121.2,0.00568,0.418,0.287757888
1554784812155,66.856,121.2,0.00568,0.418,0.287757888
1554784812218,66.919,121.2,0.00565,0.421,0.28829238
1554784812264,66.965,121.2,0.00565,0.421,0.28829238
1554784812311,67.012,121.2,0.00565,0.421,0.28829238
1554784812357,67.058,121.2,0.00565,0.421,0.28829238
1554784812416,67.118,121.2,0.00562,0.422,0.287442768
1554784812463,67.164,121.2,0.00562,0.422,0.287442768
1554784812508,67.21,121.2,0.00562,0.422,0.287442768
1554784812555,67.256,121.2,0.00562,0.422,0.287442768
1554784812616,67.317,121.2,0.00565,0.421,0.28829238
1554784812662,67.363,121.2,0.00565,0.421,0.28829238
1554784812708,67.409,121.2,0.00565,0.421,0.28829238
1554784812754,67.455,121.2,0.00565,0.421,0.28829238
1554784812816,67.517,121.2,0.00567,0.419,0.287938476
1554784812862,67.564,121.2,0.00567,0.419,0.287938476
1554784812909,67.61,121.2,0.00567,0.419,0.287938476
1554784812955,67.656,121.2,0.00567,0.419,0.287938476
1554784813016,67.717,121.2,0.0057,0.42,0.2901528
1554784813062,67.763,121.2,0.0057,0.42,0.2901528
1554784813108,67.809,121.2,0.0057,0.42,0.2901528
1554784813154,67.855,121.2,0.0057,0.42,0.2901528
1554784813215,67.916,121.2,0.00567,0.418,0.287251272
1554784813261,67.962,121.2,0.00567,0.418,0.287251272
1554784813307,68.008,121.2,0.00567,0.418,0.287251272
1554784813353,68.054,121.2,0.00567,0.418,0.287251272
1554784813416,68.117,121.2,0.00564,0.422,0.288465696
1554784813462,68.163,121.2,0.00564,0.422,0.288465696
1554784813508,68.209,121.2,0.00564,0.422,0.288465696
1554784813554,68.255,121.2,0.00564,0.422,0.288465696
1554784813616,68.317,121.2,0.00568,0.421,0.289823136
1554784813662,68.363,121.2,0.00568,0.421,0.289823136
1554784813708,68.409,121.2,0.00568,0.421,0.289823136
1554784813754,68.455,121.2,0.00568,0.421,0.289823136
1554784813815,68.517,121.2,0.00567,0.423,0.290687292
1554784813861,68.562,121.2,0.00567,0.423,0.290687292
1554784813908,68.609,121.2,0.00567,0.423,0.290687292
1554784813953,68.655,121.2,0.00567,0.423,0.290687292
1554784814016,68.717,121.2,0.00567,0.424,0.291374496
1554784814062,68.763,121.2,0.00567,0.424,0.291374496
1554784814108,68.809,121.2,0.00567,0.424,0.291374496
1554784814154,68.855,121.2,0.00567,0.424,0.291374496
1554784814215,68.916,121.2,0.00569,0.421,0.290333388
1554784814261,68.962,121.2,0.00569,0.421,0.290333388
1554784814307,69.008,121.2,0.00569,0.421,0.290333388
1554784814353,69.054,121.2,0.00569,0.421,0.290333388
1554784814416,69.117,121.2,0.00571,0.422,0.292045944
1554784814462,69.163,121.2,0.00571,0.422,0.292045944
1554784814508,69.209,121.2,0.00571,0.422,0.292045944
1554784814554,69.255,121.2,0.00571,0.422,0.292045944
1554784814615,69.316,121.2,0.00565,0.425,0.2910315
1554784814661,69.362,121.2,0.00565,0.425,0.2910315
1554784814707,69.408,121.2,0.00565,0.425,0.2910315
1554784814753,69.454,121.2,0.00565,0.425,0.2910315
1554784814816,69.517,121.1,0.00563,0.424,0.289080232
1554784814862,69.563,121.1,0.00563,0.424,0.289080232
1554784814908,69.609,121.1,0.00563,0.424,0.289080232
1554784814954,69.655,121.1,0.00563,0.424,0.289080232
1554784815015,69.716,121.1,0.00567,0.427,0.293193999
1554784815061,69.762,121.1,0.00567,0.427,0.293193999
1554784815107,69.808,121.1,0.00567,0.427,0.293193999
1554784815153,69.854,121.1,0.00567,0.427,0.293193999
1554784815219,69.92,121.2,0.00568,0.424,0.291888384
1554784815265,69.966,121.2,0.00568,0.424,0.291888384
1554784815312,70.013,121.2,0.00568,0.424,0.291888384
1554784815358,70.059,121.2,0.00568,0.424,0.291888384
1554784815416,70.117,121.2,0.00563,0.421,0.287271876
1554784815462,70.163,121.2,0.00563,0.421,0.287271876
1554784815508,70.209,121.2,0.00563,0.421,0.287271876
1554784815554,70.255,121.2,0.00563,0.421,0.287271876
1554784815616,70.317,121.2,0.00562,0.422,0.287442768
1554784815662,70.363,121.2,0.00562,0.422,0.287442768
1554784815708,70.409,121.2,0.00562,0.422,0.287442768
1554784815754,70.455,121.2,0.00562,0.422,0.287442768
1554784815815,70.516,121.2,0.00564,0.423,0.289149264
1554784815861,70.562,121.2,0.00564,0.423,0.289149264
1554784815907,70.608,121.2,0.00564,0.423,0.289149264
1554784815953,70.654,121.2,0.00564,0.423,0.289149264
1554784816016,70.717,121.2,0.00563,0.421,0.287271876
1554784816062,70.763,121.2,0.00563,0.421,0.287271876
1554784816108,70.809,121.2,0.00563,0.421,0.287271876
1554784816154,70.855,121.2,0.00563,0.421,0.287271876
1554784816216,70.917,121.2,0.00559,0.423,0.286585884
1554784816262,70.963,121.2,0.00559,0.423,0.286585884
1554784816308,71.009,121.2,0.00559,0.423,0.286585884
1554784816354,71.055,121.2,0.00559,0.423,0.286585884
1554784816415,71.116,121.3,0.00563,0.421,0.287508899
1554784816461,71.162,121.3,0.00563,0.421,0.287508899
1554784816508,71.209,121.3,0.00563,0.421,0.287508899
1554784816554,71.255,121.3,0.00563,0.421,0.287508899
1554784816616,71.317,121.2,0.00563,0.42,0.28658952
1554784816662,71.363,121.2,0.00563,0.42,0.28658952
1554784816708,71.409,121.2,0.00563,0.42,0.28658952
1554784816754,71.455,121.2,0.00563,0.42,0.28658952
1554784816815,71.516,121.2,0.00569,0.42,0.28964376
1554784816861,71.562,121.2,0.00569,0.42,0.28964376
1554784816907,71.608,121.2,0.00569,0.42,0.28964376
1554784816954,71.655,121.2,0.00569,0.42,0.28964376
1554784817016,71.717,121.2,0.0056,0.425,0.288456
1554784817062,71.763,121.2,0.0056,0.425,0.288456
1554784817108,71.809,121.2,0.0056,0.425,0.288456
1554784817154,71.855,121.2,0.0056,0.425,0.288456
1554784817215,71.916,121.3,0.00564,0.422,0.288703704
1554784817261,71.962,121.3,0.00564,0.422,0.288703704
1554784817307,72.008,121.3,0.00564,0.422,0.288703704
1554784817353,72.054,121.3,0.00564,0.422,0.288703704
1554784817416,72.117,121.3,0.00564,0.42,0.28733544
1554784817462,72.163,121.3,0.00564,0.42,0.28733544
1554784817508,72.209,121.3,0.00564,0.42,0.28733544
1554784817554,72.255,121.3,0.00564,0.42,0.28733544
1554784817615,72.316,121.2,0.00563,0.423,0.288636588
1554784817661,72.362,121.2,0.00563,0.423,0.288636588
1554784817707,72.408,121.2,0.00563,0.423,0.288636588
1554784817753,72.454,121.2,0.00563,0.423,0.288636588
1554784817816,72.517,121.2,0.00565,0.424,0.29034672
1554784817862,72.563,121.2,0.00565,0.424,0.29034672
1554784817908,72.609,121.2,0.00565,0.424,0.29034672
1554784817954,72.655,121.2,0.00565,0.424,0.29034672
1554784818015,72.716,121.2,0.00569,0.422,0.291023016
1554784818061,72.762,121.2,0.00569,0.422,0.291023016
1554784818107,72.808,121.2,0.00569,0.422,0.291023016
1554784818153,72.854,121.2,0.00569,0.422,0.291023016
1554784818215,72.916,121.2,0.0057,0.423,0.29222532
1554784818261,72.962,121.2,0.0057,0.423,0.29222532
1554784818307,73.008,121.2,0.0057,0.423,0.29222532
1554784818353,73.054,121.2,0.0057,0.423,0.29222532
1554784818416,73.117,121.2,0.00569,0.422,0.291023016
1554784818462,73.163,121.2,0.00569,0.422,0.291023016
1554784818508,73.209,121.2,0.00569,0.422,0.291023016
1554784818554,73.255,121.2,0.00569,0.422,0.291023016
1554784818615,73.316,121.2,0.00569,0.421,0.290333388
1554784818661,73.362,121.2,0.00569,0.421,0.290333388
1554784818707,73.408,121.2,0.00569,0.421,0.290333388
1554784818754,73.455,121.2,0.00569,0.421,0.290333388
1554784818815,73.516,121.1,0.0057,0.423,0.29198421
1554784818860,73.561,121.1,0.0057,0.423,0.29198421
1554784818907,73.608,121.1,0.0057,0.423,0.29198421
1554784818952,73.653,121.1,0.0057,0.423,0.29198421
1554784819015,73.716,121.1,0.00571,0.422,0.291804982
1554784819060,73.761,121.1,0.00571,0.422,0.291804982
1554784819107,73.808,121.1,0.00571,0.422,0.291804982
1554784819152,73.853,121.1,0.00571,0.422,0.291804982
1554784819215,73.916,121.2,0.00569,0.422,0.291023016
1554784819261,73.962,121.2,0.00569,0.422,0.291023016
1554784819307,74.008,121.2,0.00569,0.422,0.291023016
1554784819353,74.054,121.2,0.00569,0.422,0.291023016
1554784819415,74.116,121.2,0.00564,0.425,0.2905164
1554784819461,74.162,121.2,0.00564,0.425,0.2905164
1554784819508,74.209,121.2,0.00564,0.425,0.2905164
1554784819554,74.255,121.2,0.00564,0.425,0.2905164
1554784819615,74.316,121.2,0.00563,0.423,0.288636588
1554784819661,74.362,121.2,0.00563,0.423,0.288636588
1554784819707,74.408,121.2,0.00563,0.423,0.288636588
1554784819753,74.454,121.2,0.00563,0.423,0.288636588
1554784819816,74.517,121.2,0.0056,0.427,0.28981344
1554784819862,74.563,121.2,0.0056,0.427,0.28981344
1554784819908,74.609,121.2,0.0056,0.427,0.28981344
1554784819954,74.655,121.2,0.0056,0.427,0.28981344
1554784820016,74.717,121.2,0.00563,0.425,0.2900013
1554784820062,74.763,121.2,0.00563,0.425,0.2900013
1554784820108,74.809,121.2,0.00563,0.425,0.2900013
1554784820154,74.855,121.2,0.00563,0.425,0.2900013
1554784820215,74.916,121.2,0.00559,0.425,0.2879409
1554784820261,74.962,121.2,0.00559,0.425,0.2879409
1554784820308,75.009,121.2,0.00559,0.425,0.2879409
1554784820354,75.055,121.2,0.00559,0.425,0.2879409
1554784820415,75.116,121.3,0.00561,0.424,0.288529032
1554784820461,75.162,121.3,0.00561,0.424,0.288529032
1554784820507,75.208,121.3,0.00561,0.424,0.288529032
1554784820553,75.254,121.3,0.00561,0.424,0.288529032
1554784820615,75.316,121.2,0.00558,0.424,0.286749504
1554784820661,75.362,121.2,0.00558,0.424,0.286749504
1554784820707,75.408,121.2,0.00558,0.424,0.286749504
1554784820754,75.455,121.2,0.00558,0.424,0.286749504
1554784820815,75.516,121.2,0.00604,0.427,0.312584496
1554784820861,75.562,121.2,0.00604,0.427,0.312584496
1554784820907,75.608,121.2,0.00604,0.427,0.312584496
1554784820953,75.654,121.2,0.00604,0.427,0.312584496
1554784821015,75.716,121.2,0.00631,0.433,0.331146276
1554784821061,75.762,121.2,0.00631,0.433,0.331146276
1554784821107,75.808,121.2,0.00631,0.433,0.331146276
1554784821154,75.855,121.2,0.00631,0.433,0.331146276
1554784821215,75.916,121.3,0.00632,0.432,0.331178112
1554784821261,75.962,121.3,0.00632,0.432,0.331178112
1554784821307,76.008,121.3,0.00632,0.432,0.331178112
1554784821353,76.054,121.3,0.00632,0.432,0.331178112
1554784821414,76.115,121.3,0.00624,0.424,0.320930688
1554784821460,76.161,121.3,0.00624,0.424,0.320930688
1554784821506,76.207,121.3,0.00624,0.424,0.320930688
1554784821552,76.253,121.3,0.00624,0.424,0.320930688
1554784821615,76.316,121.2,0.00631,0.429,0.328087188
1554784821661,76.362,121.2,0.00631,0.429,0.328087188
1554784821707,76.408,121.2,0.00631,0.429,0.328087188
1554784821753,76.454,121.2,0.00631,0.429,0.328087188
1554784821815,76.516,121.2,0.0063,0.431,0.32909436
1554784821862,76.563,121.2,0.0063,0.431,0.32909436
1554784821908,76.609,121.2,0.0063,0.431,0.32909436
1554784821954,76.655,121.2,0.0063,0.431,0.32909436
1554784822015,76.716,121.2,0.00635,0.43,0.3309366
1554784822061,76.762,121.2,0.00635,0.43,0.3309366
1554784822107,76.808,121.2,0.00635,0.43,0.3309366
1554784822153,76.854,121.2,0.00635,0.43,0.3309366
1554784822215,76.916,121.2,0.00638,0.429,0.331726824
1554784822261,76.962,121.2,0.00638,0.429,0.331726824
1554784822307,77.008,121.2,0.00638,0.429,0.331726824
1554784822353,77.054,121.2,0.00638,0.429,0.331726824
1554784822415,77.116,121.2,0.00628,0.427,0.325005072
You pressed Ctrl+C!
1554784822461,77.162,121.2,0.00628,0.427,0.325005072
