# Mon Apr 08 20:24:45 2019
abstime,time_stamp,volt,curr,pf,mul
1554780285394,0.08,121.4,0.00573,0.423,0.294248106
1554780285460,0.146,121.4,0.00566,0.422,0.289966328
1554780285506,0.192,121.4,0.00566,0.422,0.289966328
1554780285552,0.238,121.4,0.00566,0.422,0.289966328
1554780285597,0.283,121.4,0.00566,0.422,0.289966328
1554780285661,0.347,121.4,0.00563,0.424,0.289796368
1554780285706,0.392,121.4,0.00563,0.424,0.289796368
1554780285750,0.436,121.4,0.00563,0.424,0.289796368
1554780285795,0.481,121.4,0.00563,0.424,0.289796368
1554780285860,0.546,121.4,0.00562,0.423,0.288599364
1554780285905,0.591,121.4,0.00562,0.423,0.288599364
1554780285951,0.637,121.4,0.00562,0.423,0.288599364
1554780285997,0.683,121.4,0.00562,0.423,0.288599364
1554780286061,0.747,121.4,0.00567,0.416,0.286348608
1554780286107,0.793,121.4,0.00567,0.416,0.286348608
1554780286153,0.839,121.4,0.00567,0.416,0.286348608
1554780286199,0.885,121.4,0.00567,0.416,0.286348608
1554780286260,0.946,121.4,0.00562,0.417,0.284505756
1554780286306,0.992,121.4,0.00562,0.417,0.284505756
1554780286352,1.038,121.4,0.00562,0.417,0.284505756
1554780286398,1.084,121.4,0.00562,0.417,0.284505756
1554780286461,1.147,121.4,0.00556,0.422,0.284843248
1554780286507,1.193,121.4,0.00556,0.422,0.284843248
1554780286553,1.239,121.4,0.00556,0.422,0.284843248
1554780286599,1.285,121.4,0.00556,0.422,0.284843248
1554780286660,1.346,121.4,0.00557,0.424,0.286707952
1554780286706,1.392,121.4,0.00557,0.424,0.286707952
1554780286752,1.438,121.4,0.00557,0.424,0.286707952
1554780286798,1.484,121.4,0.00557,0.424,0.286707952
1554780286860,1.546,121.4,0.00555,0.423,0.28500471
1554780286906,1.592,121.4,0.00555,0.423,0.28500471
1554780286953,1.639,121.4,0.00555,0.423,0.28500471
1554780286999,1.685,121.4,0.00555,0.423,0.28500471
1554780287060,1.746,121.4,0.00557,0.422,0.285355556
1554780287106,1.792,121.4,0.00557,0.422,0.285355556
1554780287152,1.838,121.4,0.00557,0.422,0.285355556
1554780287198,1.884,121.4,0.00557,0.422,0.285355556
1554780287261,1.947,121.4,0.00557,0.423,0.286031754
1554780287307,1.993,121.4,0.00557,0.423,0.286031754
1554780287353,2.039,121.4,0.00557,0.423,0.286031754
1554780287399,2.085,121.4,0.00557,0.423,0.286031754
1554780287460,2.146,121.4,0.00558,0.427,0.289254924
1554780287506,2.192,121.4,0.00558,0.427,0.289254924
1554780287553,2.239,121.4,0.00558,0.427,0.289254924
1554780287598,2.284,121.4,0.00558,0.427,0.289254924
1554780287661,2.347,121.4,0.00563,0.425,0.29047985
1554780287707,2.393,121.4,0.00563,0.425,0.29047985
1554780287753,2.439,121.4,0.00563,0.425,0.29047985
1554780287799,2.485,121.4,0.00563,0.425,0.29047985
1554780287860,2.546,121.4,0.00563,0.423,0.289112886
1554780287906,2.592,121.4,0.00563,0.423,0.289112886
1554780287953,2.639,121.4,0.00563,0.423,0.289112886
1554780287999,2.685,121.4,0.00563,0.423,0.289112886
1554780288060,2.746,121.4,0.00562,0.423,0.288599364
1554780288106,2.792,121.4,0.00562,0.423,0.288599364
1554780288152,2.838,121.4,0.00562,0.423,0.288599364
1554780288198,2.884,121.4,0.00562,0.423,0.288599364
1554780288261,2.947,121.4,0.00564,0.422,0.288941712
1554780288307,2.993,121.4,0.00564,0.422,0.288941712
1554780288353,3.039,121.4,0.00564,0.422,0.288941712
1554780288399,3.085,121.4,0.00564,0.422,0.288941712
1554780288460,3.146,121.3,0.00573,0.419,0.291225531
1554780288506,3.192,121.3,0.00573,0.419,0.291225531
1554780288552,3.238,121.3,0.00573,0.419,0.291225531
1554780288599,3.285,121.3,0.00573,0.419,0.291225531
1554780288660,3.346,121.4,0.00565,0.424,0.29082584
1554780288706,3.392,121.4,0.00565,0.424,0.29082584
1554780288752,3.438,121.4,0.00565,0.424,0.29082584
1554780288798,3.484,121.4,0.00565,0.424,0.29082584
1554780288860,3.546,121.4,0.00566,0.424,0.291340576
1554780288906,3.592,121.4,0.00566,0.424,0.291340576
1554780288952,3.638,121.4,0.00566,0.424,0.291340576
1554780288998,3.684,121.4,0.00566,0.424,0.291340576
1554780289061,3.747,121.4,0.00561,0.422,0.287404788
1554780289107,3.793,121.4,0.00561,0.422,0.287404788
1554780289153,3.839,121.4,0.00561,0.422,0.287404788
1554780289199,3.885,121.4,0.00561,0.422,0.287404788
1554780289260,3.946,121.3,0.00565,0.421,0.288530245
1554780289306,3.992,121.3,0.00565,0.421,0.288530245
1554780289352,4.038,121.3,0.00565,0.421,0.288530245
1554780289398,4.084,121.3,0.00565,0.421,0.288530245
1554780289461,4.147,121.3,0.00564,0.421,0.288019572
1554780289507,4.193,121.3,0.00564,0.421,0.288019572
1554780289553,4.239,121.3,0.00564,0.421,0.288019572
1554780289599,4.285,121.3,0.00564,0.421,0.288019572
1554780289660,4.346,121.3,0.00562,0.424,0.289043344
1554780289706,4.392,121.3,0.00562,0.424,0.289043344
1554780289752,4.438,121.3,0.00562,0.424,0.289043344
1554780289799,4.485,121.3,0.00562,0.424,0.289043344
1554780289860,4.546,121.4,0.00563,0.423,0.289112886
1554780289905,4.591,121.4,0.00563,0.423,0.289112886
1554780289952,4.638,121.4,0.00563,0.423,0.289112886
1554780289997,4.683,121.4,0.00563,0.423,0.289112886
1554780290060,4.746,121.4,0.00562,0.421,0.287234828
1554780290106,4.792,121.4,0.00562,0.421,0.287234828
1554780290152,4.838,121.4,0.00562,0.421,0.287234828
1554780290198,4.884,121.4,0.00562,0.421,0.287234828
1554780290260,4.946,121.4,0.00561,0.421,0.286723734
1554780290306,4.992,121.4,0.00561,0.421,0.286723734
1554780290352,5.038,121.4,0.00561,0.421,0.286723734
1554780290398,5.084,121.4,0.00561,0.421,0.286723734
1554780290461,5.147,121.3,0.00563,0.42,0.28682598
1554780290507,5.193,121.3,0.00563,0.42,0.28682598
1554780290553,5.239,121.3,0.00563,0.42,0.28682598
1554780290599,5.285,121.3,0.00563,0.42,0.28682598
1554780290661,5.347,121.4,0.00565,0.419,0.28739629
1554780290707,5.393,121.4,0.00565,0.419,0.28739629
1554780290753,5.439,121.4,0.00565,0.419,0.28739629
1554780290799,5.485,121.4,0.00565,0.419,0.28739629
1554780290860,5.546,121.4,0.00564,0.42,0.28757232
1554780290906,5.592,121.4,0.00564,0.42,0.28757232
1554780290952,5.638,121.4,0.00564,0.42,0.28757232
1554780290998,5.684,121.4,0.00564,0.42,0.28757232
1554780291060,5.746,121.4,0.0056,0.421,0.28621264
1554780291106,5.792,121.4,0.0056,0.421,0.28621264
1554780291152,5.838,121.4,0.0056,0.421,0.28621264
1554780291198,5.884,121.4,0.0056,0.421,0.28621264
1554780291260,5.946,121.4,0.00563,0.42,0.28706244
1554780291306,5.992,121.4,0.00563,0.42,0.28706244
1554780291353,6.039,121.4,0.00563,0.42,0.28706244
1554780291399,6.085,121.4,0.00563,0.42,0.28706244
1554780291460,6.146,121.4,0.00563,0.421,0.287745922
1554780291506,6.192,121.4,0.00563,0.421,0.287745922
1554780291552,6.238,121.4,0.00563,0.421,0.287745922
1554780291598,6.284,121.4,0.00563,0.421,0.287745922
1554780291660,6.346,121.4,0.00567,0.42,0.28910196
1554780291706,6.393,121.4,0.00567,0.42,0.28910196
1554780291753,6.439,121.4,0.00567,0.42,0.28910196
1554780291799,6.485,121.4,0.00567,0.42,0.28910196
1554780291860,6.546,121.4,0.00569,0.419,0.289430954
1554780291906,6.592,121.4,0.00569,0.419,0.289430954
1554780291952,6.638,121.4,0.00569,0.419,0.289430954
1554780291998,6.684,121.4,0.00569,0.419,0.289430954
1554780292060,6.746,121.4,0.00565,0.419,0.28739629
1554780292105,6.791,121.4,0.00565,0.419,0.28739629
1554780292152,6.838,121.4,0.00565,0.419,0.28739629
1554780292198,6.884,121.4,0.00565,0.419,0.28739629
1554780292260,6.946,121.3,0.00566,0.422,0.289727476
1554780292306,6.992,121.3,0.00566,0.422,0.289727476
1554780292352,7.038,121.3,0.00566,0.422,0.289727476
1554780292399,7.085,121.3,0.00566,0.422,0.289727476
1554780292460,7.146,121.3,0.00571,0.42,0.29090166
1554780292506,7.192,121.3,0.00571,0.42,0.29090166
1554780292552,7.238,121.3,0.00571,0.42,0.29090166
1554780292598,7.284,121.3,0.00571,0.42,0.29090166
1554780292660,7.346,121.4,0.00565,0.424,0.29082584
1554780292706,7.392,121.4,0.00565,0.424,0.29082584
1554780292753,7.439,121.4,0.00565,0.424,0.29082584
1554780292799,7.485,121.4,0.00565,0.424,0.29082584
1554780292860,7.546,121.4,0.00569,0.42,0.29012172
1554780292906,7.592,121.4,0.00569,0.42,0.29012172
1554780292952,7.638,121.4,0.00569,0.42,0.29012172
1554780292998,7.684,121.4,0.00569,0.42,0.29012172
1554780293061,7.747,121.4,0.00568,0.416,0.286853632
1554780293107,7.793,121.4,0.00568,0.416,0.286853632
1554780293153,7.839,121.4,0.00568,0.416,0.286853632
1554780293199,7.885,121.4,0.00568,0.416,0.286853632
1554780293260,7.946,121.3,0.00564,0.419,0.286651308
1554780293306,7.992,121.3,0.00564,0.419,0.286651308
1554780293352,8.038,121.3,0.00564,0.419,0.286651308
1554780293399,8.085,121.3,0.00564,0.419,0.286651308
1554780293460,8.146,121.4,0.00561,0.424,0.288766896
1554780293505,8.192,121.4,0.00561,0.424,0.288766896
1554780293551,8.237,121.4,0.00561,0.424,0.288766896
1554780293597,8.284,121.4,0.00561,0.424,0.288766896
1554780293660,8.346,121.4,0.00564,0.422,0.288941712
1554780293706,8.392,121.4,0.00564,0.422,0.288941712
1554780293752,8.438,121.4,0.00564,0.422,0.288941712
1554780293798,8.484,121.4,0.00564,0.422,0.288941712
1554780293860,8.546,121.4,0.00563,0.422,0.288429404
1554780293906,8.592,121.4,0.00563,0.422,0.288429404
1554780293952,8.638,121.4,0.00563,0.422,0.288429404
1554780293998,8.684,121.4,0.00563,0.422,0.288429404
1554780294061,8.747,121.4,0.0056,0.423,0.28757232
1554780294107,8.793,121.4,0.0056,0.423,0.28757232
1554780294153,8.839,121.4,0.0056,0.423,0.28757232
1554780294199,8.885,121.4,0.0056,0.423,0.28757232
1554780294260,8.946,121.4,0.00559,0.42,0.28502292
1554780294306,8.992,121.4,0.00559,0.42,0.28502292
1554780294353,9.039,121.4,0.00559,0.42,0.28502292
1554780294399,9.085,121.4,0.00559,0.42,0.28502292
1554780294460,9.146,121.4,0.00558,0.422,0.285867864
1554780294505,9.191,121.4,0.00558,0.422,0.285867864
1554780294551,9.237,121.4,0.00558,0.422,0.285867864
1554780294597,9.283,121.4,0.00558,0.422,0.285867864
1554780294660,9.346,121.4,0.00557,0.422,0.285355556
1554780294706,9.392,121.4,0.00557,0.422,0.285355556
1554780294752,9.438,121.4,0.00557,0.422,0.285355556
1554780294798,9.484,121.4,0.00557,0.422,0.285355556
1554780294860,9.546,121.4,0.0056,0.423,0.28757232
1554780294906,9.592,121.4,0.0056,0.423,0.28757232
1554780294952,9.638,121.4,0.0056,0.423,0.28757232
1554780294998,9.685,121.4,0.0056,0.423,0.28757232
1554780295060,9.746,121.4,0.0056,0.423,0.28757232
1554780295105,9.792,121.4,0.0056,0.423,0.28757232
1554780295152,9.838,121.4,0.0056,0.423,0.28757232
1554780295198,9.884,121.4,0.0056,0.423,0.28757232
1554780295260,9.946,121.4,0.00565,0.42,0.2880822
1554780295306,9.992,121.4,0.00565,0.42,0.2880822
1554780295353,10.039,121.4,0.00565,0.42,0.2880822
1554780295399,10.085,121.4,0.00565,0.42,0.2880822
1554780295460,10.146,121.3,0.00566,0.419,0.287667802
1554780295506,10.192,121.3,0.00566,0.419,0.287667802
1554780295552,10.238,121.3,0.00566,0.419,0.287667802
1554780295598,10.284,121.3,0.00566,0.419,0.287667802
1554780295660,10.346,121.4,0.00563,0.42,0.28706244
1554780295706,10.392,121.4,0.00563,0.42,0.28706244
1554780295753,10.439,121.4,0.00563,0.42,0.28706244
1554780295798,10.484,121.4,0.00563,0.42,0.28706244
1554780295860,10.546,121.4,0.00563,0.424,0.289796368
1554780295906,10.592,121.4,0.00563,0.424,0.289796368
1554780295952,10.638,121.4,0.00563,0.424,0.289796368
1554780295998,10.684,121.4,0.00563,0.424,0.289796368
1554780296060,10.746,121.4,0.00566,0.422,0.289966328
1554780296106,10.792,121.4,0.00566,0.422,0.289966328
1554780296152,10.838,121.4,0.00566,0.422,0.289966328
1554780296198,10.884,121.4,0.00566,0.422,0.289966328
1554780296259,10.946,121.4,0.00564,0.424,0.290311104
1554780296305,10.991,121.4,0.00564,0.424,0.290311104
1554780296352,11.038,121.4,0.00564,0.424,0.290311104
1554780296398,11.084,121.4,0.00564,0.424,0.290311104
1554780296460,11.146,121.4,0.00567,0.423,0.291166974
1554780296506,11.192,121.4,0.00567,0.423,0.291166974
1554780296552,11.238,121.4,0.00567,0.423,0.291166974
1554780296598,11.284,121.4,0.00567,0.423,0.291166974
1554780296660,11.346,121.4,0.00568,0.424,0.292370048
1554780296705,11.391,121.4,0.00568,0.424,0.292370048
1554780296751,11.437,121.4,0.00568,0.424,0.292370048
1554780296797,11.484,121.4,0.00568,0.424,0.292370048
1554780296860,11.546,121.4,0.00566,0.425,0.2920277
1554780296906,11.592,121.4,0.00566,0.425,0.2920277
1554780296952,11.638,121.4,0.00566,0.425,0.2920277
1554780296998,11.684,121.4,0.00566,0.425,0.2920277
1554780297061,11.747,121.4,0.00566,0.421,0.289279204
1554780297107,11.793,121.4,0.00566,0.421,0.289279204
1554780297153,11.839,121.4,0.00566,0.421,0.289279204
1554780297199,11.885,121.4,0.00566,0.421,0.289279204
1554780297260,11.946,121.4,0.00565,0.422,0.28945402
1554780297306,11.992,121.4,0.00565,0.422,0.28945402
1554780297352,12.038,121.4,0.00565,0.422,0.28945402
1554780297398,12.084,121.4,0.00565,0.422,0.28945402
1554780297461,12.147,121.4,0.00567,0.419,0.288413622
1554780297507,12.193,121.4,0.00567,0.419,0.288413622
1554780297553,12.239,121.4,0.00567,0.419,0.288413622
1554780297599,12.285,121.4,0.00567,0.419,0.288413622
1554780297660,12.346,121.4,0.00567,0.417,0.287036946
1554780297706,12.392,121.4,0.00567,0.417,0.287036946
1554780297752,12.438,121.4,0.00567,0.417,0.287036946
1554780297798,12.484,121.4,0.00567,0.417,0.287036946
1554780297860,12.546,121.4,0.00566,0.419,0.287904956
1554780297905,12.591,121.4,0.00566,0.419,0.287904956
1554780297951,12.637,121.4,0.00566,0.419,0.287904956
1554780297998,12.684,121.4,0.00566,0.419,0.287904956
1554780298060,12.746,121.4,0.00564,0.419,0.286887624
1554780298106,12.792,121.4,0.00564,0.419,0.286887624
1554780298152,12.838,121.4,0.00564,0.419,0.286887624
1554780298198,12.884,121.4,0.00564,0.419,0.286887624
1554780298260,12.946,121.4,0.00561,0.42,0.28604268
1554780298307,12.993,121.4,0.00561,0.42,0.28604268
1554780298353,13.039,121.4,0.00561,0.42,0.28604268
1554780298399,13.085,121.4,0.00561,0.42,0.28604268
1554780298460,13.146,121.4,0.00558,0.421,0.285190452
1554780298506,13.192,121.4,0.00558,0.421,0.285190452
1554780298552,13.238,121.4,0.00558,0.421,0.285190452
1554780298598,13.284,121.4,0.00558,0.421,0.285190452
1554780298660,13.346,121.4,0.00558,0.42,0.28451304
1554780298706,13.392,121.4,0.00558,0.42,0.28451304
1554780298752,13.438,121.4,0.00558,0.42,0.28451304
1554780298798,13.484,121.4,0.00558,0.42,0.28451304
1554780298860,13.546,121.4,0.00558,0.421,0.285190452
1554780298906,13.592,121.4,0.00558,0.421,0.285190452
1554780298952,13.638,121.4,0.00558,0.421,0.285190452
1554780298998,13.684,121.4,0.00558,0.421,0.285190452
1554780299059,13.745,121.4,0.00565,0.422,0.28945402
1554780299105,13.791,121.4,0.00565,0.422,0.28945402
1554780299151,13.837,121.4,0.00565,0.422,0.28945402
1554780299198,13.884,121.4,0.00565,0.422,0.28945402
1554780299260,13.946,121.4,0.00561,0.421,0.286723734
1554780299306,13.992,121.4,0.00561,0.421,0.286723734
1554780299352,14.038,121.4,0.00561,0.421,0.286723734
1554780299398,14.084,121.4,0.00561,0.421,0.286723734
1554780299460,14.146,121.4,0.00564,0.42,0.28757232
1554780299505,14.191,121.4,0.00564,0.42,0.28757232
1554780299552,14.238,121.4,0.00564,0.42,0.28757232
1554780299598,14.284,121.4,0.00564,0.42,0.28757232
1554780299660,14.346,121.4,0.00567,0.421,0.289790298
1554780299706,14.392,121.4,0.00567,0.421,0.289790298
1554780299752,14.438,121.4,0.00567,0.421,0.289790298
1554780299799,14.485,121.4,0.00567,0.421,0.289790298
1554780299860,14.546,121.4,0.00568,0.419,0.288922288
1554780299905,14.592,121.4,0.00568,0.419,0.288922288
1554780299951,14.638,121.4,0.00568,0.419,0.288922288
1554780299998,14.684,121.4,0.00568,0.419,0.288922288
1554780300060,14.746,121.4,0.00566,0.42,0.28859208
1554780300106,14.792,121.4,0.00566,0.42,0.28859208
1554780300152,14.838,121.4,0.00566,0.42,0.28859208
1554780300198,14.884,121.4,0.00566,0.42,0.28859208
1554780300260,14.946,121.4,0.00567,0.424,0.291855312
1554780300305,14.991,121.4,0.00567,0.424,0.291855312
1554780300351,15.037,121.4,0.00567,0.424,0.291855312
1554780300398,15.084,121.4,0.00567,0.424,0.291855312
1554780300460,15.146,121.4,0.00566,0.422,0.289966328
1554780300506,15.192,121.4,0.00566,0.422,0.289966328
1554780300552,15.238,121.4,0.00566,0.422,0.289966328
1554780300598,15.284,121.4,0.00566,0.422,0.289966328
1554780300660,15.346,121.4,0.00566,0.424,0.291340576
1554780300706,15.392,121.4,0.00566,0.424,0.291340576
1554780300752,15.438,121.4,0.00566,0.424,0.291340576
1554780300798,15.484,121.4,0.00566,0.424,0.291340576
1554780300860,15.546,121.4,0.00565,0.422,0.28945402
1554780300906,15.592,121.4,0.00565,0.422,0.28945402
1554780300952,15.638,121.4,0.00565,0.422,0.28945402
1554780300999,15.685,121.4,0.00565,0.422,0.28945402
1554780301060,15.746,121.4,0.00564,0.421,0.288257016
1554780301106,15.792,121.4,0.00564,0.421,0.288257016
1554780301152,15.838,121.4,0.00564,0.421,0.288257016
1554780301198,15.884,121.4,0.00564,0.421,0.288257016
1554780301260,15.946,121.4,0.00563,0.421,0.287745922
1554780301306,15.992,121.4,0.00563,0.421,0.287745922
1554780301352,16.038,121.4,0.00563,0.421,0.287745922
1554780301397,16.083,121.4,0.00563,0.421,0.287745922
1554780301459,16.145,121.4,0.00564,0.422,0.288941712
1554780301505,16.191,121.4,0.00564,0.422,0.288941712
1554780301552,16.238,121.4,0.00564,0.422,0.288941712
1554780301598,16.284,121.4,0.00564,0.422,0.288941712
1554780301660,16.346,121.4,0.00566,0.419,0.287904956
1554780301706,16.392,121.4,0.00566,0.419,0.287904956
1554780301751,16.437,121.4,0.00566,0.419,0.287904956
1554780301797,16.483,121.4,0.00566,0.419,0.287904956
1554780301860,16.546,121.4,0.00565,0.421,0.28876811
1554780301907,16.593,121.4,0.00565,0.421,0.28876811
1554780301953,16.639,121.4,0.00565,0.421,0.28876811
1554780301999,16.685,121.4,0.00565,0.421,0.28876811
1554780302060,16.746,121.4,0.00566,0.419,0.287904956
1554780302106,16.792,121.4,0.00566,0.419,0.287904956
1554780302152,16.838,121.4,0.00566,0.419,0.287904956
1554780302198,16.884,121.4,0.00566,0.419,0.287904956
1554780302260,16.946,121.4,0.00562,0.422,0.287917096
1554780302307,16.993,121.4,0.00562,0.422,0.287917096
1554780302353,17.039,121.4,0.00562,0.422,0.287917096
1554780302399,17.085,121.4,0.00562,0.422,0.287917096
1554780302460,17.146,121.4,0.00558,0.42,0.28451304
1554780302506,17.192,121.4,0.00558,0.42,0.28451304
1554780302552,17.238,121.4,0.00558,0.42,0.28451304
1554780302598,17.284,121.4,0.00558,0.42,0.28451304
1554780302660,17.346,121.4,0.00558,0.422,0.285867864
1554780302705,17.391,121.4,0.00558,0.422,0.285867864
1554780302751,17.437,121.4,0.00558,0.422,0.285867864
1554780302798,17.484,121.4,0.00558,0.422,0.285867864
1554780302860,17.546,121.4,0.00563,0.422,0.288429404
1554780302906,17.592,121.4,0.00563,0.422,0.288429404
1554780302952,17.638,121.4,0.00563,0.422,0.288429404
1554780302998,17.684,121.4,0.00563,0.422,0.288429404
1554780303060,17.746,121.4,0.00564,0.421,0.288257016
1554780303106,17.793,121.4,0.00564,0.421,0.288257016
1554780303153,17.839,121.4,0.00564,0.421,0.288257016
1554780303199,17.885,121.4,0.00564,0.421,0.288257016
1554780303260,17.946,121.4,0.0056,0.422,0.28689248
1554780303306,17.992,121.4,0.0056,0.422,0.28689248
1554780303352,18.038,121.4,0.0056,0.422,0.28689248
1554780303398,18.084,121.4,0.0056,0.422,0.28689248
1554780303460,18.146,121.4,0.00563,0.42,0.28706244
1554780303507,18.193,121.4,0.00563,0.42,0.28706244
1554780303553,18.239,121.4,0.00563,0.42,0.28706244
1554780303599,18.285,121.4,0.00563,0.42,0.28706244
1554780303660,18.346,121.4,0.00568,0.419,0.288922288
1554780303706,18.392,121.4,0.00568,0.419,0.288922288
1554780303752,18.438,121.4,0.00568,0.419,0.288922288
1554780303799,18.485,121.4,0.00568,0.419,0.288922288
1554780303860,18.546,121.4,0.00569,0.42,0.29012172
1554780303906,18.592,121.4,0.00569,0.42,0.29012172
1554780303952,18.638,121.4,0.00569,0.42,0.29012172
1554780303998,18.684,121.4,0.00569,0.42,0.29012172
1554780304060,18.746,121.4,0.0057,0.42,0.2906316
1554780304106,18.792,121.4,0.0057,0.42,0.2906316
1554780304153,18.839,121.4,0.0057,0.42,0.2906316
1554780304199,18.885,121.4,0.0057,0.42,0.2906316
1554780304260,18.946,121.4,0.00569,0.42,0.29012172
1554780304306,18.992,121.4,0.00569,0.42,0.29012172
1554780304352,19.038,121.4,0.00569,0.42,0.29012172
1554780304398,19.085,121.4,0.00569,0.42,0.29012172
1554780304460,19.146,121.4,0.00567,0.422,0.290478636
1554780304505,19.192,121.4,0.00567,0.422,0.290478636
1554780304552,19.238,121.4,0.00567,0.422,0.290478636
1554780304598,19.284,121.4,0.00567,0.422,0.290478636
1554780304660,19.346,121.3,0.00565,0.422,0.28921559
1554780304707,19.393,121.3,0.00565,0.422,0.28921559
1554780304753,19.439,121.3,0.00565,0.422,0.28921559
1554780304799,19.485,121.3,0.00565,0.422,0.28921559
1554780304860,19.546,121.4,0.00569,0.423,0.292194018
1554780304906,19.592,121.4,0.00569,0.423,0.292194018
1554780304952,19.638,121.4,0.00569,0.423,0.292194018
1554780304998,19.684,121.4,0.00569,0.423,0.292194018
1554780305059,19.745,121.4,0.00567,0.422,0.290478636
1554780305106,19.792,121.4,0.00567,0.422,0.290478636
1554780305152,19.838,121.4,0.00567,0.422,0.290478636
1554780305198,19.884,121.4,0.00567,0.422,0.290478636
1554780305260,19.946,121.4,0.00565,0.423,0.29013993
1554780305306,19.992,121.4,0.00565,0.423,0.29013993
1554780305352,20.038,121.4,0.00565,0.423,0.29013993
1554780305398,20.084,121.4,0.00565,0.423,0.29013993
1554780305459,20.145,121.4,0.00564,0.421,0.288257016
1554780305505,20.191,121.4,0.00564,0.421,0.288257016
1554780305551,20.237,121.4,0.00564,0.421,0.288257016
1554780305598,20.284,121.4,0.00564,0.421,0.288257016
1554780305660,20.346,121.4,0.00563,0.42,0.28706244
1554780305706,20.392,121.4,0.00563,0.42,0.28706244
1554780305752,20.438,121.4,0.00563,0.42,0.28706244
1554780305798,20.484,121.4,0.00563,0.42,0.28706244
1554780305859,20.545,121.4,0.00563,0.422,0.288429404
1554780305905,20.591,121.4,0.00563,0.422,0.288429404
1554780305951,20.637,121.4,0.00563,0.422,0.288429404
1554780305997,20.683,121.4,0.00563,0.422,0.288429404
1554780306060,20.746,121.4,0.0056,0.421,0.28621264
1554780306106,20.792,121.4,0.0056,0.421,0.28621264
1554780306152,20.838,121.4,0.0056,0.421,0.28621264
1554780306198,20.884,121.4,0.0056,0.421,0.28621264
1554780306259,20.945,121.4,0.00561,0.425,0.28944795
1554780306305,20.991,121.4,0.00561,0.425,0.28944795
1554780306351,21.037,121.4,0.00561,0.425,0.28944795
1554780306398,21.084,121.4,0.00561,0.425,0.28944795
1554780306460,21.146,121.4,0.00558,0.418,0.283158216
1554780306506,21.192,121.4,0.00558,0.418,0.283158216
1554780306552,21.238,121.4,0.00558,0.418,0.283158216
1554780306598,21.284,121.4,0.00558,0.418,0.283158216
1554780306660,21.346,121.4,0.00562,0.419,0.285870292
1554780306706,21.392,121.4,0.00562,0.419,0.285870292
1554780306753,21.439,121.4,0.00562,0.419,0.285870292
1554780306799,21.485,121.4,0.00562,0.419,0.285870292
1554780306860,21.546,121.4,0.00559,0.422,0.286380172
1554780306906,21.592,121.4,0.00559,0.422,0.286380172
1554780306952,21.638,121.4,0.00559,0.422,0.286380172
1554780306998,21.684,121.4,0.00559,0.422,0.286380172
1554780307059,21.745,121.4,0.00561,0.421,0.286723734
1554780307105,21.791,121.4,0.00561,0.421,0.286723734
1554780307151,21.837,121.4,0.00561,0.421,0.286723734
1554780307197,21.883,121.4,0.00561,0.421,0.286723734
1554780307260,21.946,121.4,0.00561,0.423,0.288085842
1554780307306,21.992,121.4,0.00561,0.423,0.288085842
1554780307352,22.038,121.4,0.00561,0.423,0.288085842
1554780307398,22.084,121.4,0.00561,0.423,0.288085842
1554780307459,22.145,121.4,0.00564,0.42,0.28757232
1554780307505,22.191,121.4,0.00564,0.42,0.28757232
1554780307551,22.237,121.4,0.00564,0.42,0.28757232
1554780307598,22.284,121.4,0.00564,0.42,0.28757232
1554780307660,22.346,121.4,0.00566,0.42,0.28859208
1554780307706,22.392,121.4,0.00566,0.42,0.28859208
1554780307752,22.438,121.4,0.00566,0.42,0.28859208
1554780307798,22.484,121.4,0.00566,0.42,0.28859208
1554780307859,22.545,121.4,0.00565,0.423,0.29013993
1554780307905,22.591,121.4,0.00565,0.423,0.29013993
1554780307951,22.637,121.4,0.00565,0.423,0.29013993
1554780307997,22.684,121.4,0.00565,0.423,0.29013993
1554780308060,22.746,121.4,0.00564,0.422,0.288941712
1554780308106,22.792,121.4,0.00564,0.422,0.288941712
1554780308152,22.838,121.4,0.00564,0.422,0.288941712
1554780308198,22.884,121.4,0.00564,0.422,0.288941712
1554780308259,22.945,121.4,0.00565,0.422,0.28945402
1554780308305,22.991,121.4,0.00565,0.422,0.28945402
1554780308351,23.037,121.4,0.00565,0.422,0.28945402
1554780308398,23.084,121.4,0.00565,0.422,0.28945402
1554780308460,23.146,121.3,0.00566,0.423,0.290414034
1554780308506,23.192,121.3,0.00566,0.423,0.290414034
1554780308552,23.238,121.3,0.00566,0.423,0.290414034
1554780308598,23.284,121.3,0.00566,0.423,0.290414034
1554780308659,23.345,121.3,0.00567,0.422,0.290239362
1554780308705,23.391,121.3,0.00567,0.422,0.290239362
1554780308752,23.438,121.3,0.00567,0.422,0.290239362
1554780308798,23.484,121.3,0.00567,0.422,0.290239362
1554780308860,23.546,121.4,0.0057,0.42,0.2906316
1554780308906,23.592,121.4,0.0057,0.42,0.2906316
1554780308952,23.638,121.4,0.0057,0.42,0.2906316
1554780308998,23.684,121.4,0.0057,0.42,0.2906316
1554780309059,23.745,121.4,0.0057,0.42,0.2906316
1554780309106,23.792,121.4,0.0057,0.42,0.2906316
1554780309152,23.838,121.4,0.0057,0.42,0.2906316
1554780309198,23.884,121.4,0.0057,0.42,0.2906316
1554780309259,23.945,121.4,0.00561,0.423,0.288085842
1554780309305,23.991,121.4,0.00561,0.423,0.288085842
1554780309351,24.037,121.4,0.00561,0.423,0.288085842
1554780309398,24.084,121.4,0.00561,0.423,0.288085842
1554780309460,24.146,121.4,0.00565,0.422,0.28945402
1554780309506,24.192,121.4,0.00565,0.422,0.28945402
1554780309552,24.238,121.4,0.00565,0.422,0.28945402
1554780309598,24.284,121.4,0.00565,0.422,0.28945402
1554780309659,24.345,121.4,0.00562,0.421,0.287234828
1554780309705,24.391,121.4,0.00562,0.421,0.287234828
1554780309751,24.437,121.4,0.00562,0.421,0.287234828
1554780309797,24.483,121.4,0.00562,0.421,0.287234828
1554780309860,24.546,121.4,0.00563,0.423,0.289112886
1554780309906,24.592,121.4,0.00563,0.423,0.289112886
1554780309952,24.638,121.4,0.00563,0.423,0.289112886
1554780309998,24.684,121.4,0.00563,0.423,0.289112886
1554780310059,24.745,121.4,0.0056,0.424,0.28825216
1554780310105,24.791,121.4,0.0056,0.424,0.28825216
1554780310151,24.837,121.4,0.0056,0.424,0.28825216
1554780310197,24.883,121.4,0.0056,0.424,0.28825216
1554780310260,24.946,121.4,0.00555,0.422,0.28433094
1554780310306,24.992,121.4,0.00555,0.422,0.28433094
1554780310352,25.038,121.4,0.00555,0.422,0.28433094
1554780310398,25.084,121.4,0.00555,0.422,0.28433094
1554780310459,25.145,121.4,0.00559,0.421,0.285701546
1554780310505,25.191,121.4,0.00559,0.421,0.285701546
1554780310551,25.237,121.4,0.00559,0.421,0.285701546
1554780310597,25.283,121.4,0.00559,0.421,0.285701546
1554780310660,25.346,121.4,0.00559,0.422,0.286380172
1554780310706,25.392,121.4,0.00559,0.422,0.286380172
1554780310752,25.438,121.4,0.00559,0.422,0.286380172
1554780310798,25.484,121.4,0.00559,0.422,0.286380172
1554780310859,25.545,121.4,0.00559,0.421,0.285701546
1554780310905,25.591,121.4,0.00559,0.421,0.285701546
1554780310951,25.637,121.4,0.00559,0.421,0.285701546
1554780310997,25.683,121.4,0.00559,0.421,0.285701546
1554780311060,25.746,121.4,0.00565,0.422,0.28945402
1554780311106,25.792,121.4,0.00565,0.422,0.28945402
1554780311152,25.838,121.4,0.00565,0.422,0.28945402
1554780311198,25.884,121.4,0.00565,0.422,0.28945402
1554780311259,25.945,121.4,0.00561,0.421,0.286723734
1554780311305,25.992,121.4,0.00561,0.421,0.286723734
1554780311352,26.038,121.4,0.00561,0.421,0.286723734
1554780311398,26.084,121.4,0.00561,0.421,0.286723734
1554780311460,26.146,121.4,0.00559,0.423,0.287058798
1554780311506,26.192,121.4,0.00559,0.423,0.287058798
1554780311552,26.238,121.4,0.00559,0.423,0.287058798
1554780311598,26.284,121.4,0.00559,0.423,0.287058798
1554780311659,26.345,121.4,0.00563,0.421,0.287745922
1554780311706,26.392,121.4,0.00563,0.421,0.287745922
1554780311752,26.438,121.4,0.00563,0.421,0.287745922
1554780311798,26.484,121.4,0.00563,0.421,0.287745922
1554780311860,26.546,121.4,0.00562,0.423,0.288599364
1554780311906,26.592,121.4,0.00562,0.423,0.288599364
1554780311952,26.638,121.4,0.00562,0.423,0.288599364
1554780311998,26.684,121.4,0.00562,0.423,0.288599364
1554780312060,26.746,121.4,0.00563,0.425,0.29047985
1554780312106,26.792,121.4,0.00563,0.425,0.29047985
1554780312152,26.838,121.4,0.00563,0.425,0.29047985
1554780312198,26.884,121.4,0.00563,0.425,0.29047985
1554780312259,26.945,121.4,0.00562,0.424,0.289281632
1554780312305,26.991,121.4,0.00562,0.424,0.289281632
1554780312351,27.037,121.4,0.00562,0.424,0.289281632
1554780312398,27.084,121.4,0.00562,0.424,0.289281632
1554780312460,27.146,121.4,0.00564,0.422,0.288941712
1554780312506,27.192,121.4,0.00564,0.422,0.288941712
1554780312552,27.238,121.4,0.00564,0.422,0.288941712
1554780312598,27.284,121.4,0.00564,0.422,0.288941712
1554780312659,27.345,121.4,0.00567,0.422,0.290478636
1554780312705,27.391,121.4,0.00567,0.422,0.290478636
1554780312751,27.437,121.4,0.00567,0.422,0.290478636
1554780312798,27.484,121.4,0.00567,0.422,0.290478636
1554780312860,27.546,121.4,0.00566,0.422,0.289966328
1554780312906,27.592,121.4,0.00566,0.422,0.289966328
1554780312952,27.638,121.4,0.00566,0.422,0.289966328
1554780312998,27.684,121.4,0.00566,0.422,0.289966328
1554780313059,27.745,121.4,0.00567,0.422,0.290478636
1554780313105,27.791,121.4,0.00567,0.422,0.290478636
1554780313151,27.837,121.4,0.00567,0.422,0.290478636
1554780313197,27.883,121.4,0.00567,0.422,0.290478636
1554780313260,27.946,121.4,0.00565,0.42,0.2880822
1554780313306,27.992,121.4,0.00565,0.42,0.2880822
1554780313352,28.038,121.4,0.00565,0.42,0.2880822
1554780313398,28.084,121.4,0.00565,0.42,0.2880822
1554780313459,28.145,121.4,0.00568,0.418,0.288232736
1554780313505,28.191,121.4,0.00568,0.418,0.288232736
1554780313552,28.238,121.4,0.00568,0.418,0.288232736
1554780313598,28.284,121.4,0.00568,0.418,0.288232736
1554780313660,28.346,121.3,0.00567,0.417,0.286800507
1554780313706,28.392,121.3,0.00567,0.417,0.286800507
1554780313752,28.438,121.3,0.00567,0.417,0.286800507
1554780313798,28.484,121.3,0.00567,0.417,0.286800507
1554780313860,28.546,121.4,0.00562,0.423,0.288599364
1554780313906,28.592,121.4,0.00562,0.423,0.288599364
1554780313952,28.638,121.4,0.00562,0.423,0.288599364
1554780313998,28.684,121.4,0.00562,0.423,0.288599364
1554780314059,28.745,121.4,0.00564,0.42,0.28757232
1554780314105,28.791,121.4,0.00564,0.42,0.28757232
1554780314151,28.837,121.4,0.00564,0.42,0.28757232
1554780314197,28.883,121.4,0.00564,0.42,0.28757232
1554780314260,28.946,121.4,0.0056,0.421,0.28621264
1554780314306,28.992,121.4,0.0056,0.421,0.28621264
1554780314352,29.038,121.4,0.0056,0.421,0.28621264
1554780314398,29.084,121.4,0.0056,0.421,0.28621264
1554780314459,29.145,121.4,0.00561,0.418,0.284680572
1554780314505,29.191,121.4,0.00561,0.418,0.284680572
1554780314551,29.237,121.4,0.00561,0.418,0.284680572
1554780314597,29.283,121.4,0.00561,0.418,0.284680572
1554780314660,29.346,121.4,0.0056,0.419,0.28485296
1554780314706,29.392,121.4,0.0056,0.419,0.28485296
1554780314752,29.438,121.4,0.0056,0.419,0.28485296
1554780314798,29.484,121.4,0.0056,0.419,0.28485296
1554780314859,29.545,121.4,0.00565,0.418,0.28671038
1554780314905,29.591,121.4,0.00565,0.418,0.28671038
1554780314951,29.637,121.4,0.00565,0.418,0.28671038
1554780314998,29.684,121.4,0.00565,0.418,0.28671038
1554780315060,29.746,121.4,0.00563,0.42,0.28706244
1554780315106,29.792,121.4,0.00563,0.42,0.28706244
1554780315152,29.838,121.4,0.00563,0.42,0.28706244
1554780315198,29.884,121.4,0.00563,0.42,0.28706244
1554780315259,29.945,121.5,0.00562,0.421,0.28747143
1554780315306,29.992,121.5,0.00562,0.421,0.28747143
1554780315352,30.038,121.5,0.00562,0.421,0.28747143
1554780315398,30.084,121.5,0.00562,0.421,0.28747143
1554780315460,30.146,121.4,0.00561,0.422,0.287404788
1554780315506,30.192,121.4,0.00561,0.422,0.287404788
1554780315552,30.238,121.4,0.00561,0.422,0.287404788
1554780315599,30.285,121.4,0.00561,0.422,0.287404788
1554780315660,30.346,121.4,0.00564,0.421,0.288257016
1554780315706,30.392,121.4,0.00564,0.421,0.288257016
1554780315752,30.438,121.4,0.00564,0.421,0.288257016
1554780315798,30.484,121.4,0.00564,0.421,0.288257016
1554780315859,30.545,121.4,0.00568,0.42,0.28961184
1554780315905,30.591,121.4,0.00568,0.42,0.28961184
1554780315952,30.638,121.4,0.00568,0.42,0.28961184
1554780315998,30.684,121.4,0.00568,0.42,0.28961184
1554780316060,30.746,121.4,0.00563,0.422,0.288429404
1554780316106,30.792,121.4,0.00563,0.422,0.288429404
1554780316152,30.838,121.4,0.00563,0.422,0.288429404
1554780316198,30.884,121.4,0.00563,0.422,0.288429404
1554780316259,30.945,121.4,0.00568,0.422,0.290990944
1554780316305,30.992,121.4,0.00568,0.422,0.290990944
1554780316352,31.038,121.4,0.00568,0.422,0.290990944
1554780316398,31.084,121.4,0.00568,0.422,0.290990944
1554780316460,31.146,121.4,0.00565,0.42,0.2880822
1554780316506,31.192,121.4,0.00565,0.42,0.2880822
1554780316553,31.239,121.4,0.00565,0.42,0.2880822
1554780316599,31.285,121.4,0.00565,0.42,0.2880822
1554780316660,31.346,121.4,0.00568,0.42,0.28961184
1554780316706,31.392,121.4,0.00568,0.42,0.28961184
1554780316752,31.438,121.4,0.00568,0.42,0.28961184
1554780316799,31.485,121.4,0.00568,0.42,0.28961184
1554780316860,31.546,121.4,0.00565,0.422,0.28945402
1554780316906,31.592,121.4,0.00565,0.422,0.28945402
1554780316952,31.638,121.4,0.00565,0.422,0.28945402
1554780316998,31.684,121.4,0.00565,0.422,0.28945402
1554780317059,31.745,121.4,0.00563,0.423,0.289112886
1554780317105,31.791,121.4,0.00563,0.423,0.289112886
1554780317152,31.838,121.4,0.00563,0.423,0.289112886
1554780317198,31.884,121.4,0.00563,0.423,0.289112886
1554780317259,31.945,121.4,0.00563,0.422,0.288429404
1554780317305,31.991,121.4,0.00563,0.422,0.288429404
1554780317351,32.037,121.4,0.00563,0.422,0.288429404
1554780317397,32.083,121.4,0.00563,0.422,0.288429404
1554780317459,32.145,121.4,0.00561,0.423,0.288085842
1554780317505,32.191,121.4,0.00561,0.423,0.288085842
1554780317551,32.237,121.4,0.00561,0.423,0.288085842
1554780317598,32.284,121.4,0.00561,0.423,0.288085842
1554780317660,32.346,121.3,0.00558,0.424,0.286986096
1554780317706,32.392,121.3,0.00558,0.424,0.286986096
1554780317752,32.438,121.3,0.00558,0.424,0.286986096
1554780317798,32.484,121.3,0.00558,0.424,0.286986096
1554780317859,32.545,121.4,0.00558,0.425,0.2879001
1554780317905,32.591,121.4,0.00558,0.425,0.2879001
1554780317951,32.637,121.4,0.00558,0.425,0.2879001
1554780317997,32.683,121.4,0.00558,0.425,0.2879001
1554780318060,32.746,121.4,0.00562,0.423,0.288599364
1554780318106,32.792,121.4,0.00562,0.423,0.288599364
1554780318152,32.838,121.4,0.00562,0.423,0.288599364
1554780318198,32.884,121.4,0.00562,0.423,0.288599364
1554780318259,32.945,121.4,0.00557,0.424,0.286707952
1554780318305,32.991,121.4,0.00557,0.424,0.286707952
1554780318351,33.037,121.4,0.00557,0.424,0.286707952
1554780318397,33.083,121.4,0.00557,0.424,0.286707952
1554780318460,33.146,121.4,0.00558,0.421,0.285190452
1554780318506,33.192,121.4,0.00558,0.421,0.285190452
1554780318552,33.238,121.4,0.00558,0.421,0.285190452
1554780318598,33.284,121.4,0.00558,0.421,0.285190452
1554780318659,33.345,121.4,0.0056,0.419,0.28485296
1554780318705,33.391,121.4,0.0056,0.419,0.28485296
1554780318751,33.437,121.4,0.0056,0.419,0.28485296
1554780318798,33.484,121.4,0.0056,0.419,0.28485296
1554780318860,33.546,121.4,0.00562,0.42,0.28655256
1554780318906,33.592,121.4,0.00562,0.42,0.28655256
1554780318952,33.638,121.4,0.00562,0.42,0.28655256
1554780318998,33.684,121.4,0.00562,0.42,0.28655256
1554780319060,33.746,121.4,0.00563,0.421,0.287745922
1554780319106,33.792,121.4,0.00563,0.421,0.287745922
1554780319152,33.838,121.4,0.00563,0.421,0.287745922
1554780319198,33.884,121.4,0.00563,0.421,0.287745922
1554780319259,33.945,121.4,0.00562,0.421,0.287234828
1554780319305,33.991,121.4,0.00562,0.421,0.287234828
1554780319351,34.037,121.4,0.00562,0.421,0.287234828
1554780319397,34.083,121.4,0.00562,0.421,0.287234828
1554780319459,34.145,121.4,0.00559,0.422,0.286380172
1554780319505,34.191,121.4,0.00559,0.422,0.286380172
1554780319551,34.237,121.4,0.00559,0.422,0.286380172
1554780319598,34.284,121.4,0.00559,0.422,0.286380172
1554780319659,34.345,121.4,0.00562,0.423,0.288599364
1554780319705,34.391,121.4,0.00562,0.423,0.288599364
1554780319751,34.437,121.4,0.00562,0.423,0.288599364
1554780319797,34.483,121.4,0.00562,0.423,0.288599364
1554780319860,34.546,121.4,0.00563,0.423,0.289112886
1554780319906,34.592,121.4,0.00563,0.423,0.289112886
1554780319952,34.638,121.4,0.00563,0.423,0.289112886
1554780319998,34.684,121.4,0.00563,0.423,0.289112886
1554780320059,34.745,121.4,0.00563,0.424,0.289796368
1554780320105,34.791,121.4,0.00563,0.424,0.289796368
1554780320151,34.837,121.4,0.00563,0.424,0.289796368
1554780320197,34.883,121.4,0.00563,0.424,0.289796368
1554780320260,34.946,121.4,0.00567,0.419,0.288413622
1554780320306,34.992,121.4,0.00567,0.419,0.288413622
1554780320352,35.038,121.4,0.00567,0.419,0.288413622
1554780320398,35.084,121.4,0.00567,0.419,0.288413622
1554780320459,35.145,121.4,0.00564,0.42,0.28757232
1554780320505,35.191,121.4,0.00564,0.42,0.28757232
1554780320551,35.237,121.4,0.00564,0.42,0.28757232
1554780320597,35.283,121.4,0.00564,0.42,0.28757232
1554780320660,35.346,121.4,0.00564,0.422,0.288941712
1554780320706,35.392,121.4,0.00564,0.422,0.288941712
1554780320752,35.438,121.4,0.00564,0.422,0.288941712
1554780320798,35.484,121.4,0.00564,0.422,0.288941712
1554780320859,35.545,121.4,0.00564,0.425,0.2909958
1554780320905,35.591,121.4,0.00564,0.425,0.2909958
1554780320951,35.637,121.4,0.00564,0.425,0.2909958
1554780320998,35.684,121.4,0.00564,0.425,0.2909958
1554780321059,35.745,121.4,0.00566,0.423,0.290653452
1554780321105,35.791,121.4,0.00566,0.423,0.290653452
1554780321151,35.837,121.4,0.00566,0.423,0.290653452
1554780321197,35.883,121.4,0.00566,0.423,0.290653452
1554780321259,35.946,121.4,0.00563,0.422,0.288429404
1554780321305,35.992,121.4,0.00563,0.422,0.288429404
1554780321352,36.038,121.4,0.00563,0.422,0.288429404
1554780321398,36.084,121.4,0.00563,0.422,0.288429404
1554780321459,36.145,121.4,0.00563,0.422,0.288429404
1554780321505,36.191,121.4,0.00563,0.422,0.288429404
1554780321551,36.237,121.4,0.00563,0.422,0.288429404
1554780321597,36.283,121.4,0.00563,0.422,0.288429404
1554780321660,36.346,121.4,0.00563,0.42,0.28706244
1554780321706,36.392,121.4,0.00563,0.42,0.28706244
1554780321752,36.438,121.4,0.00563,0.42,0.28706244
1554780321798,36.484,121.4,0.00563,0.42,0.28706244
1554780321859,36.545,121.4,0.00561,0.42,0.28604268
1554780321905,36.591,121.4,0.00561,0.42,0.28604268
1554780321951,36.637,121.4,0.00561,0.42,0.28604268
1554780321997,36.683,121.4,0.00561,0.42,0.28604268
1554780322060,36.746,121.4,0.0056,0.422,0.28689248
1554780322106,36.792,121.4,0.0056,0.422,0.28689248
1554780322152,36.838,121.4,0.0056,0.422,0.28689248
1554780322198,36.884,121.4,0.0056,0.422,0.28689248
1554780322259,36.945,121.4,0.00559,0.421,0.285701546
1554780322306,36.992,121.4,0.00559,0.421,0.285701546
1554780322352,37.038,121.4,0.00559,0.421,0.285701546
1554780322398,37.084,121.4,0.00559,0.421,0.285701546
1554780322459,37.145,121.4,0.00564,0.418,0.286202928
1554780322505,37.191,121.4,0.00564,0.418,0.286202928
1554780322552,37.238,121.4,0.00564,0.418,0.286202928
1554780322598,37.284,121.4,0.00564,0.418,0.286202928
1554780322659,37.345,121.4,0.00559,0.421,0.285701546
1554780322705,37.391,121.4,0.00559,0.421,0.285701546
1554780322751,37.437,121.4,0.00559,0.421,0.285701546
1554780322797,37.483,121.4,0.00559,0.421,0.285701546
1554780322860,37.546,121.4,0.0056,0.422,0.28689248
1554780322906,37.592,121.4,0.0056,0.422,0.28689248
1554780322952,37.638,121.4,0.0056,0.422,0.28689248
1554780322998,37.684,121.4,0.0056,0.422,0.28689248
1554780323059,37.745,121.5,0.00563,0.423,0.289351035
1554780323105,37.791,121.5,0.00563,0.423,0.289351035
1554780323151,37.837,121.5,0.00563,0.423,0.289351035
1554780323198,37.884,121.5,0.00563,0.423,0.289351035
1554780323260,37.946,121.5,0.00562,0.421,0.28747143
1554780323306,37.992,121.5,0.00562,0.421,0.28747143
1554780323352,38.038,121.5,0.00562,0.421,0.28747143
1554780323398,38.084,121.5,0.00562,0.421,0.28747143
1554780323459,38.145,121.5,0.0056,0.422,0.2871288
1554780323505,38.191,121.5,0.0056,0.422,0.2871288
1554780323552,38.238,121.5,0.0056,0.422,0.2871288
1554780323598,38.284,121.5,0.0056,0.422,0.2871288
1554780323659,38.345,121.4,0.00563,0.42,0.28706244
1554780323705,38.391,121.4,0.00563,0.42,0.28706244
1554780323751,38.437,121.4,0.00563,0.42,0.28706244
1554780323797,38.483,121.4,0.00563,0.42,0.28706244
1554780323860,38.546,121.4,0.00567,0.422,0.290478636
1554780323906,38.592,121.4,0.00567,0.422,0.290478636
1554780323952,38.638,121.4,0.00567,0.422,0.290478636
1554780323998,38.684,121.4,0.00567,0.422,0.290478636
1554780324059,38.745,121.4,0.00704,0.431,0.368356736
1554780324106,38.792,121.4,0.00704,0.431,0.368356736
1554780324152,38.838,121.4,0.00704,0.431,0.368356736
1554780324198,38.884,121.4,0.00704,0.431,0.368356736
1554780324259,38.945,121.4,0.00723,0.435,0.38180907
1554780324305,38.991,121.4,0.00723,0.435,0.38180907
1554780324351,39.037,121.4,0.00723,0.435,0.38180907
1554780324397,39.083,121.4,0.00723,0.435,0.38180907
1554780324460,39.146,121.4,0.00728,0.436,0.385333312
1554780324506,39.192,121.4,0.00728,0.436,0.385333312
1554780324552,39.238,121.4,0.00728,0.436,0.385333312
1554780324599,39.285,121.4,0.00728,0.436,0.385333312
1554780324660,39.346,121.4,0.00728,0.435,0.38444952
1554780324706,39.392,121.4,0.00728,0.435,0.38444952
1554780324752,39.438,121.4,0.00728,0.435,0.38444952
1554780324798,39.484,121.4,0.00728,0.435,0.38444952
1554780324859,39.545,121.4,0.0073,0.434,0.38461948
1554780324905,39.591,121.4,0.0073,0.434,0.38461948
1554780324951,39.637,121.4,0.0073,0.434,0.38461948
1554780324997,39.684,121.4,0.0073,0.434,0.38461948
1554780325060,39.746,121.4,0.00725,0.436,0.3837454
1554780325106,39.792,121.4,0.00725,0.436,0.3837454
1554780325152,39.838,121.4,0.00725,0.436,0.3837454
1554780325198,39.884,121.4,0.00725,0.436,0.3837454
1554780325259,39.945,121.4,0.00722,0.438,0.383910504
1554780325305,39.991,121.4,0.00722,0.438,0.383910504
1554780325350,40.036,121.4,0.00722,0.438,0.383910504
1554780325396,40.082,121.4,0.00722,0.438,0.383910504
1554780325459,40.145,121.4,0.00721,0.437,0.382503478
1554780325505,40.191,121.4,0.00721,0.437,0.382503478
1554780325551,40.237,121.4,0.00721,0.437,0.382503478
1554780325596,40.282,121.4,0.00721,0.437,0.382503478
1554780325659,40.346,121.4,0.00722,0.437,0.383033996
1554780325706,40.392,121.4,0.00722,0.437,0.383033996
1554780325752,40.438,121.4,0.00722,0.437,0.383033996
1554780325798,40.484,121.4,0.00722,0.437,0.383033996
1554780325859,40.545,121.4,0.00718,0.438,0.381783576
1554780325905,40.591,121.4,0.00718,0.438,0.381783576
1554780325951,40.637,121.4,0.00718,0.438,0.381783576
1554780325996,40.683,121.4,0.00718,0.438,0.381783576
1554780326059,40.745,121.4,0.00674,0.432,0.353477952
1554780326105,40.791,121.4,0.00674,0.432,0.353477952
1554780326151,40.837,121.4,0.00674,0.432,0.353477952
1554780326197,40.883,121.4,0.00674,0.432,0.353477952
1554780326259,40.945,121.4,0.00663,0.433,0.348513906
1554780326305,40.991,121.4,0.00663,0.433,0.348513906
1554780326351,41.037,121.4,0.00663,0.433,0.348513906
1554780326398,41.084,121.4,0.00663,0.433,0.348513906
1554780326459,41.145,121.4,0.00657,0.434,0.346157532
1554780326505,41.191,121.4,0.00657,0.434,0.346157532
1554780326551,41.237,121.4,0.00657,0.434,0.346157532
1554780326597,41.283,121.4,0.00657,0.434,0.346157532
1554780326659,41.345,121.4,0.00657,0.433,0.345359934
1554780326705,41.391,121.4,0.00657,0.433,0.345359934
1554780326751,41.437,121.4,0.00657,0.433,0.345359934
1554780326797,41.483,121.4,0.00657,0.433,0.345359934
1554780326860,41.546,121.4,0.00663,0.433,0.348513906
1554780326906,41.592,121.4,0.00663,0.433,0.348513906
1554780326952,41.638,121.4,0.00663,0.433,0.348513906
1554780326998,41.684,121.4,0.00663,0.433,0.348513906
1554780327059,41.745,121.5,0.00668,0.43,0.3489966
1554780327105,41.791,121.5,0.00668,0.43,0.3489966
1554780327151,41.837,121.5,0.00668,0.43,0.3489966
1554780327197,41.883,121.5,0.00668,0.43,0.3489966
1554780327259,41.945,121.5,0.00662,0.433,0.34827489
1554780327305,41.991,121.5,0.00662,0.433,0.34827489
You pressed Ctrl+C!
1554780327352,42.038,121.5,0.00662,0.433,0.34827489
