# Mon Apr 08 22:43:22 2019
abstime,time_stamp,volt,curr,pf,mul
1554788602606,0.08,121.1,0.00612,0.425,0.3149811
1554788602653,0.127,121.1,0.00563,0.419,0.285671267
1554788602699,0.173,121.1,0.00563,0.419,0.285671267
1554788602745,0.219,121.1,0.00563,0.419,0.285671267
1554788602790,0.264,121.1,0.00563,0.419,0.285671267
1554788602852,0.326,121.1,0.00564,0.419,0.286178676
1554788602898,0.372,121.1,0.00564,0.419,0.286178676
1554788602943,0.417,121.1,0.00564,0.419,0.286178676
1554788602989,0.463,121.1,0.00564,0.419,0.286178676
1554788603053,0.527,121.1,0.00565,0.419,0.286686085
1554788603099,0.573,121.1,0.00565,0.419,0.286686085
1554788603144,0.618,121.1,0.00565,0.419,0.286686085
1554788603189,0.663,121.1,0.00565,0.419,0.286686085
1554788603252,0.726,121.1,0.00572,0.417,0.288852564
1554788603298,0.772,121.1,0.00572,0.417,0.288852564
1554788603344,0.819,121.1,0.00572,0.417,0.288852564
1554788603391,0.865,121.1,0.00572,0.417,0.288852564
1554788603453,0.927,121.1,0.00565,0.418,0.28600187
1554788603499,0.973,121.1,0.00565,0.418,0.28600187
1554788603545,1.019,121.1,0.00565,0.418,0.28600187
1554788603592,1.066,121.1,0.00565,0.418,0.28600187
1554788603653,1.127,121.1,0.0057,0.421,0.29060367
1554788603699,1.173,121.1,0.0057,0.421,0.29060367
1554788603745,1.219,121.1,0.0057,0.421,0.29060367
1554788603791,1.265,121.1,0.0057,0.421,0.29060367
1554788603852,1.326,121.1,0.00568,0.42,0.28889616
1554788603898,1.372,121.1,0.00568,0.42,0.28889616
1554788603944,1.418,121.1,0.00568,0.42,0.28889616
1554788603990,1.464,121.1,0.00568,0.42,0.28889616
1554788604053,1.527,121.1,0.00569,0.42,0.28940478
1554788604099,1.573,121.1,0.00569,0.42,0.28940478
1554788604145,1.619,121.1,0.00569,0.42,0.28940478
1554788604191,1.665,121.1,0.00569,0.42,0.28940478
1554788604252,1.726,121.1,0.00571,0.423,0.292496463
1554788604298,1.772,121.1,0.00571,0.423,0.292496463
1554788604345,1.819,121.1,0.00571,0.423,0.292496463
1554788604391,1.865,121.1,0.00571,0.423,0.292496463
1554788604453,1.927,121.1,0.00568,0.423,0.290959704
1554788604499,1.973,121.1,0.00568,0.423,0.290959704
1554788604545,2.019,121.1,0.00568,0.423,0.290959704
1554788604591,2.065,121.1,0.00568,0.423,0.290959704
1554788604653,2.127,121.2,0.00568,0.421,0.289823136
1554788604699,2.173,121.2,0.00568,0.421,0.289823136
1554788604745,2.219,121.2,0.00568,0.421,0.289823136
1554788604791,2.265,121.2,0.00568,0.421,0.289823136
1554788604853,2.327,121.2,0.00567,0.42,0.28862568
1554788604900,2.374,121.2,0.00567,0.42,0.28862568
1554788604946,2.42,121.2,0.00567,0.42,0.28862568
1554788604992,2.466,121.2,0.00567,0.42,0.28862568
1554788605053,2.527,121.1,0.00565,0.418,0.28600187
1554788605099,2.573,121.1,0.00565,0.418,0.28600187
1554788605145,2.619,121.1,0.00565,0.418,0.28600187
1554788605191,2.665,121.1,0.00565,0.418,0.28600187
1554788605252,2.726,121.1,0.00567,0.418,0.287014266
1554788605298,2.772,121.1,0.00567,0.418,0.287014266
1554788605344,2.818,121.1,0.00567,0.418,0.287014266
1554788605390,2.864,121.1,0.00567,0.418,0.287014266
1554788605454,2.928,121.1,0.00566,0.42,0.28787892
1554788605500,2.974,121.1,0.00566,0.42,0.28787892
1554788605546,3.02,121.1,0.00566,0.42,0.28787892
1554788605592,3.066,121.1,0.00566,0.42,0.28787892
1554788605653,3.127,121.2,0.00565,0.419,0.28692282
1554788605699,3.173,121.2,0.00565,0.419,0.28692282
1554788605744,3.218,121.2,0.00565,0.419,0.28692282
1554788605790,3.264,121.2,0.00565,0.419,0.28692282
1554788605853,3.327,121.1,0.00565,0.419,0.286686085
1554788605899,3.374,121.1,0.00565,0.419,0.286686085
1554788605946,3.42,121.1,0.00565,0.419,0.286686085
1554788605992,3.466,121.1,0.00565,0.419,0.286686085
1554788606053,3.527,121.1,0.00564,0.416,0.284129664
1554788606099,3.573,121.1,0.00564,0.416,0.284129664
1554788606145,3.619,121.1,0.00564,0.416,0.284129664
1554788606191,3.665,121.1,0.00564,0.416,0.284129664
1554788606253,3.727,121.1,0.00561,0.42,0.28533582
1554788606299,3.774,121.1,0.00561,0.42,0.28533582
1554788606346,3.82,121.1,0.00561,0.42,0.28533582
1554788606392,3.866,121.1,0.00561,0.42,0.28533582
1554788606453,3.927,121.1,0.00557,0.423,0.285324921
1554788606499,3.973,121.1,0.00557,0.423,0.285324921
1554788606545,4.019,121.1,0.00557,0.423,0.285324921
1554788606591,4.065,121.1,0.00557,0.423,0.285324921
1554788606653,4.127,121.1,0.00559,0.423,0.286349427
1554788606699,4.173,121.1,0.00559,0.423,0.286349427
1554788606745,4.22,121.1,0.00559,0.423,0.286349427
1554788606792,4.266,121.1,0.00559,0.423,0.286349427
1554788606853,4.327,121.1,0.00557,0.424,0.285999448
1554788606899,4.373,121.1,0.00557,0.424,0.285999448
1554788606945,4.419,121.1,0.00557,0.424,0.285999448
1554788606991,4.465,121.1,0.00557,0.424,0.285999448
1554788607052,4.526,121.1,0.00563,0.422,0.287716646
1554788607098,4.572,121.1,0.00563,0.422,0.287716646
1554788607144,4.618,121.1,0.00563,0.422,0.287716646
1554788607190,4.664,121.1,0.00563,0.422,0.287716646
1554788607253,4.727,121.1,0.00562,0.422,0.287205604
1554788607299,4.773,121.1,0.00562,0.422,0.287205604
1554788607345,4.819,121.1,0.00562,0.422,0.287205604
1554788607391,4.865,121.1,0.00562,0.422,0.287205604
1554788607452,4.926,121.1,0.00567,0.42,0.28838754
1554788607498,4.972,121.1,0.00567,0.42,0.28838754
1554788607544,5.018,121.1,0.00567,0.42,0.28838754
1554788607590,5.064,121.1,0.00567,0.42,0.28838754
1554788607653,5.127,121.1,0.0057,0.42,0.2899134
1554788607699,5.173,121.1,0.0057,0.42,0.2899134
1554788607745,5.219,121.1,0.0057,0.42,0.2899134
1554788607791,5.265,121.1,0.0057,0.42,0.2899134
1554788607852,5.326,121.1,0.00566,0.419,0.287193494
1554788607898,5.372,121.1,0.00566,0.419,0.287193494
1554788607944,5.418,121.1,0.00566,0.419,0.287193494
1554788607990,5.464,121.1,0.00566,0.419,0.287193494
1554788608053,5.527,121.1,0.00569,0.421,0.290093839
1554788608099,5.573,121.1,0.00569,0.421,0.290093839
1554788608145,5.619,121.1,0.00569,0.421,0.290093839
1554788608191,5.665,121.1,0.00569,0.421,0.290093839
1554788608252,5.726,121.1,0.00573,0.419,0.290745357
1554788608298,5.772,121.1,0.00573,0.419,0.290745357
1554788608344,5.819,121.1,0.00573,0.419,0.290745357
1554788608391,5.865,121.1,0.00573,0.419,0.290745357
1554788608452,5.926,121.1,0.00575,0.419,0.291760175
1554788608498,5.972,121.1,0.00575,0.419,0.291760175
1554788608544,6.018,121.1,0.00575,0.419,0.291760175
1554788608590,6.064,121.1,0.00575,0.419,0.291760175
1554788608652,6.126,121.2,0.00575,0.417,0.2906073
1554788608698,6.172,121.2,0.00575,0.417,0.2906073
1554788608744,6.218,121.2,0.00575,0.417,0.2906073
1554788608791,6.265,121.2,0.00575,0.417,0.2906073
1554788608852,6.326,121.2,0.00566,0.419,0.287430648
1554788608898,6.372,121.2,0.00566,0.419,0.287430648
1554788608944,6.418,121.2,0.00566,0.419,0.287430648
1554788608990,6.464,121.2,0.00566,0.419,0.287430648
1554788609052,6.526,121.1,0.00568,0.419,0.288208312
1554788609098,6.572,121.1,0.00568,0.419,0.288208312
1554788609144,6.618,121.1,0.00568,0.419,0.288208312
1554788609191,6.665,121.1,0.00568,0.419,0.288208312
1554788609252,6.726,121.1,0.00568,0.418,0.287520464
1554788609298,6.772,121.1,0.00568,0.418,0.287520464
1554788609344,6.818,121.1,0.00568,0.418,0.287520464
1554788609390,6.864,121.1,0.00568,0.418,0.287520464
1554788609452,6.926,121.1,0.00567,0.418,0.287014266
1554788609499,6.973,121.1,0.00567,0.418,0.287014266
1554788609545,7.019,121.1,0.00567,0.418,0.287014266
1554788609591,7.065,121.1,0.00567,0.418,0.287014266
1554788609652,7.126,121.2,0.00566,0.419,0.287430648
1554788609698,7.172,121.2,0.00566,0.419,0.287430648
1554788609744,7.218,121.2,0.00566,0.419,0.287430648
1554788609790,7.264,121.2,0.00566,0.419,0.287430648
1554788609852,7.326,121.2,0.00565,0.416,0.28486848
1554788609899,7.373,121.2,0.00565,0.416,0.28486848
1554788609945,7.419,121.2,0.00565,0.416,0.28486848
1554788609991,7.465,121.2,0.00565,0.416,0.28486848
1554788610052,7.526,121.1,0.00564,0.418,0.285495672
1554788610098,7.572,121.1,0.00564,0.418,0.285495672
1554788610145,7.619,121.1,0.00564,0.418,0.285495672
1554788610191,7.665,121.1,0.00564,0.418,0.285495672
1554788610252,7.726,121.1,0.00562,0.417,0.283802694
1554788610298,7.772,121.1,0.00562,0.417,0.283802694
1554788610344,7.818,121.1,0.00562,0.417,0.283802694
1554788610390,7.864,121.1,0.00562,0.417,0.283802694
1554788610451,7.925,121.1,0.00564,0.417,0.284812668
1554788610497,7.971,121.1,0.00564,0.417,0.284812668
1554788610543,8.017,121.1,0.00564,0.417,0.284812668
1554788610589,8.063,121.1,0.00564,0.417,0.284812668
1554788610652,8.126,121.1,0.00565,0.419,0.286686085
1554788610698,8.172,121.1,0.00565,0.419,0.286686085
1554788610744,8.218,121.1,0.00565,0.419,0.286686085
1554788610790,8.264,121.1,0.00565,0.419,0.286686085
1554788610852,8.326,121.1,0.00565,0.42,0.2873703
1554788610897,8.371,121.1,0.00565,0.42,0.2873703
1554788610944,8.418,121.1,0.00565,0.42,0.2873703
1554788610990,8.464,121.1,0.00565,0.42,0.2873703
1554788611052,8.526,121.1,0.00568,0.418,0.287520464
1554788611098,8.572,121.1,0.00568,0.418,0.287520464
1554788611144,8.618,121.1,0.00568,0.418,0.287520464
1554788611190,8.664,121.1,0.00568,0.418,0.287520464
1554788611251,8.725,121.1,0.0057,0.416,0.28715232
1554788611297,8.771,121.1,0.0057,0.416,0.28715232
1554788611343,8.817,121.1,0.0057,0.416,0.28715232
1554788611390,8.864,121.1,0.0057,0.416,0.28715232
1554788611452,8.926,121.1,0.00569,0.418,0.288026662
1554788611498,8.972,121.1,0.00569,0.418,0.288026662
1554788611544,9.018,121.1,0.00569,0.418,0.288026662
1554788611590,9.064,121.1,0.00569,0.418,0.288026662
1554788611652,9.126,121.1,0.00568,0.424,0.291647552
1554788611698,9.172,121.1,0.00568,0.424,0.291647552
1554788611744,9.218,121.1,0.00568,0.424,0.291647552
1554788611790,9.264,121.1,0.00568,0.424,0.291647552
1554788611852,9.326,121.1,0.00563,0.422,0.287716646
1554788611898,9.372,121.1,0.00563,0.422,0.287716646
1554788611945,9.419,121.1,0.00563,0.422,0.287716646
1554788611991,9.465,121.1,0.00563,0.422,0.287716646
1554788612052,9.526,121.1,0.00567,0.421,0.289074177
1554788612098,9.572,121.1,0.00567,0.421,0.289074177
1554788612144,9.618,121.1,0.00567,0.421,0.289074177
1554788612190,9.664,121.1,0.00567,0.421,0.289074177
1554788612251,9.725,121.1,0.00573,0.419,0.290745357
1554788612297,9.771,121.1,0.00573,0.419,0.290745357
1554788612343,9.817,121.1,0.00573,0.419,0.290745357
1554788612389,9.863,121.1,0.00573,0.419,0.290745357
1554788612452,9.926,121.2,0.00574,0.418,0.290797584
1554788612498,9.972,121.2,0.00574,0.418,0.290797584
1554788612544,10.018,121.2,0.00574,0.418,0.290797584
1554788612590,10.064,121.2,0.00574,0.418,0.290797584
1554788612651,10.125,121.2,0.00571,0.419,0.289969788
1554788612697,10.171,121.2,0.00571,0.419,0.289969788
1554788612743,10.217,121.2,0.00571,0.419,0.289969788
1554788612789,10.263,121.2,0.00571,0.419,0.289969788
1554788612852,10.326,121.2,0.0057,0.42,0.2901528
1554788612898,10.372,121.2,0.0057,0.42,0.2901528
1554788612944,10.418,121.2,0.0057,0.42,0.2901528
1554788612990,10.464,121.2,0.0057,0.42,0.2901528
1554788613052,10.526,121.2,0.00566,0.421,0.288802632
1554788613098,10.572,121.2,0.00566,0.421,0.288802632
1554788613144,10.618,121.2,0.00566,0.421,0.288802632
1554788613190,10.664,121.2,0.00566,0.421,0.288802632
1554788613251,10.725,121.2,0.00566,0.421,0.288802632
1554788613297,10.771,121.2,0.00566,0.421,0.288802632
1554788613343,10.817,121.2,0.00566,0.421,0.288802632
1554788613389,10.863,121.2,0.00566,0.421,0.288802632
1554788613452,10.926,121.1,0.00563,0.419,0.285671267
1554788613498,10.972,121.1,0.00563,0.419,0.285671267
1554788613544,11.018,121.1,0.00563,0.419,0.285671267
1554788613590,11.064,121.1,0.00563,0.419,0.285671267
1554788613651,11.125,121.2,0.00563,0.422,0.287954232
1554788613697,11.171,121.2,0.00563,0.422,0.287954232
1554788613743,11.217,121.2,0.00563,0.422,0.287954232
1554788613790,11.264,121.2,0.00563,0.422,0.287954232
1554788613852,11.326,121.2,0.00567,0.417,0.286564068
1554788613898,11.372,121.2,0.00567,0.417,0.286564068
1554788613944,11.418,121.2,0.00567,0.417,0.286564068
1554788613990,11.464,121.2,0.00567,0.417,0.286564068
1554788614051,11.525,121.1,0.00562,0.418,0.284483276
1554788614098,11.572,121.1,0.00562,0.418,0.284483276
1554788614144,11.618,121.1,0.00562,0.418,0.284483276
1554788614190,11.664,121.1,0.00562,0.418,0.284483276
1554788614252,11.726,121.1,0.0056,0.419,0.28414904
1554788614298,11.772,121.1,0.0056,0.419,0.28414904
1554788614344,11.818,121.1,0.0056,0.419,0.28414904
1554788614390,11.864,121.1,0.0056,0.419,0.28414904
1554788614451,11.925,121.1,0.00561,0.422,0.286694562
1554788614498,11.972,121.1,0.00561,0.422,0.286694562
1554788614544,12.018,121.1,0.00561,0.422,0.286694562
1554788614590,12.064,121.1,0.00561,0.422,0.286694562
1554788614651,12.125,121.1,0.00562,0.421,0.286525022
1554788614697,12.171,121.1,0.00562,0.421,0.286525022
1554788614743,12.217,121.1,0.00562,0.421,0.286525022
1554788614789,12.263,121.1,0.00562,0.421,0.286525022
1554788614852,12.326,121.1,0.00562,0.42,0.28584444
1554788614898,12.372,121.1,0.00562,0.42,0.28584444
1554788614944,12.418,121.1,0.00562,0.42,0.28584444
1554788614990,12.464,121.1,0.00562,0.42,0.28584444
1554788615051,12.525,121.1,0.00563,0.42,0.28635306
1554788615097,12.571,121.1,0.00563,0.42,0.28635306
1554788615144,12.618,121.1,0.00563,0.42,0.28635306
1554788615190,12.664,121.1,0.00563,0.42,0.28635306
1554788615252,12.726,121.1,0.00566,0.421,0.288564346
1554788615298,12.772,121.1,0.00566,0.421,0.288564346
1554788615344,12.818,121.1,0.00566,0.421,0.288564346
1554788615390,12.864,121.1,0.00566,0.421,0.288564346
1554788615451,12.925,121.1,0.00566,0.423,0.289935198
1554788615497,12.971,121.1,0.00566,0.423,0.289935198
1554788615543,13.017,121.1,0.00566,0.423,0.289935198
1554788615589,13.063,121.1,0.00566,0.423,0.289935198
1554788615652,13.126,121.1,0.00568,0.422,0.290271856
1554788615698,13.172,121.1,0.00568,0.422,0.290271856
1554788615744,13.218,121.1,0.00568,0.422,0.290271856
1554788615790,13.264,121.1,0.00568,0.422,0.290271856
1554788615851,13.325,121.2,0.00572,0.421,0.291864144
1554788615897,13.371,121.2,0.00572,0.421,0.291864144
1554788615943,13.417,121.2,0.00572,0.421,0.291864144
1554788615990,13.464,121.2,0.00572,0.421,0.291864144
1554788616052,13.526,121.2,0.00566,0.422,0.289488624
1554788616098,13.572,121.2,0.00566,0.422,0.289488624
1554788616144,13.618,121.2,0.00566,0.422,0.289488624
1554788616190,13.664,121.2,0.00566,0.422,0.289488624
1554788616251,13.725,121.1,0.0057,0.421,0.29060367
1554788616298,13.772,121.1,0.0057,0.421,0.29060367
1554788616344,13.818,121.1,0.0057,0.421,0.29060367
1554788616390,13.864,121.1,0.0057,0.421,0.29060367
1554788616451,13.925,121.1,0.00573,0.419,0.290745357
1554788616497,13.971,121.1,0.00573,0.419,0.290745357
1554788616543,14.017,121.1,0.00573,0.419,0.290745357
1554788616589,14.063,121.1,0.00573,0.419,0.290745357
1554788616652,14.126,121.2,0.00571,0.422,0.292045944
1554788616698,14.172,121.2,0.00571,0.422,0.292045944
1554788616745,14.219,121.2,0.00571,0.422,0.292045944
1554788616791,14.265,121.2,0.00571,0.422,0.292045944
1554788616851,14.325,121.2,0.00567,0.421,0.289312884
1554788616897,14.371,121.2,0.00567,0.421,0.289312884
1554788616943,14.417,121.2,0.00567,0.421,0.289312884
1554788616989,14.463,121.2,0.00567,0.421,0.289312884
1554788617051,14.525,121.2,0.00567,0.42,0.28862568
1554788617097,14.572,121.2,0.00567,0.42,0.28862568
1554788617144,14.618,121.2,0.00567,0.42,0.28862568
1554788617190,14.664,121.2,0.00567,0.42,0.28862568
1554788617251,14.725,121.1,0.00566,0.421,0.288564346
1554788617296,14.77,121.1,0.00566,0.421,0.288564346
1554788617342,14.817,121.1,0.00566,0.421,0.288564346
1554788617389,14.863,121.1,0.00566,0.421,0.288564346
1554788617451,14.925,121.1,0.00565,0.421,0.288054515
1554788617497,14.971,121.1,0.00565,0.421,0.288054515
1554788617544,15.018,121.1,0.00565,0.421,0.288054515
1554788617589,15.064,121.1,0.00565,0.421,0.288054515
1554788617651,15.125,121.2,0.00565,0.421,0.28829238
1554788617697,15.171,121.2,0.00565,0.421,0.28829238
1554788617743,15.217,121.2,0.00565,0.421,0.28829238
1554788617789,15.263,121.2,0.00565,0.421,0.28829238
1554788617851,15.325,121.2,0.00563,0.421,0.287271876
1554788617897,15.372,121.2,0.00563,0.421,0.287271876
1554788617944,15.418,121.2,0.00563,0.421,0.287271876
1554788617990,15.464,121.2,0.00563,0.421,0.287271876
1554788618051,15.525,121.1,0.0056,0.42,0.2848272
1554788618097,15.571,121.1,0.0056,0.42,0.2848272
1554788618143,15.617,121.1,0.0056,0.42,0.2848272
1554788618189,15.663,121.1,0.0056,0.42,0.2848272
1554788618251,15.725,121.1,0.00561,0.42,0.28533582
1554788618297,15.772,121.1,0.00561,0.42,0.28533582
1554788618344,15.818,121.1,0.00561,0.42,0.28533582
1554788618390,15.864,121.1,0.00561,0.42,0.28533582
1554788618451,15.925,121.1,0.00562,0.423,0.287886186
1554788618497,15.971,121.1,0.00562,0.423,0.287886186
1554788618543,16.017,121.1,0.00562,0.423,0.287886186
1554788618589,16.063,121.1,0.00562,0.423,0.287886186
1554788618651,16.125,121.1,0.00565,0.421,0.288054515
1554788618697,16.171,121.1,0.00565,0.421,0.288054515
1554788618743,16.217,121.1,0.00565,0.421,0.288054515
1554788618789,16.263,121.1,0.00565,0.421,0.288054515
1554788618851,16.325,121.2,0.00564,0.423,0.289149264
1554788618896,16.37,121.2,0.00564,0.423,0.289149264
1554788618943,16.417,121.2,0.00564,0.423,0.289149264
1554788618989,16.463,121.2,0.00564,0.423,0.289149264
1554788619051,16.525,121.1,0.00564,0.42,0.28686168
1554788619097,16.571,121.1,0.00564,0.42,0.28686168
1554788619144,16.618,121.1,0.00564,0.42,0.28686168
1554788619190,16.664,121.1,0.00564,0.42,0.28686168
1554788619251,16.725,121.1,0.00571,0.419,0.289730539
1554788619298,16.772,121.1,0.00571,0.419,0.289730539
1554788619344,16.818,121.1,0.00571,0.419,0.289730539
1554788619390,16.864,121.1,0.00571,0.419,0.289730539
1554788619451,16.925,121.1,0.00573,0.418,0.290051454
1554788619497,16.971,121.1,0.00573,0.418,0.290051454
1554788619543,17.017,121.1,0.00573,0.418,0.290051454
1554788619589,17.063,121.1,0.00573,0.418,0.290051454
1554788619651,17.125,121.1,0.00569,0.422,0.290782898
1554788619697,17.171,121.1,0.00569,0.422,0.290782898
1554788619743,17.218,121.1,0.00569,0.422,0.290782898
1554788619789,17.264,121.1,0.00569,0.422,0.290782898
1554788619851,17.325,121.2,0.0057,0.42,0.2901528
1554788619896,17.37,121.2,0.0057,0.42,0.2901528
1554788619942,17.417,121.2,0.0057,0.42,0.2901528
1554788619989,17.463,121.2,0.0057,0.42,0.2901528
1554788620051,17.525,121.1,0.0057,0.419,0.28922313
1554788620097,17.571,121.1,0.0057,0.419,0.28922313
1554788620143,17.617,121.1,0.0057,0.419,0.28922313
1554788620189,17.663,121.1,0.0057,0.419,0.28922313
1554788620250,17.725,121.1,0.00576,0.418,0.291570048
1554788620297,17.771,121.1,0.00576,0.418,0.291570048
1554788620343,17.817,121.1,0.00576,0.418,0.291570048
1554788620388,17.863,121.1,0.00576,0.418,0.291570048
1554788620451,17.925,121.1,0.00574,0.42,0.29194788
1554788620497,17.971,121.1,0.00574,0.42,0.29194788
1554788620543,18.017,121.1,0.00574,0.42,0.29194788
1554788620589,18.063,121.1,0.00574,0.42,0.29194788
1554788620650,18.124,121.2,0.00571,0.421,0.291353892
1554788620696,18.17,121.2,0.00571,0.421,0.291353892
1554788620742,18.216,121.2,0.00571,0.421,0.291353892
1554788620788,18.262,121.2,0.00571,0.421,0.291353892
1554788620851,18.325,121.2,0.00571,0.42,0.29066184
1554788620897,18.371,121.2,0.00571,0.42,0.29066184
1554788620943,18.417,121.2,0.00571,0.42,0.29066184
1554788620989,18.463,121.2,0.00571,0.42,0.29066184
1554788621051,18.525,121.2,0.00569,0.421,0.290333388
1554788621097,18.571,121.2,0.00569,0.421,0.290333388
1554788621143,18.617,121.2,0.00569,0.421,0.290333388
1554788621190,18.664,121.2,0.00569,0.421,0.290333388
1554788621251,18.725,121.1,0.00569,0.418,0.288026662
1554788621297,18.771,121.1,0.00569,0.418,0.288026662
1554788621343,18.817,121.1,0.00569,0.418,0.288026662
1554788621389,18.863,121.1,0.00569,0.418,0.288026662
1554788621450,18.924,121.1,0.00568,0.42,0.28889616
1554788621496,18.97,121.1,0.00568,0.42,0.28889616
1554788621542,19.016,121.1,0.00568,0.42,0.28889616
1554788621588,19.062,121.1,0.00568,0.42,0.28889616
1554788621650,19.124,121.2,0.0057,0.42,0.2901528
1554788621697,19.171,121.2,0.0057,0.42,0.2901528
1554788621743,19.217,121.2,0.0057,0.42,0.2901528
1554788621789,19.263,121.2,0.0057,0.42,0.2901528
1554788621851,19.325,121.2,0.00572,0.416,0.288397824
1554788621897,19.371,121.2,0.00572,0.416,0.288397824
1554788621943,19.417,121.2,0.00572,0.416,0.288397824
1554788621990,19.464,121.2,0.00572,0.416,0.288397824
1554788622051,19.525,121.2,0.00568,0.416,0.286381056
1554788622097,19.571,121.2,0.00568,0.416,0.286381056
1554788622143,19.617,121.2,0.00568,0.416,0.286381056
1554788622189,19.663,121.2,0.00568,0.416,0.286381056
1554788622251,19.725,121.1,0.00566,0.418,0.286508068
1554788622297,19.771,121.1,0.00566,0.418,0.286508068
1554788622343,19.817,121.1,0.00566,0.418,0.286508068
1554788622390,19.864,121.1,0.00566,0.418,0.286508068
1554788622451,19.925,121.1,0.00568,0.416,0.286144768
1554788622497,19.971,121.1,0.00568,0.416,0.286144768
1554788622543,20.017,121.1,0.00568,0.416,0.286144768
1554788622589,20.063,121.1,0.00568,0.416,0.286144768
1554788622650,20.124,121.1,0.00565,0.419,0.286686085
1554788622696,20.17,121.1,0.00565,0.419,0.286686085
1554788622742,20.216,121.1,0.00565,0.419,0.286686085
1554788622788,20.262,121.1,0.00565,0.419,0.286686085
1554788622851,20.325,121.1,0.0057,0.418,0.28853286
1554788622897,20.371,121.1,0.0057,0.418,0.28853286
1554788622943,20.417,121.1,0.0057,0.418,0.28853286
1554788622989,20.463,121.1,0.0057,0.418,0.28853286
1554788623050,20.524,121.1,0.00565,0.42,0.2873703
1554788623096,20.57,121.1,0.00565,0.42,0.2873703
1554788623142,20.616,121.1,0.00565,0.42,0.2873703
1554788623188,20.662,121.1,0.00565,0.42,0.2873703
1554788623251,20.725,121.0,0.00568,0.42,0.2886576
1554788623297,20.771,121.0,0.00568,0.42,0.2886576
1554788623343,20.817,121.0,0.00568,0.42,0.2886576
1554788623390,20.864,121.0,0.00568,0.42,0.2886576
1554788623451,20.925,121.0,0.00569,0.421,0.28985429
1554788623497,20.971,121.0,0.00569,0.421,0.28985429
1554788623543,21.017,121.0,0.00569,0.421,0.28985429
1554788623589,21.063,121.0,0.00569,0.421,0.28985429
1554788623650,21.124,121.1,0.00571,0.421,0.291113501
1554788623696,21.17,121.1,0.00571,0.421,0.291113501
1554788623742,21.216,121.1,0.00571,0.421,0.291113501
1554788623789,21.263,121.1,0.00571,0.421,0.291113501
1554788623851,21.325,121.1,0.00571,0.424,0.293187944
1554788623897,21.371,121.1,0.00571,0.424,0.293187944
1554788623943,21.417,121.1,0.00571,0.424,0.293187944
1554788623989,21.463,121.1,0.00571,0.424,0.293187944
1554788624050,21.524,121.1,0.0057,0.422,0.29129394
1554788624096,21.57,121.1,0.0057,0.422,0.29129394
1554788624142,21.616,121.1,0.0057,0.422,0.29129394
1554788624188,21.662,121.1,0.0057,0.422,0.29129394
1554788624251,21.725,121.0,0.00569,0.423,0.29123127
1554788624297,21.771,121.0,0.00569,0.423,0.29123127
1554788624343,21.817,121.0,0.00569,0.423,0.29123127
1554788624389,21.863,121.0,0.00569,0.423,0.29123127
1554788624450,21.925,121.1,0.00574,0.42,0.29194788
1554788624496,21.97,121.1,0.00574,0.42,0.29194788
1554788624542,22.017,121.1,0.00574,0.42,0.29194788
1554788624589,22.063,121.1,0.00574,0.42,0.29194788
1554788624650,22.124,121.1,0.00574,0.422,0.293338108
1554788624696,22.17,121.1,0.00574,0.422,0.293338108
1554788624742,22.216,121.1,0.00574,0.422,0.293338108
1554788624788,22.262,121.1,0.00574,0.422,0.293338108
1554788624851,22.325,121.1,0.00568,0.421,0.289584008
1554788624897,22.371,121.1,0.00568,0.421,0.289584008
1554788624943,22.417,121.1,0.00568,0.421,0.289584008
1554788624989,22.463,121.1,0.00568,0.421,0.289584008
1554788625050,22.524,121.1,0.00566,0.424,0.290620624
1554788625096,22.57,121.1,0.00566,0.424,0.290620624
1554788625142,22.616,121.1,0.00566,0.424,0.290620624
1554788625188,22.662,121.1,0.00566,0.424,0.290620624
1554788625250,22.725,121.1,0.00567,0.423,0.290447451
1554788625297,22.771,121.1,0.00567,0.423,0.290447451
1554788625343,22.817,121.1,0.00567,0.423,0.290447451
1554788625389,22.863,121.1,0.00567,0.423,0.290447451
1554788625450,22.924,121.1,0.00568,0.421,0.289584008
1554788625496,22.97,121.1,0.00568,0.421,0.289584008
1554788625542,23.016,121.1,0.00568,0.421,0.289584008
1554788625588,23.062,121.1,0.00568,0.421,0.289584008
1554788625650,23.124,121.1,0.0057,0.417,0.28784259
1554788625696,23.17,121.1,0.0057,0.417,0.28784259
1554788625743,23.217,121.1,0.0057,0.417,0.28784259
1554788625789,23.263,121.1,0.0057,0.417,0.28784259
1554788625850,23.324,121.2,0.00569,0.42,0.28964376
1554788625896,23.37,121.2,0.00569,0.42,0.28964376
1554788625942,23.416,121.2,0.00569,0.42,0.28964376
1554788625988,23.462,121.2,0.00569,0.42,0.28964376
1554788626050,23.525,121.1,0.00568,0.418,0.287520464
1554788626097,23.571,121.1,0.00568,0.418,0.287520464
1554788626143,23.617,121.1,0.00568,0.418,0.287520464
1554788626189,23.663,121.1,0.00568,0.418,0.287520464
1554788626250,23.724,121.1,0.00568,0.418,0.287520464
1554788626296,23.77,121.1,0.00568,0.418,0.287520464
1554788626342,23.816,121.1,0.00568,0.418,0.287520464
1554788626388,23.862,121.1,0.00568,0.418,0.287520464
1554788626451,23.925,121.1,0.00567,0.419,0.287700903
1554788626497,23.971,121.1,0.00567,0.419,0.287700903
1554788626543,24.017,121.1,0.00567,0.419,0.287700903
1554788626589,24.063,121.1,0.00567,0.419,0.287700903
1554788626650,24.124,121.1,0.00569,0.419,0.288715721
1554788626697,24.171,121.1,0.00569,0.419,0.288715721
1554788626743,24.217,121.1,0.00569,0.419,0.288715721
1554788626789,24.263,121.1,0.00569,0.419,0.288715721
1554788626850,24.324,121.1,0.00569,0.417,0.287337603
1554788626896,24.37,121.1,0.00569,0.417,0.287337603
1554788626942,24.416,121.1,0.00569,0.417,0.287337603
1554788626988,24.462,121.1,0.00569,0.417,0.287337603
1554788627051,24.525,121.1,0.00572,0.416,0.288159872
1554788627096,24.57,121.1,0.00572,0.416,0.288159872
1554788627142,24.617,121.1,0.00572,0.416,0.288159872
1554788627189,24.663,121.1,0.00572,0.416,0.288159872
1554788627250,24.724,121.0,0.00574,0.416,0.28892864
1554788627296,24.77,121.0,0.00574,0.416,0.28892864
1554788627342,24.816,121.0,0.00574,0.416,0.28892864
1554788627388,24.862,121.0,0.00574,0.416,0.28892864
1554788627451,24.925,121.0,0.00574,0.418,0.29031772
1554788627497,24.971,121.0,0.00574,0.418,0.29031772
1554788627543,25.017,121.0,0.00574,0.418,0.29031772
1554788627589,25.063,121.0,0.00574,0.418,0.29031772
1554788627650,25.124,121.0,0.00571,0.419,0.28949129
1554788627696,25.17,121.0,0.00571,0.419,0.28949129
1554788627742,25.217,121.0,0.00571,0.419,0.28949129
1554788627788,25.262,121.0,0.00571,0.419,0.28949129
1554788627850,25.324,121.0,0.00571,0.419,0.28949129
1554788627895,25.369,121.0,0.00571,0.419,0.28949129
1554788627942,25.416,121.0,0.00571,0.419,0.28949129
1554788627988,25.462,121.0,0.00571,0.419,0.28949129
1554788628050,25.524,121.0,0.00573,0.423,0.29327859
1554788628096,25.57,121.0,0.00573,0.423,0.29327859
1554788628142,25.616,121.0,0.00573,0.423,0.29327859
1554788628188,25.662,121.0,0.00573,0.423,0.29327859
1554788628250,25.724,121.0,0.00578,0.421,0.29443898
1554788628296,25.77,121.0,0.00578,0.421,0.29443898
1554788628342,25.816,121.0,0.00578,0.421,0.29443898
1554788628388,25.862,121.0,0.00578,0.421,0.29443898
1554788628450,25.924,121.0,0.00575,0.42,0.292215
1554788628496,25.971,121.0,0.00575,0.42,0.292215
1554788628543,26.017,121.0,0.00575,0.42,0.292215
1554788628590,26.064,121.0,0.00575,0.42,0.292215
1554788628650,26.124,121.1,0.00573,0.422,0.292827066
1554788628696,26.17,121.1,0.00573,0.422,0.292827066
1554788628742,26.216,121.1,0.00573,0.422,0.292827066
1554788628788,26.262,121.1,0.00573,0.422,0.292827066
1554788628850,26.324,121.1,0.00573,0.422,0.292827066
1554788628896,26.371,121.1,0.00573,0.422,0.292827066
1554788628943,26.417,121.1,0.00573,0.422,0.292827066
1554788628989,26.463,121.1,0.00573,0.422,0.292827066
1554788629050,26.524,121.1,0.00571,0.424,0.293187944
1554788629096,26.57,121.1,0.00571,0.424,0.293187944
1554788629142,26.616,121.1,0.00571,0.424,0.293187944
1554788629188,26.662,121.1,0.00571,0.424,0.293187944
1554788629249,26.723,121.1,0.0057,0.422,0.29129394
1554788629295,26.769,121.1,0.0057,0.422,0.29129394
1554788629341,26.815,121.1,0.0057,0.422,0.29129394
1554788629387,26.861,121.1,0.0057,0.422,0.29129394
1554788629450,26.924,121.1,0.0057,0.419,0.28922313
1554788629496,26.97,121.1,0.0057,0.419,0.28922313
1554788629542,27.016,121.1,0.0057,0.419,0.28922313
1554788629588,27.062,121.1,0.0057,0.419,0.28922313
1554788629649,27.123,121.1,0.00571,0.42,0.29042202
1554788629695,27.169,121.1,0.00571,0.42,0.29042202
1554788629741,27.215,121.1,0.00571,0.42,0.29042202
1554788629788,27.262,121.1,0.00571,0.42,0.29042202
1554788629850,27.324,121.1,0.0057,0.418,0.28853286
1554788629896,27.37,121.1,0.0057,0.418,0.28853286
1554788629942,27.416,121.1,0.0057,0.418,0.28853286
1554788629988,27.462,121.1,0.0057,0.418,0.28853286
1554788630049,27.523,121.1,0.00566,0.417,0.285822642
1554788630095,27.569,121.1,0.00566,0.417,0.285822642
1554788630141,27.615,121.1,0.00566,0.417,0.285822642
1554788630187,27.661,121.1,0.00566,0.417,0.285822642
1554788630250,27.724,121.1,0.00562,0.423,0.287886186
1554788630296,27.77,121.1,0.00562,0.423,0.287886186
1554788630342,27.816,121.1,0.00562,0.423,0.287886186
1554788630388,27.862,121.1,0.00562,0.423,0.287886186
1554788630449,27.923,121.0,0.00564,0.42,0.2866248
1554788630495,27.969,121.0,0.00564,0.42,0.2866248
1554788630541,28.016,121.0,0.00564,0.42,0.2866248
1554788630588,28.062,121.0,0.00564,0.42,0.2866248
1554788630650,28.124,121.0,0.00568,0.42,0.2886576
1554788630696,28.17,121.0,0.00568,0.42,0.2886576
1554788630742,28.216,121.0,0.00568,0.42,0.2886576
1554788630788,28.262,121.0,0.00568,0.42,0.2886576
1554788630849,28.323,121.1,0.00569,0.42,0.28940478
1554788630895,28.369,121.1,0.00569,0.42,0.28940478
1554788630941,28.415,121.1,0.00569,0.42,0.28940478
1554788630987,28.462,121.1,0.00569,0.42,0.28940478
1554788631050,28.524,121.0,0.00568,0.42,0.2886576
1554788631096,28.57,121.0,0.00568,0.42,0.2886576
1554788631142,28.616,121.0,0.00568,0.42,0.2886576
1554788631188,28.662,121.0,0.00568,0.42,0.2886576
1554788631250,28.724,121.0,0.00568,0.418,0.28728304
1554788631296,28.77,121.0,0.00568,0.418,0.28728304
1554788631342,28.816,121.0,0.00568,0.418,0.28728304
1554788631389,28.863,121.0,0.00568,0.418,0.28728304
1554788631450,28.924,121.0,0.00573,0.418,0.28981194
1554788631496,28.97,121.0,0.00573,0.418,0.28981194
1554788631542,29.016,121.0,0.00573,0.418,0.28981194
1554788631588,29.062,121.0,0.00573,0.418,0.28981194
1554788631649,29.123,121.0,0.00572,0.419,0.28999828
1554788631695,29.169,121.0,0.00572,0.419,0.28999828
1554788631741,29.215,121.0,0.00572,0.419,0.28999828
1554788631788,29.263,121.0,0.00572,0.419,0.28999828
1554788631850,29.324,121.0,0.00577,0.42,0.2932314
1554788631896,29.37,121.0,0.00577,0.42,0.2932314
1554788631942,29.416,121.0,0.00577,0.42,0.2932314
1554788631988,29.462,121.0,0.00577,0.42,0.2932314
1554788632049,29.523,121.1,0.00577,0.421,0.294172487
1554788632095,29.569,121.1,0.00577,0.421,0.294172487
1554788632141,29.615,121.1,0.00577,0.421,0.294172487
1554788632187,29.661,121.1,0.00577,0.421,0.294172487
1554788632250,29.724,121.1,0.00574,0.42,0.29194788
1554788632296,29.77,121.1,0.00574,0.42,0.29194788
1554788632342,29.816,121.1,0.00574,0.42,0.29194788
1554788632388,29.862,121.1,0.00574,0.42,0.29194788
1554788632449,29.923,121.0,0.00573,0.42,0.2911986
1554788632495,29.969,121.0,0.00573,0.42,0.2911986
1554788632541,30.015,121.0,0.00573,0.42,0.2911986
1554788632587,30.061,121.0,0.00573,0.42,0.2911986
1554788632650,30.124,121.0,0.0058,0.416,0.2919488
1554788632696,30.17,121.0,0.0058,0.416,0.2919488
1554788632742,30.216,121.0,0.0058,0.416,0.2919488
1554788632788,30.262,121.0,0.0058,0.416,0.2919488
1554788632849,30.323,121.1,0.00577,0.418,0.292076246
1554788632895,30.369,121.1,0.00577,0.418,0.292076246
1554788632942,30.416,121.1,0.00577,0.418,0.292076246
1554788632988,30.462,121.1,0.00577,0.418,0.292076246
1554788633050,30.524,121.1,0.00572,0.42,0.29093064
1554788633096,30.57,121.1,0.00572,0.42,0.29093064
1554788633142,30.616,121.1,0.00572,0.42,0.29093064
1554788633188,30.663,121.1,0.00572,0.42,0.29093064
1554788633249,30.724,121.1,0.00571,0.421,0.291113501
1554788633296,30.77,121.1,0.00571,0.421,0.291113501
1554788633342,30.816,121.1,0.00571,0.421,0.291113501
1554788633388,30.862,121.1,0.00571,0.421,0.291113501
1554788633449,30.923,121.0,0.00571,0.418,0.28880038
1554788633495,30.969,121.0,0.00571,0.418,0.28880038
1554788633541,31.015,121.0,0.00571,0.418,0.28880038
1554788633587,31.061,121.0,0.00571,0.418,0.28880038
1554788633649,31.124,121.1,0.00571,0.419,0.289730539
1554788633695,31.169,121.1,0.00571,0.419,0.289730539
1554788633741,31.216,121.1,0.00571,0.419,0.289730539
1554788633788,31.262,121.1,0.00571,0.419,0.289730539
1554788633849,31.323,121.1,0.00568,0.42,0.28889616
1554788633895,31.369,121.1,0.00568,0.42,0.28889616
1554788633941,31.415,121.1,0.00568,0.42,0.28889616
1554788633987,31.461,121.1,0.00568,0.42,0.28889616
1554788634049,31.523,121.1,0.00565,0.424,0.29010716
1554788634095,31.569,121.1,0.00565,0.424,0.29010716
1554788634141,31.615,121.1,0.00565,0.424,0.29010716
1554788634187,31.661,121.1,0.00565,0.424,0.29010716
1554788634250,31.724,121.1,0.00563,0.422,0.287716646
1554788634296,31.77,121.1,0.00563,0.422,0.287716646
1554788634342,31.816,121.1,0.00563,0.422,0.287716646
1554788634388,31.862,121.1,0.00563,0.422,0.287716646
1554788634449,31.923,121.0,0.00563,0.426,0.29020398
1554788634495,31.969,121.0,0.00563,0.426,0.29020398
1554788634541,32.015,121.0,0.00563,0.426,0.29020398
1554788634587,32.062,121.0,0.00563,0.426,0.29020398
1554788634650,32.124,121.0,0.00568,0.421,0.28934488
1554788634696,32.17,121.0,0.00568,0.421,0.28934488
1554788634742,32.216,121.0,0.00568,0.421,0.28934488
1554788634788,32.262,121.0,0.00568,0.421,0.28934488
1554788634849,32.324,121.0,0.00568,0.421,0.28934488
1554788634896,32.37,121.0,0.00568,0.421,0.28934488
1554788634942,32.416,121.0,0.00568,0.421,0.28934488
1554788634988,32.462,121.0,0.00568,0.421,0.28934488
1554788635049,32.523,121.0,0.00568,0.422,0.29003216
1554788635095,32.569,121.0,0.00568,0.422,0.29003216
1554788635141,32.615,121.0,0.00568,0.422,0.29003216
1554788635188,32.662,121.0,0.00568,0.422,0.29003216
1554788635249,32.723,121.0,0.00572,0.421,0.29138252
1554788635294,32.769,121.0,0.00572,0.421,0.29138252
1554788635341,32.815,121.0,0.00572,0.421,0.29138252
1554788635387,32.861,121.0,0.00572,0.421,0.29138252
1554788635449,32.923,121.0,0.00574,0.42,0.2917068
1554788635495,32.969,121.0,0.00574,0.42,0.2917068
1554788635541,33.015,121.0,0.00574,0.42,0.2917068
1554788635587,33.061,121.0,0.00574,0.42,0.2917068
1554788635650,33.124,121.0,0.00574,0.422,0.29309588
1554788635696,33.17,121.0,0.00574,0.422,0.29309588
1554788635742,33.216,121.0,0.00574,0.422,0.29309588
1554788635788,33.262,121.0,0.00574,0.422,0.29309588
1554788635849,33.323,121.0,0.00571,0.424,0.29294584
1554788635895,33.37,121.0,0.00571,0.424,0.29294584
1554788635942,33.416,121.0,0.00571,0.424,0.29294584
1554788635988,33.462,121.0,0.00571,0.424,0.29294584
1554788636049,33.523,121.0,0.00574,0.42,0.2917068
1554788636094,33.569,121.0,0.00574,0.42,0.2917068
1554788636141,33.615,121.0,0.00574,0.42,0.2917068
1554788636187,33.661,121.0,0.00574,0.42,0.2917068
1554788636249,33.724,121.0,0.00572,0.422,0.29207464
1554788636296,33.77,121.0,0.00572,0.422,0.29207464
1554788636342,33.816,121.0,0.00572,0.422,0.29207464
1554788636388,33.862,121.0,0.00572,0.422,0.29207464
1554788636449,33.923,121.0,0.00573,0.422,0.29258526
1554788636495,33.969,121.0,0.00573,0.422,0.29258526
1554788636541,34.016,121.0,0.00573,0.422,0.29258526
1554788636588,34.062,121.0,0.00573,0.422,0.29258526
1554788636649,34.123,121.0,0.00572,0.423,0.29276676
1554788636695,34.169,121.0,0.00572,0.423,0.29276676
1554788636741,34.215,121.0,0.00572,0.423,0.29276676
1554788636787,34.261,121.0,0.00572,0.423,0.29276676
1554788636849,34.324,121.1,0.00574,0.421,0.292642994
1554788636896,34.37,121.1,0.00574,0.421,0.292642994
1554788636942,34.416,121.1,0.00574,0.421,0.292642994
1554788636988,34.462,121.1,0.00574,0.421,0.292642994
1554788637049,34.523,121.1,0.00573,0.421,0.292133163
1554788637095,34.569,121.1,0.00573,0.421,0.292133163
1554788637141,34.615,121.1,0.00573,0.421,0.292133163
1554788637188,34.662,121.1,0.00573,0.421,0.292133163
1554788637249,34.723,121.1,0.00571,0.421,0.291113501
1554788637294,34.769,121.1,0.00571,0.421,0.291113501
1554788637341,34.815,121.1,0.00571,0.421,0.291113501
1554788637387,34.861,121.1,0.00571,0.421,0.291113501
1554788637449,34.923,121.1,0.00571,0.421,0.291113501
1554788637495,34.969,121.1,0.00571,0.421,0.291113501
1554788637541,35.015,121.1,0.00571,0.421,0.291113501
1554788637587,35.062,121.1,0.00571,0.421,0.291113501
1554788637649,35.123,121.1,0.00572,0.423,0.293008716
1554788637694,35.168,121.1,0.00572,0.423,0.293008716
1554788637740,35.214,121.1,0.00572,0.423,0.293008716
1554788637786,35.26,121.1,0.00572,0.423,0.293008716
1554788637849,35.323,121.1,0.00571,0.421,0.291113501
1554788637895,35.369,121.1,0.00571,0.421,0.291113501
1554788637941,35.415,121.1,0.00571,0.421,0.291113501
1554788637987,35.461,121.1,0.00571,0.421,0.291113501
1554788638048,35.522,121.1,0.00568,0.42,0.28889616
1554788638094,35.568,121.1,0.00568,0.42,0.28889616
1554788638140,35.614,121.1,0.00568,0.42,0.28889616
1554788638186,35.66,121.1,0.00568,0.42,0.28889616
1554788638249,35.723,121.1,0.00563,0.423,0.288398439
1554788638295,35.769,121.1,0.00563,0.423,0.288398439
1554788638341,35.815,121.1,0.00563,0.423,0.288398439
1554788638387,35.861,121.1,0.00563,0.423,0.288398439
1554788638449,35.923,121.1,0.00565,0.421,0.288054515
1554788638495,35.969,121.1,0.00565,0.421,0.288054515
1554788638542,36.016,121.1,0.00565,0.421,0.288054515
1554788638588,36.062,121.1,0.00565,0.421,0.288054515
1554788638649,36.123,121.0,0.00569,0.42,0.2891658
1554788638695,36.169,121.0,0.00569,0.42,0.2891658
1554788638742,36.216,121.0,0.00569,0.42,0.2891658
1554788638788,36.262,121.0,0.00569,0.42,0.2891658
1554788638849,36.323,121.0,0.0057,0.423,0.2917431
1554788638895,36.369,121.0,0.0057,0.423,0.2917431
1554788638941,36.415,121.0,0.0057,0.423,0.2917431
1554788638987,36.461,121.0,0.0057,0.423,0.2917431
1554788639049,36.523,121.0,0.00571,0.42,0.2901822
1554788639095,36.57,121.0,0.00571,0.42,0.2901822
1554788639142,36.616,121.0,0.00571,0.42,0.2901822
1554788639188,36.662,121.0,0.00571,0.42,0.2901822
1554788639249,36.723,121.0,0.0057,0.419,0.2889843
1554788639295,36.769,121.0,0.0057,0.419,0.2889843
1554788639341,36.816,121.0,0.0057,0.419,0.2889843
1554788639388,36.862,121.0,0.0057,0.419,0.2889843
1554788639448,36.923,121.0,0.00573,0.419,0.29050527
1554788639495,36.969,121.0,0.00573,0.419,0.29050527
1554788639541,37.015,121.0,0.00573,0.419,0.29050527
1554788639587,37.061,121.0,0.00573,0.419,0.29050527
1554788639649,37.123,121.0,0.00575,0.421,0.29291075
1554788639695,37.169,121.0,0.00575,0.421,0.29291075
1554788639741,37.215,121.0,0.00575,0.421,0.29291075
1554788639787,37.261,121.0,0.00575,0.421,0.29291075
1554788639848,37.322,121.0,0.00573,0.425,0.29466525
1554788639894,37.368,121.0,0.00573,0.425,0.29466525
1554788639940,37.414,121.0,0.00573,0.425,0.29466525
1554788639986,37.461,121.0,0.00573,0.425,0.29466525
1554788640049,37.523,121.0,0.00574,0.424,0.29448496
1554788640095,37.569,121.0,0.00574,0.424,0.29448496
1554788640141,37.615,121.0,0.00574,0.424,0.29448496
1554788640187,37.661,121.0,0.00574,0.424,0.29448496
1554788640248,37.722,121.0,0.00574,0.423,0.29379042
1554788640294,37.769,121.0,0.00574,0.423,0.29379042
1554788640341,37.815,121.0,0.00574,0.423,0.29379042
1554788640387,37.861,121.0,0.00574,0.423,0.29379042
1554788640449,37.923,121.0,0.00578,0.419,0.29304022
1554788640495,37.969,121.0,0.00578,0.419,0.29304022
1554788640541,38.016,121.0,0.00578,0.419,0.29304022
1554788640588,38.062,121.0,0.00578,0.419,0.29304022
1554788640649,38.123,121.0,0.0058,0.417,0.2926506
1554788640695,38.169,121.0,0.0058,0.417,0.2926506
1554788640741,38.215,121.0,0.0058,0.417,0.2926506
1554788640787,38.261,121.0,0.0058,0.417,0.2926506
1554788640848,38.322,121.0,0.00576,0.42,0.2927232
1554788640894,38.368,121.0,0.00576,0.42,0.2927232
1554788640940,38.415,121.0,0.00576,0.42,0.2927232
1554788640987,38.461,121.0,0.00576,0.42,0.2927232
1554788641049,38.523,121.0,0.00573,0.422,0.29258526
1554788641095,38.569,121.0,0.00573,0.422,0.29258526
1554788641141,38.615,121.0,0.00573,0.422,0.29258526
1554788641187,38.661,121.0,0.00573,0.422,0.29258526
1554788641248,38.723,121.1,0.00572,0.424,0.293701408
1554788641295,38.769,121.1,0.00572,0.424,0.293701408
1554788641341,38.815,121.1,0.00572,0.424,0.293701408
1554788641387,38.861,121.1,0.00572,0.424,0.293701408
1554788641448,38.922,121.0,0.00571,0.422,0.29156402
1554788641494,38.968,121.0,0.00571,0.422,0.29156402
1554788641540,39.014,121.0,0.00571,0.422,0.29156402
1554788641586,39.06,121.0,0.00571,0.422,0.29156402
1554788641649,39.123,121.1,0.00572,0.422,0.292316024
1554788641695,39.169,121.1,0.00572,0.422,0.292316024
1554788641741,39.215,121.1,0.00572,0.422,0.292316024
1554788641787,39.261,121.1,0.00572,0.422,0.292316024
1554788641848,39.322,121.1,0.00569,0.421,0.290093839
1554788641894,39.368,121.1,0.00569,0.421,0.290093839
1554788641940,39.414,121.1,0.00569,0.421,0.290093839
1554788641986,39.46,121.1,0.00569,0.421,0.290093839
1554788642049,39.523,121.1,0.00565,0.423,0.289422945
1554788642095,39.569,121.1,0.00565,0.423,0.289422945
1554788642141,39.615,121.1,0.00565,0.423,0.289422945
1554788642187,39.661,121.1,0.00565,0.423,0.289422945
1554788642248,39.722,121.1,0.00566,0.423,0.289935198
1554788642294,39.768,121.1,0.00566,0.423,0.289935198
1554788642340,39.814,121.1,0.00566,0.423,0.289935198
1554788642386,39.86,121.1,0.00566,0.423,0.289935198
1554788642448,39.923,121.1,0.00568,0.422,0.290271856
1554788642495,39.969,121.1,0.00568,0.422,0.290271856
1554788642541,40.015,121.1,0.00568,0.422,0.290271856
1554788642587,40.061,121.1,0.00568,0.422,0.290271856
1554788642648,40.122,121.1,0.00567,0.422,0.289760814
1554788642694,40.168,121.1,0.00567,0.422,0.289760814
1554788642740,40.214,121.1,0.00567,0.422,0.289760814
1554788642786,40.26,121.1,0.00567,0.422,0.289760814
1554788642849,40.323,121.1,0.00569,0.423,0.291471957
1554788642895,40.369,121.1,0.00569,0.423,0.291471957
1554788642941,40.415,121.1,0.00569,0.423,0.291471957
1554788642987,40.461,121.1,0.00569,0.423,0.291471957
1554788643048,40.522,121.1,0.00574,0.42,0.29194788
1554788643094,40.568,121.1,0.00574,0.42,0.29194788
1554788643140,40.615,121.1,0.00574,0.42,0.29194788
1554788643187,40.661,121.1,0.00574,0.42,0.29194788
1554788643248,40.722,121.1,0.00574,0.418,0.290557652
1554788643294,40.768,121.1,0.00574,0.418,0.290557652
1554788643340,40.814,121.1,0.00574,0.418,0.290557652
1554788643386,40.86,121.1,0.00574,0.418,0.290557652
1554788643448,40.923,121.0,0.00573,0.422,0.29258526
1554788643495,40.969,121.0,0.00573,0.422,0.29258526
1554788643541,41.015,121.0,0.00573,0.422,0.29258526
1554788643587,41.061,121.0,0.00573,0.422,0.29258526
1554788643648,41.122,121.0,0.00574,0.423,0.29379042
1554788643694,41.168,121.0,0.00574,0.423,0.29379042
1554788643740,41.214,121.0,0.00574,0.423,0.29379042
1554788643786,41.26,121.0,0.00574,0.423,0.29379042
1554788643849,41.323,121.0,0.00574,0.423,0.29379042
1554788643895,41.369,121.0,0.00574,0.423,0.29379042
1554788643941,41.415,121.0,0.00574,0.423,0.29379042
1554788643987,41.461,121.0,0.00574,0.423,0.29379042
1554788644048,41.522,121.0,0.00575,0.422,0.2936065
1554788644094,41.568,121.0,0.00575,0.422,0.2936065
1554788644140,41.614,121.0,0.00575,0.422,0.2936065
1554788644186,41.66,121.0,0.00575,0.422,0.2936065
1554788644249,41.723,121.0,0.00579,0.422,0.29564898
1554788644295,41.769,121.0,0.00579,0.422,0.29564898
1554788644341,41.815,121.0,0.00579,0.422,0.29564898
1554788644387,41.861,121.0,0.00579,0.422,0.29564898
1554788644448,41.923,121.0,0.00577,0.424,0.29602408
1554788644495,41.969,121.0,0.00577,0.424,0.29602408
1554788644541,42.015,121.0,0.00577,0.424,0.29602408
1554788644587,42.061,121.0,0.00577,0.424,0.29602408
1554788644648,42.122,121.0,0.00575,0.421,0.29291075
1554788644694,42.168,121.0,0.00575,0.421,0.29291075
1554788644740,42.214,121.0,0.00575,0.421,0.29291075
1554788644786,42.261,121.0,0.00575,0.421,0.29291075
1554788644849,42.323,121.0,0.00576,0.422,0.29411712
1554788644895,42.369,121.0,0.00576,0.422,0.29411712
1554788644941,42.415,121.0,0.00576,0.422,0.29411712
1554788644987,42.461,121.0,0.00576,0.422,0.29411712
1554788645048,42.522,121.0,0.00576,0.42,0.2927232
1554788645094,42.569,121.0,0.00576,0.42,0.2927232
1554788645141,42.615,121.0,0.00576,0.42,0.2927232
1554788645187,42.661,121.0,0.00576,0.42,0.2927232
1554788645248,42.722,121.0,0.00573,0.423,0.29327859
1554788645294,42.768,121.0,0.00573,0.423,0.29327859
1554788645340,42.814,121.0,0.00573,0.423,0.29327859
1554788645386,42.86,121.0,0.00573,0.423,0.29327859
1554788645449,42.923,121.0,0.00576,0.42,0.2927232
1554788645495,42.969,121.0,0.00576,0.42,0.2927232
1554788645541,43.015,121.0,0.00576,0.42,0.2927232
1554788645587,43.061,121.0,0.00576,0.42,0.2927232
1554788645648,43.122,121.0,0.00575,0.417,0.29012775
1554788645694,43.169,121.0,0.00575,0.417,0.29012775
1554788645741,43.215,121.0,0.00575,0.417,0.29012775
1554788645786,43.26,121.0,0.00575,0.417,0.29012775
1554788645848,43.322,121.1,0.00572,0.421,0.291623332
1554788645894,43.368,121.1,0.00572,0.421,0.291623332
1554788645940,43.414,121.1,0.00572,0.421,0.291623332
1554788645986,43.46,121.1,0.00572,0.421,0.291623332
1554788646048,43.522,121.1,0.00567,0.423,0.290447451
1554788646094,43.568,121.1,0.00567,0.423,0.290447451
1554788646140,43.614,121.1,0.00567,0.423,0.290447451
1554788646187,43.661,121.1,0.00567,0.423,0.290447451
1554788646248,43.722,121.1,0.00564,0.422,0.288227688
1554788646294,43.768,121.1,0.00564,0.422,0.288227688
1554788646340,43.814,121.1,0.00564,0.422,0.288227688
1554788646386,43.86,121.1,0.00564,0.422,0.288227688
1554788646448,43.922,121.1,0.00567,0.422,0.289760814
1554788646494,43.968,121.1,0.00567,0.422,0.289760814
1554788646540,44.014,121.1,0.00567,0.422,0.289760814
1554788646587,44.061,121.1,0.00567,0.422,0.289760814
1554788646648,44.122,121.1,0.00566,0.423,0.289935198
1554788646693,44.168,121.1,0.00566,0.423,0.289935198
1554788646740,44.214,121.1,0.00566,0.423,0.289935198
1554788646786,44.26,121.1,0.00566,0.423,0.289935198
1554788646848,44.322,121.1,0.00568,0.425,0.2923354
1554788646894,44.368,121.1,0.00568,0.425,0.2923354
1554788646941,44.415,121.1,0.00568,0.425,0.2923354
1554788646987,44.461,121.1,0.00568,0.425,0.2923354
1554788647048,44.522,121.1,0.00571,0.421,0.291113501
1554788647094,44.568,121.1,0.00571,0.421,0.291113501
1554788647140,44.614,121.1,0.00571,0.421,0.291113501
1554788647186,44.66,121.1,0.00571,0.421,0.291113501
1554788647247,44.722,121.1,0.00571,0.421,0.291113501
1554788647293,44.767,121.1,0.00571,0.421,0.291113501
1554788647339,44.814,121.1,0.00571,0.421,0.291113501
1554788647386,44.86,121.1,0.00571,0.421,0.291113501
1554788647448,44.922,121.0,0.00571,0.423,0.29225493
1554788647494,44.968,121.0,0.00571,0.423,0.29225493
1554788647540,45.014,121.0,0.00571,0.423,0.29225493
1554788647586,45.06,121.0,0.00571,0.423,0.29225493
1554788647648,45.122,121.0,0.00573,0.421,0.29189193
1554788647694,45.168,121.0,0.00573,0.421,0.29189193
1554788647741,45.215,121.0,0.00573,0.421,0.29189193
1554788647787,45.261,121.0,0.00573,0.421,0.29189193
1554788647848,45.322,121.0,0.00574,0.423,0.29379042
1554788647894,45.368,121.0,0.00574,0.423,0.29379042
1554788647940,45.414,121.0,0.00574,0.423,0.29379042
1554788647986,45.46,121.0,0.00574,0.423,0.29379042
1554788648047,45.522,121.0,0.00579,0.421,0.29494839
1554788648093,45.567,121.0,0.00579,0.421,0.29494839
1554788648139,45.613,121.0,0.00579,0.421,0.29494839
1554788648186,45.66,121.0,0.00579,0.421,0.29494839
1554788648248,45.722,121.0,0.00583,0.418,0.29486974
1554788648294,45.768,121.0,0.00583,0.418,0.29486974
1554788648340,45.814,121.0,0.00583,0.418,0.29486974
1554788648386,45.86,121.0,0.00583,0.418,0.29486974
1554788648447,45.921,121.0,0.00584,0.418,0.29537552
1554788648493,45.967,121.0,0.00584,0.418,0.29537552
1554788648539,46.013,121.0,0.00584,0.418,0.29537552
1554788648585,46.059,121.0,0.00584,0.418,0.29537552
1554788648648,46.122,121.0,0.0058,0.42,0.294756
1554788648694,46.168,121.0,0.0058,0.42,0.294756
1554788648740,46.214,121.0,0.0058,0.42,0.294756
1554788648786,46.26,121.0,0.0058,0.42,0.294756
1554788648848,46.322,121.0,0.00579,0.42,0.2942478
1554788648894,46.368,121.0,0.00579,0.42,0.2942478
1554788648940,46.414,121.0,0.00579,0.42,0.2942478
1554788648987,46.461,121.0,0.00579,0.42,0.2942478
1554788649048,46.522,121.0,0.00576,0.422,0.29411712
1554788649094,46.568,121.0,0.00576,0.422,0.29411712
1554788649140,46.614,121.0,0.00576,0.422,0.29411712
1554788649186,46.66,121.0,0.00576,0.422,0.29411712
1554788649247,46.721,121.0,0.00574,0.421,0.29240134
1554788649293,46.767,121.0,0.00574,0.421,0.29240134
1554788649339,46.813,121.0,0.00574,0.421,0.29240134
1554788649385,46.859,121.0,0.00574,0.421,0.29240134
1554788649448,46.922,121.0,0.0057,0.421,0.2903637
1554788649494,46.968,121.0,0.0057,0.421,0.2903637
1554788649540,47.014,121.0,0.0057,0.421,0.2903637
1554788649586,47.06,121.0,0.0057,0.421,0.2903637
1554788649647,47.121,121.0,0.00572,0.42,0.2906904
1554788649693,47.167,121.0,0.00572,0.42,0.2906904
1554788649739,47.213,121.0,0.00572,0.42,0.2906904
1554788649786,47.26,121.0,0.00572,0.42,0.2906904
1554788649848,47.322,121.0,0.00574,0.421,0.29240134
1554788649894,47.368,121.0,0.00574,0.421,0.29240134
1554788649940,47.414,121.0,0.00574,0.421,0.29240134
1554788649986,47.46,121.0,0.00574,0.421,0.29240134
1554788650047,47.521,121.1,0.00571,0.421,0.291113501
1554788650093,47.567,121.1,0.00571,0.421,0.291113501
1554788650139,47.613,121.1,0.00571,0.421,0.291113501
1554788650185,47.659,121.1,0.00571,0.421,0.291113501
1554788650248,47.722,121.1,0.0057,0.421,0.29060367
1554788650294,47.768,121.1,0.0057,0.421,0.29060367
1554788650340,47.814,121.1,0.0057,0.421,0.29060367
1554788650386,47.86,121.1,0.0057,0.421,0.29060367
1554788650447,47.921,121.0,0.0057,0.42,0.289674
1554788650493,47.967,121.0,0.0057,0.42,0.289674
1554788650539,48.013,121.0,0.0057,0.42,0.289674
1554788650585,48.059,121.0,0.0057,0.42,0.289674
1554788650647,48.121,121.1,0.00573,0.419,0.290745357
1554788650693,48.167,121.1,0.00573,0.419,0.290745357
1554788650739,48.213,121.1,0.00573,0.419,0.290745357
1554788650785,48.259,121.1,0.00573,0.419,0.290745357
1554788650848,48.322,121.1,0.00574,0.418,0.290557652
1554788650894,48.368,121.1,0.00574,0.418,0.290557652
1554788650940,48.414,121.1,0.00574,0.418,0.290557652
1554788650986,48.46,121.1,0.00574,0.418,0.290557652
1554788651047,48.521,121.1,0.00579,0.418,0.293088642
1554788651093,48.567,121.1,0.00579,0.418,0.293088642
1554788651139,48.613,121.1,0.00579,0.418,0.293088642
1554788651185,48.659,121.1,0.00579,0.418,0.293088642
1554788651248,48.722,121.1,0.00571,0.422,0.291804982
1554788651293,48.767,121.1,0.00571,0.422,0.291804982
1554788651340,48.814,121.1,0.00571,0.422,0.291804982
1554788651386,48.86,121.1,0.00571,0.422,0.291804982
1554788651447,48.921,121.0,0.00567,0.423,0.29020761
1554788651493,48.967,121.0,0.00567,0.423,0.29020761
1554788651539,49.013,121.0,0.00567,0.423,0.29020761
1554788651585,49.059,121.0,0.00567,0.423,0.29020761
1554788651648,49.122,121.0,0.0057,0.425,0.2931225
1554788651694,49.168,121.0,0.0057,0.425,0.2931225
1554788651740,49.214,121.0,0.0057,0.425,0.2931225
1554788651786,49.26,121.0,0.0057,0.425,0.2931225
1554788651847,49.321,121.0,0.00573,0.424,0.29397192
1554788651893,49.367,121.0,0.00573,0.424,0.29397192
1554788651939,49.413,121.0,0.00573,0.424,0.29397192
1554788651986,49.46,121.0,0.00573,0.424,0.29397192
1554788652047,49.521,121.0,0.00576,0.423,0.29481408
1554788652093,49.567,121.0,0.00576,0.423,0.29481408
1554788652139,49.613,121.0,0.00576,0.423,0.29481408
1554788652185,49.659,121.0,0.00576,0.423,0.29481408
1554788652247,49.721,121.0,0.00575,0.421,0.29291075
1554788652293,49.767,121.0,0.00575,0.421,0.29291075
1554788652339,49.813,121.0,0.00575,0.421,0.29291075
1554788652386,49.86,121.0,0.00575,0.421,0.29291075
1554788652448,49.922,121.0,0.00574,0.42,0.2917068
1554788652494,49.968,121.0,0.00574,0.42,0.2917068
1554788652540,50.014,121.0,0.00574,0.42,0.2917068
1554788652586,50.06,121.0,0.00574,0.42,0.2917068
1554788652647,50.121,121.0,0.00578,0.421,0.29443898
1554788652694,50.168,121.0,0.00578,0.421,0.29443898
1554788652740,50.214,121.0,0.00578,0.421,0.29443898
1554788652786,50.26,121.0,0.00578,0.421,0.29443898
1554788652847,50.321,121.0,0.00576,0.422,0.29411712
1554788652893,50.367,121.0,0.00576,0.422,0.29411712
1554788652939,50.413,121.0,0.00576,0.422,0.29411712
1554788652985,50.459,121.0,0.00576,0.422,0.29411712
1554788653047,50.521,121.0,0.00575,0.421,0.29291075
1554788653093,50.567,121.0,0.00575,0.421,0.29291075
1554788653139,50.613,121.0,0.00575,0.421,0.29291075
1554788653186,50.66,121.0,0.00575,0.421,0.29291075
1554788653247,50.721,121.0,0.00572,0.425,0.294151
1554788653293,50.767,121.0,0.00572,0.425,0.294151
1554788653339,50.813,121.0,0.00572,0.425,0.294151
1554788653385,50.859,121.0,0.00572,0.425,0.294151
1554788653447,50.921,121.0,0.00569,0.424,0.29191976
1554788653494,50.968,121.0,0.00569,0.424,0.29191976
1554788653540,51.014,121.0,0.00569,0.424,0.29191976
1554788653586,51.06,121.0,0.00569,0.424,0.29191976
1554788653647,51.121,121.0,0.00572,0.419,0.28999828
1554788653693,51.167,121.0,0.00572,0.419,0.28999828
1554788653739,51.213,121.0,0.00572,0.419,0.28999828
1554788653785,51.259,121.0,0.00572,0.419,0.28999828
1554788653847,51.321,121.0,0.0057,0.42,0.289674
1554788653893,51.367,121.0,0.0057,0.42,0.289674
1554788653939,51.413,121.0,0.0057,0.42,0.289674
1554788653985,51.459,121.0,0.0057,0.42,0.289674
1554788654048,51.522,121.1,0.00569,0.422,0.290782898
1554788654094,51.568,121.1,0.00569,0.422,0.290782898
1554788654140,51.614,121.1,0.00569,0.422,0.290782898
1554788654186,51.66,121.1,0.00569,0.422,0.290782898
1554788654247,51.721,121.1,0.00566,0.422,0.289249772
1554788654293,51.767,121.1,0.00566,0.422,0.289249772
1554788654339,51.813,121.1,0.00566,0.422,0.289249772
1554788654385,51.859,121.1,0.00566,0.422,0.289249772
1554788654448,51.922,121.1,0.00565,0.423,0.289422945
1554788654494,51.968,121.1,0.00565,0.423,0.289422945
1554788654540,52.014,121.1,0.00565,0.423,0.289422945
1554788654586,52.06,121.1,0.00565,0.423,0.289422945
1554788654647,52.121,121.1,0.00569,0.421,0.290093839
1554788654693,52.167,121.1,0.00569,0.421,0.290093839
1554788654739,52.213,121.1,0.00569,0.421,0.290093839
1554788654785,52.259,121.1,0.00569,0.421,0.290093839
1554788654848,52.322,121.1,0.00569,0.42,0.28940478
1554788654894,52.368,121.1,0.00569,0.42,0.28940478
1554788654940,52.414,121.1,0.00569,0.42,0.28940478
1554788654986,52.46,121.1,0.00569,0.42,0.28940478
1554788655047,52.521,121.1,0.00569,0.422,0.290782898
1554788655094,52.568,121.1,0.00569,0.422,0.290782898
1554788655140,52.614,121.1,0.00569,0.422,0.290782898
1554788655186,52.66,121.1,0.00569,0.422,0.290782898
1554788655247,52.721,121.1,0.00572,0.42,0.29093064
1554788655294,52.768,121.1,0.00572,0.42,0.29093064
1554788655340,52.814,121.1,0.00572,0.42,0.29093064
1554788655386,52.86,121.1,0.00572,0.42,0.29093064
1554788655447,52.921,121.0,0.0057,0.422,0.2910534
1554788655493,52.967,121.0,0.0057,0.422,0.2910534
1554788655540,53.014,121.0,0.0057,0.422,0.2910534
1554788655586,53.06,121.0,0.0057,0.422,0.2910534
1554788655647,53.121,121.0,0.00572,0.422,0.29207464
1554788655693,53.167,121.0,0.00572,0.422,0.29207464
1554788655739,53.213,121.0,0.00572,0.422,0.29207464
1554788655785,53.259,121.0,0.00572,0.422,0.29207464
1554788655847,53.321,121.0,0.00574,0.423,0.29379042
1554788655893,53.367,121.0,0.00574,0.423,0.29379042
1554788655939,53.413,121.0,0.00574,0.423,0.29379042
1554788655986,53.46,121.0,0.00574,0.423,0.29379042
1554788656047,53.521,121.0,0.00576,0.421,0.29342016
1554788656093,53.567,121.0,0.00576,0.421,0.29342016
1554788656139,53.613,121.0,0.00576,0.421,0.29342016
1554788656185,53.659,121.0,0.00576,0.421,0.29342016
1554788656246,53.72,121.0,0.00575,0.422,0.2936065
1554788656292,53.766,121.0,0.00575,0.422,0.2936065
1554788656338,53.812,121.0,0.00575,0.422,0.2936065
1554788656384,53.858,121.0,0.00575,0.422,0.2936065
1554788656447,53.921,121.0,0.00574,0.419,0.29101226
1554788656493,53.967,121.0,0.00574,0.419,0.29101226
1554788656539,54.013,121.0,0.00574,0.419,0.29101226
1554788656585,54.059,121.0,0.00574,0.419,0.29101226
1554788656647,54.121,120.9,0.0058,0.421,0.29521362
1554788656693,54.167,120.9,0.0058,0.421,0.29521362
1554788656740,54.214,120.9,0.0058,0.421,0.29521362
1554788656786,54.26,120.9,0.0058,0.421,0.29521362
1554788656847,54.321,120.9,0.00631,0.426,0.324986454
1554788656893,54.367,120.9,0.00631,0.426,0.324986454
1554788656939,54.413,120.9,0.00631,0.426,0.324986454
1554788656985,54.459,120.9,0.00631,0.426,0.324986454
1554788657047,54.521,121.0,0.00632,0.429,0.32806488
1554788657093,54.567,121.0,0.00632,0.429,0.32806488
1554788657139,54.613,121.0,0.00632,0.429,0.32806488
1554788657185,54.659,121.0,0.00632,0.429,0.32806488
1554788657246,54.72,121.0,0.00625,0.429,0.32443125
1554788657292,54.766,121.0,0.00625,0.429,0.32443125
1554788657338,54.812,121.0,0.00625,0.429,0.32443125
1554788657384,54.858,121.0,0.00625,0.429,0.32443125
1554788657447,54.921,121.0,0.00627,0.43,0.3262281
1554788657493,54.967,121.0,0.00627,0.43,0.3262281
1554788657539,55.013,121.0,0.00627,0.43,0.3262281
1554788657585,55.059,121.0,0.00627,0.43,0.3262281
1554788657646,55.121,121.0,0.00627,0.427,0.32395209
1554788657692,55.166,121.0,0.00627,0.427,0.32395209
1554788657738,55.212,121.0,0.00627,0.427,0.32395209
1554788657785,55.259,121.0,0.00627,0.427,0.32395209
1554788657847,55.321,121.0,0.00629,0.427,0.32498543
1554788657893,55.367,121.0,0.00629,0.427,0.32498543
1554788657939,55.413,121.0,0.00629,0.427,0.32498543
1554788657985,55.459,121.0,0.00629,0.427,0.32498543
1554788658047,55.521,121.0,0.00625,0.429,0.32443125
1554788658093,55.567,121.0,0.00625,0.429,0.32443125
1554788658139,55.613,121.0,0.00625,0.429,0.32443125
1554788658185,55.659,121.0,0.00625,0.429,0.32443125
1554788658248,55.722,121.1,0.00627,0.431,0.327257007
1554788658293,55.767,121.1,0.00627,0.431,0.327257007
1554788658340,55.814,121.1,0.00627,0.431,0.327257007
1554788658386,55.86,121.1,0.00627,0.431,0.327257007
1554788658447,55.921,121.1,0.00624,0.428,0.323424192
1554788658493,55.967,121.1,0.00624,0.428,0.323424192
1554788658539,56.013,121.1,0.00624,0.428,0.323424192
1554788658585,56.059,121.1,0.00624,0.428,0.323424192
1554788658647,56.121,121.1,0.00623,0.426,0.321396978
1554788658694,56.168,121.1,0.00623,0.426,0.321396978
1554788658740,56.214,121.1,0.00623,0.426,0.321396978
1554788658786,56.26,121.1,0.00623,0.426,0.321396978
1554788658847,56.321,121.1,0.0063,0.427,0.32577111
1554788658893,56.367,121.1,0.0063,0.427,0.32577111
1554788658940,56.414,121.1,0.0063,0.427,0.32577111
1554788658986,56.46,121.1,0.0063,0.427,0.32577111
1554788659047,56.521,121.1,0.00629,0.427,0.325254013
1554788659093,56.567,121.1,0.00629,0.427,0.325254013
1554788659139,56.613,121.1,0.00629,0.427,0.325254013
1554788659185,56.659,121.1,0.00629,0.427,0.325254013
1554788659246,56.721,121.1,0.00631,0.429,0.327816489
1554788659292,56.766,121.1,0.00631,0.429,0.327816489
1554788659338,56.812,121.1,0.00631,0.429,0.327816489
1554788659384,56.858,121.1,0.00631,0.429,0.327816489
1554788659446,56.92,121.1,0.00631,0.427,0.326288207
1554788659492,56.966,121.1,0.00631,0.427,0.326288207
1554788659538,57.012,121.1,0.00631,0.427,0.326288207
1554788659585,57.059,121.1,0.00631,0.427,0.326288207
1554788659647,57.121,121.0,0.00631,0.427,0.32601877
1554788659693,57.167,121.0,0.00631,0.427,0.32601877
1554788659739,57.213,121.0,0.00631,0.427,0.32601877
1554788659786,57.26,121.0,0.00631,0.427,0.32601877
1554788659847,57.321,121.0,0.00633,0.427,0.32705211
1554788659893,57.367,121.0,0.00633,0.427,0.32705211
1554788659939,57.413,121.0,0.00633,0.427,0.32705211
1554788659985,57.459,121.0,0.00633,0.427,0.32705211
1554788660046,57.52,121.0,0.00632,0.429,0.32806488
1554788660092,57.566,121.0,0.00632,0.429,0.32806488
1554788660138,57.612,121.0,0.00632,0.429,0.32806488
1554788660185,57.659,121.0,0.00632,0.429,0.32806488
1554788660247,57.721,121.0,0.0064,0.428,0.3314432
1554788660293,57.767,121.0,0.0064,0.428,0.3314432
1554788660339,57.813,121.0,0.0064,0.428,0.3314432
1554788660385,57.859,121.0,0.0064,0.428,0.3314432
1554788660446,57.92,121.0,0.0063,0.429,0.3270267
1554788660493,57.967,121.0,0.0063,0.429,0.3270267
1554788660539,58.013,121.0,0.0063,0.429,0.3270267
1554788660585,58.059,121.0,0.0063,0.429,0.3270267
1554788660646,58.12,120.9,0.00632,0.429,0.327793752
1554788660692,58.166,120.9,0.00632,0.429,0.327793752
1554788660738,58.212,120.9,0.00632,0.429,0.327793752
1554788660784,58.258,120.9,0.00632,0.429,0.327793752
1554788660847,58.321,120.9,0.00637,0.427,0.328846791
1554788660893,58.367,120.9,0.00637,0.427,0.328846791
1554788660939,58.413,120.9,0.00637,0.427,0.328846791
1554788660985,58.459,120.9,0.00637,0.427,0.328846791
1554788661046,58.52,120.9,0.00631,0.428,0.326512212
1554788661092,58.566,120.9,0.00631,0.428,0.326512212
1554788661138,58.612,120.9,0.00631,0.428,0.326512212
1554788661184,58.658,120.9,0.00631,0.428,0.326512212
1554788661247,58.721,121.0,0.00634,0.428,0.32833592
1554788661293,58.767,121.0,0.00634,0.428,0.32833592
1554788661339,58.813,121.0,0.00634,0.428,0.32833592
1554788661385,58.859,121.0,0.00634,0.428,0.32833592
1554788661446,58.92,121.0,0.00627,0.426,0.32319342
1554788661492,58.966,121.0,0.00627,0.426,0.32319342
1554788661539,59.013,121.0,0.00627,0.426,0.32319342
1554788661585,59.059,121.0,0.00627,0.426,0.32319342
1554788661646,59.12,121.0,0.00626,0.427,0.32343542
1554788661692,59.166,121.0,0.00626,0.427,0.32343542
1554788661738,59.212,121.0,0.00626,0.427,0.32343542
1554788661784,59.258,121.0,0.00626,0.427,0.32343542
1554788661847,59.321,121.0,0.00628,0.43,0.3267484
1554788661893,59.367,121.0,0.00628,0.43,0.3267484
1554788661939,59.413,121.0,0.00628,0.43,0.3267484
1554788661985,59.459,121.0,0.00628,0.43,0.3267484
1554788662046,59.52,121.0,0.00624,0.429,0.32391216
1554788662092,59.566,121.0,0.00624,0.429,0.32391216
1554788662138,59.612,121.0,0.00624,0.429,0.32391216
1554788662184,59.658,121.0,0.00624,0.429,0.32391216
1554788662247,59.721,121.1,0.00625,0.43,0.32545625
1554788662293,59.767,121.1,0.00625,0.43,0.32545625
1554788662339,59.813,121.1,0.00625,0.43,0.32545625
1554788662385,59.859,121.1,0.00625,0.43,0.32545625
1554788662446,59.92,121.1,0.00624,0.427,0.322668528
1554788662492,59.966,121.1,0.00624,0.427,0.322668528
1554788662538,60.012,121.1,0.00624,0.427,0.322668528
1554788662585,60.059,121.1,0.00624,0.427,0.322668528
1554788662646,60.12,121.1,0.00633,0.426,0.326555838
1554788662692,60.166,121.1,0.00633,0.426,0.326555838
1554788662738,60.212,121.1,0.00633,0.426,0.326555838
1554788662784,60.258,121.1,0.00633,0.426,0.326555838
1554788662847,60.321,121.0,0.00624,0.429,0.32391216
1554788662893,60.367,121.0,0.00624,0.429,0.32391216
1554788662939,60.413,121.0,0.00624,0.429,0.32391216
1554788662985,60.459,121.0,0.00624,0.429,0.32391216
1554788663046,60.52,121.1,0.00625,0.431,0.326213125
1554788663092,60.566,121.1,0.00625,0.431,0.326213125
1554788663138,60.612,121.1,0.00625,0.431,0.326213125
1554788663184,60.658,121.1,0.00625,0.431,0.326213125
1554788663246,60.72,121.1,0.00624,0.428,0.323424192
1554788663292,60.766,121.1,0.00624,0.428,0.323424192
1554788663339,60.813,121.1,0.00624,0.428,0.323424192
1554788663385,60.859,121.1,0.00624,0.428,0.323424192
1554788663446,60.92,121.1,0.0063,0.428,0.32653404
1554788663492,60.966,121.1,0.0063,0.428,0.32653404
1554788663538,61.012,121.1,0.0063,0.428,0.32653404
1554788663584,61.058,121.1,0.0063,0.428,0.32653404
1554788663646,61.12,121.0,0.00627,0.428,0.32471076
1554788663692,61.166,121.0,0.00627,0.428,0.32471076
1554788663739,61.213,121.0,0.00627,0.428,0.32471076
1554788663785,61.259,121.0,0.00627,0.428,0.32471076
1554788663846,61.32,121.0,0.00633,0.431,0.33011583
1554788663892,61.366,121.0,0.00633,0.431,0.33011583
1554788663938,61.412,121.0,0.00633,0.431,0.33011583
1554788663984,61.458,121.0,0.00633,0.431,0.33011583
1554788664047,61.521,121.0,0.00628,0.43,0.3267484
1554788664093,61.567,121.0,0.00628,0.43,0.3267484
1554788664139,61.613,121.0,0.00628,0.43,0.3267484
1554788664185,61.659,121.0,0.00628,0.43,0.3267484
1554788664246,61.72,121.0,0.00621,0.427,0.32085207
1554788664292,61.766,121.0,0.00621,0.427,0.32085207
1554788664338,61.812,121.0,0.00621,0.427,0.32085207
1554788664384,61.858,121.0,0.00621,0.427,0.32085207
1554788664446,61.92,121.0,0.00633,0.431,0.33011583
1554788664492,61.966,121.0,0.00633,0.431,0.33011583
1554788664538,62.012,121.0,0.00633,0.431,0.33011583
1554788664584,62.058,121.0,0.00633,0.431,0.33011583
1554788664647,62.121,121.0,0.00628,0.428,0.32522864
1554788664693,62.167,121.0,0.00628,0.428,0.32522864
1554788664740,62.214,121.0,0.00628,0.428,0.32522864
1554788664786,62.26,121.0,0.00628,0.428,0.32522864
1554788664846,62.32,120.9,0.00633,0.427,0.326781819
1554788664892,62.366,120.9,0.00633,0.427,0.326781819
1554788664938,62.412,120.9,0.00633,0.427,0.326781819
1554788664984,62.458,120.9,0.00633,0.427,0.326781819
1554788665046,62.52,120.9,0.00628,0.43,0.32647836
1554788665092,62.566,120.9,0.00628,0.43,0.32647836
1554788665139,62.613,120.9,0.00628,0.43,0.32647836
1554788665185,62.659,120.9,0.00628,0.43,0.32647836
1554788665246,62.72,121.0,0.00621,0.428,0.32160348
1554788665292,62.766,121.0,0.00621,0.428,0.32160348
1554788665338,62.812,121.0,0.00621,0.428,0.32160348
1554788665384,62.858,121.0,0.00621,0.428,0.32160348
1554788665447,62.921,121.0,0.00633,0.427,0.32705211
1554788665492,62.967,121.0,0.00633,0.427,0.32705211
1554788665539,63.013,121.0,0.00633,0.427,0.32705211
1554788665585,63.059,121.0,0.00633,0.427,0.32705211
1554788665646,63.12,120.9,0.00621,0.43,0.32283927
1554788665691,63.165,120.9,0.00621,0.43,0.32283927
1554788665737,63.211,120.9,0.00621,0.43,0.32283927
1554788665783,63.257,120.9,0.00621,0.43,0.32283927
1554788665846,63.32,120.9,0.00624,0.432,0.325907712
1554788665892,63.366,120.9,0.00624,0.432,0.325907712
1554788665938,63.412,120.9,0.00624,0.432,0.325907712
1554788665983,63.457,120.9,0.00624,0.432,0.325907712
1554788666045,63.519,121.0,0.00623,0.431,0.32490073
1554788666091,63.565,121.0,0.00623,0.431,0.32490073
1554788666136,63.61,121.0,0.00623,0.431,0.32490073
1554788666181,63.655,121.0,0.00623,0.431,0.32490073
1554788666246,63.72,121.0,0.00628,0.427,0.32446876
1554788666291,63.765,121.0,0.00628,0.427,0.32446876
1554788666337,63.811,121.0,0.00628,0.427,0.32446876
1554788666383,63.857,121.0,0.00628,0.427,0.32446876
1554788666446,63.92,121.0,0.00625,0.427,0.32291875
1554788666492,63.966,121.0,0.00625,0.427,0.32291875
1554788666538,64.012,121.0,0.00625,0.427,0.32291875
1554788666584,64.058,121.0,0.00625,0.427,0.32291875
1554788666645,64.119,121.0,0.00627,0.427,0.32395209
1554788666691,64.165,121.0,0.00627,0.427,0.32395209
1554788666738,64.212,121.0,0.00627,0.427,0.32395209
1554788666784,64.258,121.0,0.00627,0.427,0.32395209
1554788666846,64.32,121.0,0.00631,0.427,0.32601877
1554788666892,64.366,121.0,0.00631,0.427,0.32601877
1554788666938,64.412,121.0,0.00631,0.427,0.32601877
1554788666984,64.458,121.0,0.00631,0.427,0.32601877
1554788667046,64.52,121.0,0.00625,0.429,0.32443125
1554788667092,64.566,121.0,0.00625,0.429,0.32443125
1554788667139,64.613,121.0,0.00625,0.429,0.32443125
1554788667185,64.659,121.0,0.00625,0.429,0.32443125
1554788667246,64.72,121.1,0.00631,0.429,0.327816489
1554788667292,64.766,121.1,0.00631,0.429,0.327816489
1554788667338,64.812,121.1,0.00631,0.429,0.327816489
1554788667384,64.858,121.1,0.00631,0.429,0.327816489
1554788667445,64.919,121.1,0.00625,0.427,0.323185625
1554788667491,64.965,121.1,0.00625,0.427,0.323185625
1554788667537,65.011,121.1,0.00625,0.427,0.323185625
1554788667584,65.058,121.1,0.00625,0.427,0.323185625
1554788667646,65.12,121.0,0.00625,0.429,0.32443125
1554788667692,65.166,121.0,0.00625,0.429,0.32443125
1554788667738,65.212,121.0,0.00625,0.429,0.32443125
1554788667784,65.258,121.0,0.00625,0.429,0.32443125
1554788667845,65.319,121.0,0.00633,0.429,0.32858397
1554788667891,65.365,121.0,0.00633,0.429,0.32858397
1554788667938,65.412,121.0,0.00633,0.429,0.32858397
1554788667984,65.458,121.0,0.00633,0.429,0.32858397
1554788668046,65.52,121.0,0.00628,0.431,0.32750828
1554788668092,65.566,121.0,0.00628,0.431,0.32750828
1554788668138,65.612,121.0,0.00628,0.431,0.32750828
1554788668185,65.659,121.0,0.00628,0.431,0.32750828
You pressed Ctrl+C!
