# Mon Apr 08 22:03:28 2019
abstime,time_stamp,volt,curr,pf,mul
1554786208806,0.08,121.4,0.00581,0.423,0.298356282
1554786208853,0.127,121.4,0.00581,0.423,0.298356282
1554786208904,0.178,120.7,0.00549,0.409,0.271020987
1554786208949,0.223,120.7,0.00549,0.409,0.271020987
1554786208995,0.269,120.7,0.00549,0.409,0.271020987
1554786209040,0.314,120.7,0.00549,0.409,0.271020987
1554786209104,0.378,120.7,0.00575,0.42,0.2914905
1554786209149,0.423,120.7,0.00575,0.42,0.2914905
1554786209194,0.468,120.7,0.00575,0.42,0.2914905
1554786209239,0.513,120.7,0.00575,0.42,0.2914905
1554786209304,0.578,120.8,0.0058,0.419,0.29356816
1554786209350,0.624,120.8,0.0058,0.419,0.29356816
1554786209395,0.669,120.8,0.0058,0.419,0.29356816
1554786209440,0.714,120.8,0.0058,0.419,0.29356816
1554786209504,0.778,120.8,0.00574,0.422,0.292611424
1554786209550,0.824,120.8,0.00574,0.422,0.292611424
1554786209597,0.871,120.8,0.00574,0.422,0.292611424
1554786209643,0.917,120.8,0.00574,0.422,0.292611424
1554786209704,0.978,120.8,0.00572,0.424,0.292973824
1554786209750,1.024,120.8,0.00572,0.424,0.292973824
1554786209796,1.07,120.8,0.00572,0.424,0.292973824
1554786209842,1.116,120.8,0.00572,0.424,0.292973824
1554786209905,1.179,120.8,0.00572,0.424,0.292973824
1554786209951,1.225,120.8,0.00572,0.424,0.292973824
1554786209997,1.271,120.8,0.00572,0.424,0.292973824
1554786210043,1.317,120.8,0.00572,0.424,0.292973824
1554786210104,1.378,120.8,0.00576,0.423,0.294326784
1554786210150,1.424,120.8,0.00576,0.423,0.294326784
1554786210196,1.47,120.8,0.00576,0.423,0.294326784
1554786210242,1.516,120.8,0.00576,0.423,0.294326784
1554786210305,1.579,121.2,0.00589,0.426,0.304107768
1554786210351,1.625,121.2,0.00589,0.426,0.304107768
1554786210397,1.671,121.2,0.00589,0.426,0.304107768
1554786210443,1.717,121.2,0.00589,0.426,0.304107768
1554786210504,1.778,121.3,0.00566,0.423,0.290414034
1554786210550,1.824,121.3,0.00566,0.423,0.290414034
1554786210596,1.87,121.3,0.00566,0.423,0.290414034
1554786210642,1.916,121.3,0.00566,0.423,0.290414034
1554786210705,1.979,121.3,0.00564,0.42,0.28733544
1554786210751,2.025,121.3,0.00564,0.42,0.28733544
1554786210797,2.071,121.3,0.00564,0.42,0.28733544
1554786210843,2.117,121.3,0.00564,0.42,0.28733544
1554786210904,2.178,121.2,0.00565,0.421,0.28829238
1554786210950,2.224,121.2,0.00565,0.421,0.28829238
1554786210996,2.27,121.2,0.00565,0.421,0.28829238
1554786211042,2.316,121.2,0.00565,0.421,0.28829238
1554786211104,2.378,121.2,0.00567,0.422,0.290000088
1554786211150,2.424,121.2,0.00567,0.422,0.290000088
1554786211196,2.47,121.2,0.00567,0.422,0.290000088
1554786211243,2.517,121.2,0.00567,0.422,0.290000088
1554786211304,2.578,121.2,0.00566,0.42,0.28811664
1554786211350,2.624,121.2,0.00566,0.42,0.28811664
1554786211396,2.67,121.2,0.00566,0.42,0.28811664
1554786211442,2.716,121.2,0.00566,0.42,0.28811664
1554786211504,2.778,121.2,0.00567,0.419,0.287938476
1554786211550,2.824,121.2,0.00567,0.419,0.287938476
1554786211597,2.871,121.2,0.00567,0.419,0.287938476
1554786211643,2.917,121.2,0.00567,0.419,0.287938476
1554786211704,2.978,121.2,0.00564,0.42,0.28709856
1554786211750,3.024,121.2,0.00564,0.42,0.28709856
1554786211796,3.07,121.2,0.00564,0.42,0.28709856
1554786211842,3.116,121.2,0.00564,0.42,0.28709856
1554786211904,3.178,121.2,0.00562,0.423,0.288123912
1554786211951,3.225,121.2,0.00562,0.423,0.288123912
1554786211997,3.271,121.2,0.00562,0.423,0.288123912
1554786212043,3.317,121.2,0.00562,0.423,0.288123912
1554786212104,3.378,121.2,0.00566,0.423,0.290174616
1554786212150,3.424,121.2,0.00566,0.423,0.290174616
1554786212196,3.47,121.2,0.00566,0.423,0.290174616
1554786212242,3.516,121.2,0.00566,0.423,0.290174616
1554786212304,3.578,121.2,0.00565,0.423,0.28966194
1554786212351,3.625,121.2,0.00565,0.423,0.28966194
1554786212397,3.671,121.2,0.00565,0.423,0.28966194
1554786212443,3.717,121.2,0.00565,0.423,0.28966194
1554786212504,3.778,121.3,0.00568,0.421,0.290062264
1554786212550,3.824,121.3,0.00568,0.421,0.290062264
1554786212596,3.87,121.3,0.00568,0.421,0.290062264
1554786212642,3.916,121.3,0.00568,0.421,0.290062264
1554786212704,3.978,121.3,0.00566,0.422,0.289727476
1554786212751,4.025,121.3,0.00566,0.422,0.289727476
1554786212797,4.071,121.3,0.00566,0.422,0.289727476
1554786212843,4.117,121.3,0.00566,0.422,0.289727476
1554786212904,4.178,121.3,0.0057,0.422,0.29177502
1554786212950,4.224,121.3,0.0057,0.422,0.29177502
1554786212996,4.27,121.3,0.0057,0.422,0.29177502
1554786213042,4.316,121.3,0.0057,0.422,0.29177502
1554786213104,4.378,121.2,0.00572,0.42,0.29117088
1554786213150,4.425,121.2,0.00572,0.42,0.29117088
1554786213197,4.471,121.2,0.00572,0.42,0.29117088
1554786213243,4.517,121.2,0.00572,0.42,0.29117088
1554786213304,4.578,121.3,0.00572,0.421,0.292104956
1554786213350,4.624,121.3,0.00572,0.421,0.292104956
1554786213396,4.67,121.3,0.00572,0.421,0.292104956
1554786213442,4.716,121.3,0.00572,0.421,0.292104956
1554786213504,4.778,121.3,0.00573,0.421,0.292615629
1554786213549,4.823,121.3,0.00573,0.421,0.292615629
1554786213595,4.869,121.3,0.00573,0.421,0.292615629
1554786213642,4.916,121.3,0.00573,0.421,0.292615629
1554786213704,4.978,121.3,0.00575,0.42,0.2929395
1554786213750,5.024,121.3,0.00575,0.42,0.2929395
1554786213797,5.071,121.3,0.00575,0.42,0.2929395
1554786213843,5.117,121.3,0.00575,0.42,0.2929395
1554786213904,5.178,121.2,0.00569,0.423,0.291712644
1554786213950,5.224,121.2,0.00569,0.423,0.291712644
1554786213996,5.27,121.2,0.00569,0.423,0.291712644
1554786214042,5.316,121.2,0.00569,0.423,0.291712644
1554786214104,5.378,121.2,0.00567,0.424,0.291374496
1554786214149,5.423,121.2,0.00567,0.424,0.291374496
1554786214195,5.47,121.2,0.00567,0.424,0.291374496
1554786214242,5.516,121.2,0.00567,0.424,0.291374496
1554786214304,5.578,121.2,0.00567,0.423,0.290687292
1554786214350,5.624,121.2,0.00567,0.423,0.290687292
1554786214396,5.67,121.2,0.00567,0.423,0.290687292
1554786214442,5.717,121.2,0.00567,0.423,0.290687292
1554786214503,5.777,121.2,0.0057,0.42,0.2901528
1554786214549,5.823,121.2,0.0057,0.42,0.2901528
1554786214595,5.87,121.2,0.0057,0.42,0.2901528
1554786214642,5.916,121.2,0.0057,0.42,0.2901528
1554786214704,5.978,121.2,0.00567,0.421,0.289312884
1554786214750,6.025,121.2,0.00567,0.421,0.289312884
1554786214797,6.071,121.2,0.00567,0.421,0.289312884
1554786214843,6.117,121.2,0.00567,0.421,0.289312884
1554786214904,6.178,121.2,0.00566,0.421,0.288802632
1554786214950,6.224,121.2,0.00566,0.421,0.288802632
1554786214997,6.271,121.2,0.00566,0.421,0.288802632
1554786215043,6.317,121.2,0.00566,0.421,0.288802632
1554786215104,6.378,121.1,0.00565,0.423,0.289422945
1554786215150,6.424,121.1,0.00565,0.423,0.289422945
1554786215196,6.47,121.1,0.00565,0.423,0.289422945
1554786215242,6.516,121.1,0.00565,0.423,0.289422945
1554786215303,6.577,121.1,0.00569,0.421,0.290093839
1554786215349,6.623,121.1,0.00569,0.421,0.290093839
1554786215395,6.669,121.1,0.00569,0.421,0.290093839
1554786215441,6.715,121.1,0.00569,0.421,0.290093839
1554786215504,6.778,121.2,0.00567,0.422,0.290000088
1554786215550,6.824,121.2,0.00567,0.422,0.290000088
1554786215596,6.87,121.2,0.00567,0.422,0.290000088
1554786215642,6.916,121.2,0.00567,0.422,0.290000088
1554786215703,6.977,121.1,0.00566,0.42,0.28787892
1554786215749,7.023,121.1,0.00566,0.42,0.28787892
1554786215795,7.069,121.1,0.00566,0.42,0.28787892
1554786215842,7.116,121.1,0.00566,0.42,0.28787892
1554786215904,7.178,121.2,0.00571,0.419,0.289969788
1554786215950,7.224,121.2,0.00571,0.419,0.289969788
1554786215996,7.27,121.2,0.00571,0.419,0.289969788
1554786216042,7.316,121.2,0.00571,0.419,0.289969788
1554786216104,7.378,121.2,0.00566,0.422,0.289488624
1554786216150,7.424,121.2,0.00566,0.422,0.289488624
1554786216196,7.47,121.2,0.00566,0.422,0.289488624
1554786216243,7.517,121.2,0.00566,0.422,0.289488624
1554786216304,7.578,121.2,0.00564,0.425,0.2905164
1554786216350,7.624,121.2,0.00564,0.425,0.2905164
1554786216396,7.67,121.2,0.00564,0.425,0.2905164
1554786216442,7.716,121.2,0.00564,0.425,0.2905164
1554786216503,7.777,121.2,0.00569,0.423,0.291712644
1554786216549,7.823,121.2,0.00569,0.423,0.291712644
1554786216595,7.869,121.2,0.00569,0.423,0.291712644
1554786216641,7.915,121.2,0.00569,0.423,0.291712644
1554786216704,7.978,121.3,0.00568,0.423,0.291440232
1554786216750,8.024,121.3,0.00568,0.423,0.291440232
1554786216796,8.07,121.3,0.00568,0.423,0.291440232
1554786216842,8.116,121.3,0.00568,0.423,0.291440232
1554786216903,8.177,121.3,0.00567,0.421,0.289551591
1554786216950,8.224,121.3,0.00567,0.421,0.289551591
1554786216996,8.27,121.3,0.00567,0.421,0.289551591
1554786217042,8.316,121.3,0.00567,0.421,0.289551591
1554786217104,8.378,121.3,0.0057,0.422,0.29177502
1554786217150,8.424,121.3,0.0057,0.422,0.29177502
1554786217196,8.47,121.3,0.0057,0.422,0.29177502
1554786217243,8.517,121.3,0.0057,0.422,0.29177502
1554786217304,8.578,121.3,0.00571,0.422,0.292286906
1554786217350,8.624,121.3,0.00571,0.422,0.292286906
1554786217396,8.67,121.3,0.00571,0.422,0.292286906
1554786217442,8.716,121.3,0.00571,0.422,0.292286906
1554786217504,8.778,121.3,0.00572,0.422,0.292798792
1554786217550,8.824,121.3,0.00572,0.422,0.292798792
1554786217596,8.87,121.3,0.00572,0.422,0.292798792
1554786217642,8.916,121.3,0.00572,0.422,0.292798792
1554786217703,8.977,121.3,0.00568,0.426,0.293507184
1554786217749,9.023,121.3,0.00568,0.426,0.293507184
1554786217795,9.069,121.3,0.00568,0.426,0.293507184
1554786217841,9.115,121.3,0.00568,0.426,0.293507184
1554786217904,9.178,121.3,0.00573,0.421,0.292615629
1554786217950,9.224,121.3,0.00573,0.421,0.292615629
1554786217996,9.27,121.3,0.00573,0.421,0.292615629
1554786218042,9.316,121.3,0.00573,0.421,0.292615629
1554786218103,9.377,121.3,0.00576,0.419,0.292750272
1554786218149,9.423,121.3,0.00576,0.419,0.292750272
1554786218195,9.469,121.3,0.00576,0.419,0.292750272
1554786218241,9.515,121.3,0.00576,0.419,0.292750272
1554786218304,9.578,121.2,0.0057,0.421,0.29084364
1554786218350,9.624,121.2,0.0057,0.421,0.29084364
1554786218396,9.67,121.2,0.0057,0.421,0.29084364
1554786218442,9.716,121.2,0.0057,0.421,0.29084364
1554786218503,9.777,121.2,0.00567,0.422,0.290000088
1554786218549,9.823,121.2,0.00567,0.422,0.290000088
1554786218595,9.869,121.2,0.00567,0.422,0.290000088
1554786218642,9.916,121.2,0.00567,0.422,0.290000088
1554786218703,9.977,121.2,0.00568,0.42,0.28913472
1554786218749,10.023,121.2,0.00568,0.42,0.28913472
1554786218795,10.069,121.2,0.00568,0.42,0.28913472
1554786218841,10.115,121.2,0.00568,0.42,0.28913472
1554786218904,10.178,121.2,0.00567,0.422,0.290000088
1554786218950,10.224,121.2,0.00567,0.422,0.290000088
1554786218997,10.271,121.2,0.00567,0.422,0.290000088
1554786219043,10.317,121.2,0.00567,0.422,0.290000088
1554786219103,10.377,121.2,0.00563,0.422,0.287954232
1554786219149,10.423,121.2,0.00563,0.422,0.287954232
1554786219196,10.47,121.2,0.00563,0.422,0.287954232
1554786219242,10.516,121.2,0.00563,0.422,0.287954232
1554786219304,10.578,121.2,0.00565,0.425,0.2910315
1554786219350,10.624,121.2,0.00565,0.425,0.2910315
1554786219396,10.67,121.2,0.00565,0.425,0.2910315
1554786219442,10.716,121.2,0.00565,0.425,0.2910315
1554786219503,10.777,121.2,0.00565,0.423,0.28966194
1554786219549,10.823,121.2,0.00565,0.423,0.28966194
1554786219595,10.869,121.2,0.00565,0.423,0.28966194
1554786219642,10.916,121.2,0.00565,0.423,0.28966194
1554786219703,10.977,121.2,0.00566,0.42,0.28811664
1554786219749,11.023,121.2,0.00566,0.42,0.28811664
1554786219795,11.069,121.2,0.00566,0.42,0.28811664
1554786219841,11.115,121.2,0.00566,0.42,0.28811664
1554786219903,11.178,121.2,0.00565,0.422,0.28897716
1554786219950,11.224,121.2,0.00565,0.422,0.28897716
1554786219996,11.27,121.2,0.00565,0.422,0.28897716
1554786220042,11.316,121.2,0.00565,0.422,0.28897716
1554786220103,11.377,121.2,0.00567,0.421,0.289312884
1554786220149,11.423,121.2,0.00567,0.421,0.289312884
1554786220195,11.469,121.2,0.00567,0.421,0.289312884
1554786220241,11.515,121.2,0.00567,0.421,0.289312884
1554786220303,11.577,121.2,0.00569,0.421,0.290333388
1554786220349,11.624,121.2,0.00569,0.421,0.290333388
1554786220396,11.67,121.2,0.00569,0.421,0.290333388
1554786220442,11.716,121.2,0.00569,0.421,0.290333388
1554786220503,11.777,121.3,0.0057,0.42,0.2903922
1554786220549,11.823,121.3,0.0057,0.42,0.2903922
1554786220595,11.869,121.3,0.0057,0.42,0.2903922
1554786220641,11.915,121.3,0.0057,0.42,0.2903922
1554786220703,11.977,121.3,0.00568,0.423,0.291440232
1554786220749,12.024,121.3,0.00568,0.423,0.291440232
1554786220796,12.07,121.3,0.00568,0.423,0.291440232
1554786220842,12.116,121.3,0.00568,0.423,0.291440232
1554786220903,12.177,121.3,0.00566,0.424,0.291100592
1554786220949,12.223,121.3,0.00566,0.424,0.291100592
1554786220995,12.269,121.3,0.00566,0.424,0.291100592
1554786221041,12.315,121.3,0.00566,0.424,0.291100592
1554786221103,12.377,121.3,0.00568,0.424,0.292129216
1554786221149,12.423,121.3,0.00568,0.424,0.292129216
1554786221195,12.469,121.3,0.00568,0.424,0.292129216
1554786221241,12.516,121.3,0.00568,0.424,0.292129216
1554786221303,12.577,121.3,0.00571,0.423,0.292979529
1554786221349,12.623,121.3,0.00571,0.423,0.292979529
1554786221395,12.669,121.3,0.00571,0.423,0.292979529
1554786221441,12.715,121.3,0.00571,0.423,0.292979529
1554786221503,12.777,121.3,0.00571,0.422,0.292286906
1554786221549,12.823,121.3,0.00571,0.422,0.292286906
1554786221596,12.87,121.3,0.00571,0.422,0.292286906
1554786221642,12.916,121.3,0.00571,0.422,0.292286906
1554786221703,12.977,121.3,0.00572,0.425,0.2948803
1554786221749,13.023,121.3,0.00572,0.425,0.2948803
1554786221795,13.069,121.3,0.00572,0.425,0.2948803
1554786221841,13.115,121.3,0.00572,0.425,0.2948803
1554786221903,13.177,121.3,0.00571,0.421,0.291594283
1554786221949,13.224,121.3,0.00571,0.421,0.291594283
1554786221997,13.271,121.3,0.00571,0.421,0.291594283
1554786222043,13.317,121.3,0.00571,0.421,0.291594283
1554786222103,13.377,121.3,0.00573,0.418,0.290530482
1554786222149,13.423,121.3,0.00573,0.418,0.290530482
1554786222195,13.469,121.3,0.00573,0.418,0.290530482
1554786222241,13.515,121.3,0.00573,0.418,0.290530482
1554786222303,13.577,121.3,0.00573,0.424,0.294700776
1554786222350,13.624,121.3,0.00573,0.424,0.294700776
1554786222396,13.67,121.3,0.00573,0.424,0.294700776
1554786222442,13.716,121.3,0.00573,0.424,0.294700776
1554786222503,13.777,121.3,0.00573,0.423,0.294005727
1554786222549,13.823,121.3,0.00573,0.423,0.294005727
1554786222595,13.869,121.3,0.00573,0.423,0.294005727
1554786222641,13.915,121.3,0.00573,0.423,0.294005727
1554786222703,13.977,121.3,0.00574,0.416,0.289644992
1554786222749,14.023,121.3,0.00574,0.416,0.289644992
1554786222795,14.069,121.3,0.00574,0.416,0.289644992
1554786222841,14.115,121.3,0.00574,0.416,0.289644992
1554786222903,14.177,121.3,0.0057,0.418,0.28900938
1554786222949,14.223,121.3,0.0057,0.418,0.28900938
1554786222996,14.27,121.3,0.0057,0.418,0.28900938
1554786223042,14.316,121.3,0.0057,0.418,0.28900938
1554786223103,14.377,121.2,0.00567,0.422,0.290000088
1554786223148,14.422,121.2,0.00567,0.422,0.290000088
1554786223195,14.469,121.2,0.00567,0.422,0.290000088
1554786223241,14.515,121.2,0.00567,0.422,0.290000088
1554786223303,14.577,121.2,0.00568,0.421,0.289823136
1554786223349,14.623,121.2,0.00568,0.421,0.289823136
1554786223396,14.67,121.2,0.00568,0.421,0.289823136
1554786223442,14.716,121.2,0.00568,0.421,0.289823136
1554786223503,14.777,121.2,0.00569,0.421,0.290333388
1554786223549,14.823,121.2,0.00569,0.421,0.290333388
1554786223595,14.869,121.2,0.00569,0.421,0.290333388
1554786223641,14.915,121.2,0.00569,0.421,0.290333388
1554786223703,14.977,121.2,0.00568,0.42,0.28913472
1554786223749,15.023,121.2,0.00568,0.42,0.28913472
1554786223796,15.07,121.2,0.00568,0.42,0.28913472
1554786223842,15.116,121.2,0.00568,0.42,0.28913472
1554786223903,15.177,121.2,0.00566,0.419,0.287430648
1554786223949,15.223,121.2,0.00566,0.419,0.287430648
1554786223995,15.269,121.2,0.00566,0.419,0.287430648
1554786224041,15.315,121.2,0.00566,0.419,0.287430648
1554786224103,15.377,121.2,0.00568,0.42,0.28913472
1554786224149,15.423,121.2,0.00568,0.42,0.28913472
1554786224195,15.469,121.2,0.00568,0.42,0.28913472
1554786224242,15.516,121.2,0.00568,0.42,0.28913472
1554786224303,15.577,121.2,0.00576,0.418,0.291810816
1554786224348,15.622,121.2,0.00576,0.418,0.291810816
1554786224395,15.669,121.2,0.00576,0.418,0.291810816
1554786224441,15.715,121.2,0.00576,0.418,0.291810816
1554786224503,15.777,121.3,0.00576,0.417,0.291352896
1554786224549,15.823,121.3,0.00576,0.417,0.291352896
1554786224595,15.869,121.3,0.00576,0.417,0.291352896
1554786224641,15.915,121.3,0.00576,0.417,0.291352896
1554786224702,15.976,121.3,0.00577,0.417,0.291858717
1554786224748,16.022,121.3,0.00577,0.417,0.291858717
1554786224795,16.069,121.3,0.00577,0.417,0.291858717
1554786224841,16.115,121.3,0.00577,0.417,0.291858717
1554786224903,16.177,121.3,0.00574,0.418,0.291037516
1554786224949,16.223,121.3,0.00574,0.418,0.291037516
1554786224996,16.27,121.3,0.00574,0.418,0.291037516
1554786225043,16.317,121.3,0.00574,0.418,0.291037516
1554786225103,16.377,121.3,0.00578,0.418,0.293065652
1554786225148,16.422,121.3,0.00578,0.418,0.293065652
1554786225195,16.469,121.3,0.00578,0.418,0.293065652
1554786225241,16.515,121.3,0.00578,0.418,0.293065652
1554786225303,16.577,121.3,0.00576,0.421,0.294147648
1554786225349,16.623,121.3,0.00576,0.421,0.294147648
1554786225395,16.669,121.3,0.00576,0.421,0.294147648
1554786225441,16.715,121.3,0.00576,0.421,0.294147648
1554786225502,16.777,121.3,0.00576,0.42,0.29344896
1554786225548,16.822,121.3,0.00576,0.42,0.29344896
1554786225594,16.868,121.3,0.00576,0.42,0.29344896
1554786225641,16.915,121.3,0.00576,0.42,0.29344896
1554786225703,16.977,121.4,0.00576,0.42,0.29369088
1554786225749,17.023,121.4,0.00576,0.42,0.29369088
1554786225795,17.07,121.4,0.00576,0.42,0.29369088
1554786225841,17.115,121.4,0.00576,0.42,0.29369088
1554786225902,17.176,121.3,0.00571,0.423,0.292979529
1554786225948,17.222,121.3,0.00571,0.423,0.292979529
1554786225994,17.268,121.3,0.00571,0.423,0.292979529
1554786226040,17.314,121.3,0.00571,0.423,0.292979529
1554786226103,17.377,121.3,0.00567,0.423,0.290927133
1554786226149,17.423,121.3,0.00567,0.423,0.290927133
1554786226195,17.469,121.3,0.00567,0.423,0.290927133
1554786226241,17.515,121.3,0.00567,0.423,0.290927133
1554786226302,17.576,121.3,0.00569,0.423,0.291953331
1554786226348,17.622,121.3,0.00569,0.423,0.291953331
1554786226394,17.668,121.3,0.00569,0.423,0.291953331
1554786226440,17.715,121.3,0.00569,0.423,0.291953331
1554786226503,17.777,121.3,0.00574,0.423,0.294518826
1554786226549,17.823,121.3,0.00574,0.423,0.294518826
1554786226595,17.869,121.3,0.00574,0.423,0.294518826
1554786226641,17.915,121.3,0.00574,0.423,0.294518826
1554786226702,17.976,121.3,0.00572,0.422,0.292798792
1554786226748,18.022,121.3,0.00572,0.422,0.292798792
1554786226794,18.068,121.3,0.00572,0.422,0.292798792
1554786226840,18.114,121.3,0.00572,0.422,0.292798792
1554786226903,18.177,121.2,0.00572,0.42,0.29117088
1554786226949,18.223,121.2,0.00572,0.42,0.29117088
1554786226995,18.269,121.2,0.00572,0.42,0.29117088
1554786227041,18.315,121.2,0.00572,0.42,0.29117088
1554786227103,18.377,121.2,0.0057,0.423,0.29222532
1554786227149,18.423,121.2,0.0057,0.423,0.29222532
1554786227195,18.469,121.2,0.0057,0.423,0.29222532
1554786227241,18.515,121.2,0.0057,0.423,0.29222532
1554786227302,18.576,121.2,0.0057,0.421,0.29084364
1554786227348,18.622,121.2,0.0057,0.421,0.29084364
1554786227394,18.668,121.2,0.0057,0.421,0.29084364
1554786227441,18.715,121.2,0.0057,0.421,0.29084364
1554786227503,18.777,121.2,0.00567,0.422,0.290000088
1554786227549,18.823,121.2,0.00567,0.422,0.290000088
1554786227595,18.869,121.2,0.00567,0.422,0.290000088
1554786227641,18.915,121.2,0.00567,0.422,0.290000088
1554786227702,18.976,121.3,0.00567,0.421,0.289551591
1554786227748,19.022,121.3,0.00567,0.421,0.289551591
1554786227794,19.068,121.3,0.00567,0.421,0.289551591
1554786227840,19.114,121.3,0.00567,0.421,0.289551591
1554786227903,19.177,121.3,0.00564,0.423,0.289387836
1554786227949,19.223,121.3,0.00564,0.423,0.289387836
1554786227995,19.269,121.3,0.00564,0.423,0.289387836
1554786228041,19.315,121.3,0.00564,0.423,0.289387836
1554786228103,19.377,121.2,0.00566,0.422,0.289488624
1554786228149,19.423,121.2,0.00566,0.422,0.289488624
1554786228195,19.469,121.2,0.00566,0.422,0.289488624
1554786228241,19.515,121.2,0.00566,0.422,0.289488624
1554786228302,19.576,121.2,0.00572,0.422,0.292557408
1554786228348,19.622,121.2,0.00572,0.422,0.292557408
1554786228395,19.669,121.2,0.00572,0.422,0.292557408
1554786228441,19.715,121.2,0.00572,0.422,0.292557408
1554786228503,19.777,121.3,0.00568,0.424,0.292129216
1554786228549,19.823,121.3,0.00568,0.424,0.292129216
1554786228595,19.869,121.3,0.00568,0.424,0.292129216
1554786228641,19.915,121.3,0.00568,0.424,0.292129216
1554786228702,19.976,121.3,0.0057,0.423,0.29246643
1554786228748,20.022,121.3,0.0057,0.423,0.29246643
1554786228794,20.068,121.3,0.0057,0.423,0.29246643
1554786228840,20.114,121.3,0.0057,0.423,0.29246643
1554786228903,20.177,121.3,0.00581,0.421,0.296701013
1554786228949,20.223,121.3,0.00581,0.421,0.296701013
1554786228995,20.269,121.3,0.00581,0.421,0.296701013
1554786229041,20.315,121.3,0.00581,0.421,0.296701013
1554786229102,20.376,121.3,0.00584,0.423,0.299649816
1554786229148,20.422,121.3,0.00584,0.423,0.299649816
1554786229194,20.468,121.3,0.00584,0.423,0.299649816
1554786229240,20.514,121.3,0.00584,0.423,0.299649816
1554786229302,20.576,121.3,0.00587,0.421,0.299765051
1554786229348,20.622,121.3,0.00587,0.421,0.299765051
1554786229395,20.669,121.3,0.00587,0.421,0.299765051
1554786229441,20.715,121.3,0.00587,0.421,0.299765051
1554786229503,20.777,121.3,0.00589,0.422,0.301500854
1554786229549,20.823,121.3,0.00589,0.422,0.301500854
1554786229595,20.869,121.3,0.00589,0.422,0.301500854
1554786229641,20.915,121.3,0.00589,0.422,0.301500854
1554786229702,20.976,121.3,0.00592,0.426,0.305908896
1554786229748,21.022,121.3,0.00592,0.426,0.305908896
1554786229794,21.068,121.3,0.00592,0.426,0.305908896
1554786229840,21.114,121.3,0.00592,0.426,0.305908896
1554786229903,21.177,121.3,0.00583,0.425,0.300551075
1554786229949,21.223,121.3,0.00583,0.425,0.300551075
You pressed Ctrl+C!
1554786229995,21.269,121.3,0.00583,0.425,0.300551075
