# Mon Apr 08 20:19:12 2019
abstime,time_stamp,volt,curr,pf,mul
1554779952509,0.08,121.4,0.00578,0.421,0.295412332
1554779952556,0.127,121.4,0.00578,0.421,0.295412332
1554779952602,0.173,121.4,0.00578,0.421,0.295412332
1554779952647,0.218,121.4,0.00578,0.421,0.295412332
1554779952692,0.263,121.4,0.00562,0.42,0.28655256
1554779952738,0.309,121.4,0.00562,0.42,0.28655256
1554779952783,0.354,121.4,0.00562,0.42,0.28655256
1554779952829,0.4,121.4,0.00562,0.42,0.28655256
1554779952881,0.452,121.4,0.00566,0.422,0.289966328
1554779952926,0.497,121.4,0.00566,0.422,0.289966328
1554779952972,0.543,121.4,0.00566,0.422,0.289966328
1554779953017,0.588,121.4,0.00566,0.422,0.289966328
1554779953081,0.652,121.4,0.00564,0.421,0.288257016
1554779953127,0.698,121.4,0.00564,0.421,0.288257016
1554779953173,0.744,121.4,0.00564,0.421,0.288257016
1554779953219,0.79,121.4,0.00564,0.421,0.288257016
1554779953282,0.853,121.4,0.00562,0.418,0.285188024
1554779953328,0.899,121.4,0.00562,0.418,0.285188024
1554779953374,0.945,121.4,0.00562,0.418,0.285188024
1554779953420,0.991,121.4,0.00562,0.418,0.285188024
1554779953481,1.052,121.4,0.00562,0.419,0.285870292
1554779953527,1.098,121.4,0.00562,0.419,0.285870292
1554779953573,1.144,121.4,0.00562,0.419,0.285870292
1554779953619,1.19,121.4,0.00562,0.419,0.285870292
1554779953681,1.252,121.3,0.00562,0.418,0.284953108
1554779953727,1.298,121.3,0.00562,0.418,0.284953108
1554779953773,1.344,121.3,0.00562,0.418,0.284953108
1554779953819,1.39,121.3,0.00562,0.418,0.284953108
1554779953880,1.451,121.3,0.00566,0.419,0.287667802
1554779953926,1.497,121.3,0.00566,0.419,0.287667802
1554779953973,1.544,121.3,0.00566,0.419,0.287667802
1554779954019,1.59,121.3,0.00566,0.419,0.287667802
1554779954081,1.652,121.4,0.00571,0.417,0.289061898
1554779954127,1.698,121.4,0.00571,0.417,0.289061898
1554779954173,1.744,121.4,0.00571,0.417,0.289061898
1554779954219,1.79,121.4,0.00571,0.417,0.289061898
1554779954280,1.852,121.4,0.00569,0.414,0.285977124
1554779954327,1.898,121.4,0.00569,0.414,0.285977124
1554779954373,1.944,121.4,0.00569,0.414,0.285977124
1554779954419,1.99,121.4,0.00569,0.414,0.285977124
1554779954481,2.052,121.3,0.00566,0.416,0.285608128
1554779954527,2.098,121.3,0.00566,0.416,0.285608128
1554779954573,2.144,121.3,0.00566,0.416,0.285608128
1554779954619,2.19,121.3,0.00566,0.416,0.285608128
1554779954681,2.252,121.3,0.00566,0.42,0.28835436
1554779954728,2.299,121.3,0.00566,0.42,0.28835436
1554779954774,2.345,121.3,0.00566,0.42,0.28835436
1554779954820,2.391,121.3,0.00566,0.42,0.28835436
1554779954881,2.452,121.3,0.00569,0.42,0.28988274
1554779954927,2.498,121.3,0.00569,0.42,0.28988274
1554779954973,2.544,121.3,0.00569,0.42,0.28988274
1554779955019,2.59,121.3,0.00569,0.42,0.28988274
1554779955081,2.652,121.4,0.00569,0.42,0.29012172
1554779955127,2.698,121.4,0.00569,0.42,0.29012172
1554779955173,2.744,121.4,0.00569,0.42,0.29012172
1554779955219,2.79,121.4,0.00569,0.42,0.29012172
1554779955280,2.851,121.4,0.00569,0.418,0.288740188
1554779955327,2.898,121.4,0.00569,0.418,0.288740188
1554779955373,2.944,121.4,0.00569,0.418,0.288740188
1554779955419,2.99,121.4,0.00569,0.418,0.288740188
1554779955481,3.052,121.4,0.00571,0.42,0.29114148
1554779955527,3.098,121.4,0.00571,0.42,0.29114148
1554779955573,3.144,121.4,0.00571,0.42,0.29114148
1554779955619,3.19,121.4,0.00571,0.42,0.29114148
1554779955681,3.252,121.4,0.00569,0.42,0.29012172
1554779955727,3.298,121.4,0.00569,0.42,0.29012172
1554779955773,3.344,121.4,0.00569,0.42,0.29012172
1554779955820,3.391,121.4,0.00569,0.42,0.29012172
1554779955881,3.452,121.4,0.00572,0.42,0.29165136
1554779955927,3.498,121.4,0.00572,0.42,0.29165136
1554779955973,3.544,121.4,0.00572,0.42,0.29165136
1554779956019,3.59,121.4,0.00572,0.42,0.29165136
1554779956081,3.652,121.4,0.00573,0.415,0.28868313
1554779956127,3.698,121.4,0.00573,0.415,0.28868313
1554779956173,3.744,121.4,0.00573,0.415,0.28868313
1554779956219,3.79,121.4,0.00573,0.415,0.28868313
1554779956280,3.851,121.4,0.00571,0.417,0.289061898
1554779956326,3.897,121.4,0.00571,0.417,0.289061898
1554779956372,3.943,121.4,0.00571,0.417,0.289061898
1554779956418,3.989,121.4,0.00571,0.417,0.289061898
1554779956481,4.052,121.4,0.00568,0.419,0.288922288
1554779956527,4.098,121.4,0.00568,0.419,0.288922288
1554779956573,4.144,121.4,0.00568,0.419,0.288922288
1554779956620,4.191,121.4,0.00568,0.419,0.288922288
1554779956681,4.252,121.4,0.00569,0.416,0.287358656
1554779956727,4.298,121.4,0.00569,0.416,0.287358656
1554779956773,4.344,121.4,0.00569,0.416,0.287358656
1554779956819,4.39,121.4,0.00569,0.416,0.287358656
1554779956881,4.452,121.4,0.00568,0.417,0.287543184
1554779956927,4.498,121.4,0.00568,0.417,0.287543184
1554779956973,4.544,121.4,0.00568,0.417,0.287543184
1554779957019,4.59,121.4,0.00568,0.417,0.287543184
1554779957080,4.651,121.4,0.00565,0.419,0.28739629
1554779957127,4.698,121.4,0.00565,0.419,0.28739629
1554779957173,4.744,121.4,0.00565,0.419,0.28739629
1554779957219,4.79,121.4,0.00565,0.419,0.28739629
1554779957280,4.851,121.4,0.00561,0.422,0.287404788
1554779957326,4.897,121.4,0.00561,0.422,0.287404788
1554779957373,4.944,121.4,0.00561,0.422,0.287404788
1554779957418,4.989,121.4,0.00561,0.422,0.287404788
1554779957481,5.052,121.4,0.00558,0.421,0.285190452
1554779957527,5.098,121.4,0.00558,0.421,0.285190452
1554779957573,5.144,121.4,0.00558,0.421,0.285190452
1554779957619,5.19,121.4,0.00558,0.421,0.285190452
1554779957680,5.251,121.4,0.00556,0.422,0.284843248
1554779957726,5.297,121.4,0.00556,0.422,0.284843248
1554779957772,5.343,121.4,0.00556,0.422,0.284843248
1554779957819,5.39,121.4,0.00556,0.422,0.284843248
1554779957881,5.452,121.4,0.00562,0.422,0.287917096
1554779957927,5.498,121.4,0.00562,0.422,0.287917096
1554779957973,5.544,121.4,0.00562,0.422,0.287917096
1554779958019,5.591,121.4,0.00562,0.422,0.287917096
1554779958080,5.651,121.4,0.0056,0.422,0.28689248
1554779958127,5.698,121.4,0.0056,0.422,0.28689248
1554779958173,5.744,121.4,0.0056,0.422,0.28689248
1554779958219,5.79,121.4,0.0056,0.422,0.28689248
1554779958281,5.852,121.4,0.00562,0.422,0.287917096
1554779958327,5.898,121.4,0.00562,0.422,0.287917096
1554779958373,5.944,121.4,0.00562,0.422,0.287917096
1554779958419,5.99,121.4,0.00562,0.422,0.287917096
1554779958480,6.051,121.4,0.0056,0.422,0.28689248
1554779958526,6.097,121.4,0.0056,0.422,0.28689248
1554779958572,6.143,121.4,0.0056,0.422,0.28689248
1554779958618,6.189,121.4,0.0056,0.422,0.28689248
1554779958680,6.251,121.3,0.00562,0.422,0.287679932
1554779958726,6.297,121.3,0.00562,0.422,0.287679932
1554779958773,6.344,121.3,0.00562,0.422,0.287679932
1554779958819,6.39,121.3,0.00562,0.422,0.287679932
1554779958880,6.451,121.3,0.00564,0.42,0.28733544
1554779958926,6.497,121.3,0.00564,0.42,0.28733544
1554779958972,6.543,121.3,0.00564,0.42,0.28733544
1554779959018,6.589,121.3,0.00564,0.42,0.28733544
1554779959081,6.652,121.3,0.00564,0.424,0.290071968
1554779959127,6.698,121.3,0.00564,0.424,0.290071968
1554779959173,6.744,121.3,0.00564,0.424,0.290071968
1554779959219,6.79,121.3,0.00564,0.424,0.290071968
1554779959280,6.851,121.4,0.0057,0.418,0.28924764
1554779959326,6.897,121.4,0.0057,0.418,0.28924764
1554779959372,6.943,121.4,0.0057,0.418,0.28924764
1554779959419,6.99,121.4,0.0057,0.418,0.28924764
1554779959481,7.052,121.4,0.0057,0.421,0.29132358
1554779959527,7.098,121.4,0.0057,0.421,0.29132358
1554779959573,7.144,121.4,0.0057,0.421,0.29132358
1554779959620,7.191,121.4,0.0057,0.421,0.29132358
1554779959680,7.252,121.4,0.00566,0.421,0.289279204
1554779959727,7.298,121.4,0.00566,0.421,0.289279204
1554779959773,7.344,121.4,0.00566,0.421,0.289279204
1554779959819,7.39,121.4,0.00566,0.421,0.289279204
1554779959880,7.451,121.4,0.00565,0.424,0.29082584
1554779959926,7.497,121.4,0.00565,0.424,0.29082584
1554779959972,7.543,121.4,0.00565,0.424,0.29082584
1554779960018,7.589,121.4,0.00565,0.424,0.29082584
1554779960080,7.651,121.4,0.00565,0.424,0.29082584
1554779960127,7.698,121.4,0.00565,0.424,0.29082584
1554779960173,7.744,121.4,0.00565,0.424,0.29082584
1554779960219,7.79,121.4,0.00565,0.424,0.29082584
1554779960280,7.851,121.4,0.00567,0.42,0.28910196
1554779960326,7.897,121.4,0.00567,0.42,0.28910196
1554779960372,7.943,121.4,0.00567,0.42,0.28910196
1554779960418,7.99,121.4,0.00567,0.42,0.28910196
1554779960480,8.051,121.4,0.00561,0.421,0.286723734
1554779960526,8.097,121.4,0.00561,0.421,0.286723734
1554779960572,8.143,121.4,0.00561,0.421,0.286723734
1554779960618,8.189,121.4,0.00561,0.421,0.286723734
1554779960680,8.251,121.4,0.00562,0.42,0.28655256
1554779960726,8.297,121.4,0.00562,0.42,0.28655256
1554779960772,8.343,121.4,0.00562,0.42,0.28655256
1554779960819,8.39,121.4,0.00562,0.42,0.28655256
1554779960880,8.451,121.4,0.00562,0.421,0.287234828
1554779960925,8.496,121.4,0.00562,0.421,0.287234828
1554779960972,8.543,121.4,0.00562,0.421,0.287234828
1554779961022,8.593,121.4,0.00562,0.421,0.287234828
1554779961080,8.651,121.4,0.00561,0.418,0.284680572
1554779961126,8.697,121.4,0.00561,0.418,0.284680572
1554779961172,8.743,121.4,0.00561,0.418,0.284680572
1554779961218,8.789,121.4,0.00561,0.418,0.284680572
1554779961280,8.851,121.4,0.00563,0.42,0.28706244
1554779961326,8.897,121.4,0.00563,0.42,0.28706244
1554779961372,8.943,121.4,0.00563,0.42,0.28706244
1554779961418,8.989,121.4,0.00563,0.42,0.28706244
1554779961482,9.053,121.4,0.00559,0.419,0.284344294
1554779961528,9.099,121.4,0.00559,0.419,0.284344294
1554779961574,9.145,121.4,0.00559,0.419,0.284344294
1554779961620,9.191,121.4,0.00559,0.419,0.284344294
1554779961680,9.251,121.3,0.0056,0.419,0.28461832
1554779961726,9.297,121.3,0.0056,0.419,0.28461832
1554779961772,9.343,121.3,0.0056,0.419,0.28461832
1554779961818,9.389,121.3,0.0056,0.419,0.28461832
1554779961881,9.452,121.3,0.00569,0.413,0.285051361
1554779961927,9.498,121.3,0.00569,0.413,0.285051361
1554779961973,9.544,121.3,0.00569,0.413,0.285051361
1554779962019,9.59,121.3,0.00569,0.413,0.285051361
1554779962081,9.652,121.4,0.00568,0.418,0.288232736
1554779962127,9.698,121.4,0.00568,0.418,0.288232736
1554779962173,9.745,121.4,0.00568,0.418,0.288232736
1554779962220,9.791,121.4,0.00568,0.418,0.288232736
1554779962281,9.852,121.4,0.00564,0.421,0.288257016
1554779962327,9.898,121.4,0.00564,0.421,0.288257016
1554779962373,9.944,121.4,0.00564,0.421,0.288257016
1554779962419,9.99,121.4,0.00564,0.421,0.288257016
1554779962481,10.052,121.4,0.00563,0.421,0.287745922
1554779962527,10.098,121.4,0.00563,0.421,0.287745922
1554779962573,10.144,121.4,0.00563,0.421,0.287745922
1554779962619,10.19,121.4,0.00563,0.421,0.287745922
1554779962680,10.251,121.4,0.00566,0.418,0.287217832
1554779962726,10.297,121.4,0.00566,0.418,0.287217832
1554779962773,10.344,121.4,0.00566,0.418,0.287217832
1554779962819,10.39,121.4,0.00566,0.418,0.287217832
1554779962881,10.452,121.3,0.00566,0.422,0.289727476
1554779962927,10.498,121.3,0.00566,0.422,0.289727476
1554779962974,10.545,121.3,0.00566,0.422,0.289727476
1554779963020,10.591,121.3,0.00566,0.422,0.289727476
1554779963081,10.652,121.4,0.00565,0.424,0.29082584
1554779963127,10.698,121.4,0.00565,0.424,0.29082584
1554779963174,10.745,121.4,0.00565,0.424,0.29082584
1554779963220,10.791,121.4,0.00565,0.424,0.29082584
1554779963281,10.852,121.4,0.00568,0.422,0.290990944
1554779963327,10.898,121.4,0.00568,0.422,0.290990944
1554779963373,10.944,121.4,0.00568,0.422,0.290990944
1554779963419,10.99,121.4,0.00568,0.422,0.290990944
1554779963480,11.051,121.4,0.00565,0.422,0.28945402
1554779963526,11.097,121.4,0.00565,0.422,0.28945402
1554779963572,11.143,121.4,0.00565,0.422,0.28945402
1554779963619,11.19,121.4,0.00565,0.422,0.28945402
1554779963681,11.252,121.4,0.00566,0.424,0.291340576
1554779963727,11.298,121.4,0.00566,0.424,0.291340576
1554779963773,11.344,121.4,0.00566,0.424,0.291340576
1554779963819,11.39,121.4,0.00566,0.424,0.291340576
1554779963880,11.451,121.4,0.00566,0.421,0.289279204
1554779963926,11.497,121.4,0.00566,0.421,0.289279204
1554779963972,11.543,121.4,0.00566,0.421,0.289279204
1554779964019,11.59,121.4,0.00566,0.421,0.289279204
1554779964081,11.652,121.4,0.00569,0.422,0.291503252
1554779964127,11.698,121.4,0.00569,0.422,0.291503252
1554779964174,11.745,121.4,0.00569,0.422,0.291503252
1554779964219,11.79,121.4,0.00569,0.422,0.291503252
1554779964280,11.851,121.4,0.00566,0.419,0.287904956
1554779964326,11.897,121.4,0.00566,0.419,0.287904956
1554779964373,11.944,121.4,0.00566,0.419,0.287904956
1554779964419,11.99,121.4,0.00566,0.419,0.287904956
1554779964481,12.052,121.4,0.00559,0.421,0.285701546
1554779964527,12.098,121.4,0.00559,0.421,0.285701546
1554779964573,12.144,121.4,0.00559,0.421,0.285701546
1554779964619,12.19,121.4,0.00559,0.421,0.285701546
1554779964680,12.251,121.4,0.0056,0.422,0.28689248
1554779964726,12.297,121.4,0.0056,0.422,0.28689248
1554779964772,12.343,121.4,0.0056,0.422,0.28689248
1554779964819,12.39,121.4,0.0056,0.422,0.28689248
1554779964880,12.451,121.4,0.00561,0.422,0.287404788
1554779964926,12.497,121.4,0.00561,0.422,0.287404788
1554779964972,12.543,121.4,0.00561,0.422,0.287404788
1554779965018,12.589,121.4,0.00561,0.422,0.287404788
1554779965080,12.651,121.4,0.00558,0.423,0.286545276
1554779965126,12.697,121.4,0.00558,0.423,0.286545276
1554779965172,12.743,121.4,0.00558,0.423,0.286545276
1554779965218,12.79,121.4,0.00558,0.423,0.286545276
1554779965280,12.851,121.4,0.00563,0.42,0.28706244
1554779965326,12.897,121.4,0.00563,0.42,0.28706244
1554779965372,12.943,121.4,0.00563,0.42,0.28706244
1554779965418,12.989,121.4,0.00563,0.42,0.28706244
1554779965480,13.051,121.4,0.00561,0.421,0.286723734
1554779965526,13.097,121.4,0.00561,0.421,0.286723734
1554779965572,13.143,121.4,0.00561,0.421,0.286723734
1554779965618,13.189,121.4,0.00561,0.421,0.286723734
1554779965681,13.252,121.4,0.00559,0.419,0.284344294
1554779965727,13.298,121.4,0.00559,0.419,0.284344294
1554779965773,13.344,121.4,0.00559,0.419,0.284344294
1554779965819,13.39,121.4,0.00559,0.419,0.284344294
1554779965880,13.451,121.3,0.00561,0.42,0.28580706
1554779965926,13.497,121.3,0.00561,0.42,0.28580706
1554779965971,13.542,121.3,0.00561,0.42,0.28580706
1554779966017,13.588,121.3,0.00561,0.42,0.28580706
1554779966080,13.651,121.4,0.00565,0.419,0.28739629
1554779966125,13.696,121.4,0.00565,0.419,0.28739629
1554779966171,13.742,121.4,0.00565,0.419,0.28739629
1554779966216,13.787,121.4,0.00565,0.419,0.28739629
1554779966279,13.85,121.4,0.00563,0.421,0.287745922
1554779966326,13.897,121.4,0.00563,0.421,0.287745922
1554779966371,13.942,121.4,0.00563,0.421,0.287745922
1554779966416,13.987,121.4,0.00563,0.421,0.287745922
1554779966480,14.051,121.4,0.00563,0.419,0.286378958
1554779966526,14.097,121.4,0.00563,0.419,0.286378958
1554779966572,14.143,121.4,0.00563,0.419,0.286378958
1554779966618,14.189,121.4,0.00563,0.419,0.286378958
1554779966679,14.25,121.4,0.00567,0.421,0.289790298
1554779966725,14.296,121.4,0.00567,0.421,0.289790298
1554779966771,14.342,121.4,0.00567,0.421,0.289790298
1554779966817,14.388,121.4,0.00567,0.421,0.289790298
1554779966880,14.451,121.3,0.00566,0.421,0.289040918
1554779966926,14.497,121.3,0.00566,0.421,0.289040918
1554779966972,14.543,121.3,0.00566,0.421,0.289040918
1554779967018,14.589,121.3,0.00566,0.421,0.289040918
1554779967080,14.651,121.3,0.00569,0.42,0.28988274
1554779967126,14.697,121.3,0.00569,0.42,0.28988274
1554779967172,14.743,121.3,0.00569,0.42,0.28988274
1554779967218,14.789,121.3,0.00569,0.42,0.28988274
1554779967279,14.85,121.4,0.00569,0.421,0.290812486
1554779967325,14.896,121.4,0.00569,0.421,0.290812486
1554779967371,14.942,121.4,0.00569,0.421,0.290812486
1554779967418,14.989,121.4,0.00569,0.421,0.290812486
1554779967480,15.051,121.4,0.0057,0.42,0.2906316
1554779967526,15.097,121.4,0.0057,0.42,0.2906316
1554779967572,15.143,121.4,0.0057,0.42,0.2906316
1554779967618,15.189,121.4,0.0057,0.42,0.2906316
1554779967680,15.251,121.4,0.00569,0.419,0.289430954
1554779967726,15.297,121.4,0.00569,0.419,0.289430954
1554779967772,15.343,121.4,0.00569,0.419,0.289430954
1554779967818,15.389,121.4,0.00569,0.419,0.289430954
1554779967879,15.45,121.3,0.0057,0.419,0.28970079
1554779967925,15.496,121.3,0.0057,0.419,0.28970079
1554779967971,15.542,121.3,0.0057,0.419,0.28970079
1554779968017,15.588,121.3,0.0057,0.419,0.28970079
1554779968080,15.651,121.4,0.00572,0.418,0.290262544
1554779968126,15.697,121.4,0.00572,0.418,0.290262544
1554779968172,15.743,121.4,0.00572,0.418,0.290262544
1554779968218,15.789,121.4,0.00572,0.418,0.290262544
1554779968279,15.85,121.4,0.00568,0.42,0.28961184
1554779968325,15.896,121.4,0.00568,0.42,0.28961184
1554779968371,15.942,121.4,0.00568,0.42,0.28961184
1554779968417,15.988,121.4,0.00568,0.42,0.28961184
1554779968479,16.05,121.4,0.00563,0.421,0.287745922
1554779968525,16.096,121.4,0.00563,0.421,0.287745922
1554779968571,16.142,121.4,0.00563,0.421,0.287745922
1554779968617,16.188,121.4,0.00563,0.421,0.287745922
1554779968680,16.251,121.3,0.00564,0.419,0.286651308
1554779968726,16.297,121.3,0.00564,0.419,0.286651308
1554779968772,16.343,121.3,0.00564,0.419,0.286651308
1554779968818,16.389,121.3,0.00564,0.419,0.286651308
1554779968879,16.45,121.3,0.00569,0.417,0.287812149
1554779968925,16.496,121.3,0.00569,0.417,0.287812149
1554779968971,16.542,121.3,0.00569,0.417,0.287812149
1554779969017,16.588,121.3,0.00569,0.417,0.287812149
1554779969079,16.65,121.3,0.00564,0.417,0.285283044
1554779969126,16.697,121.3,0.00564,0.417,0.285283044
1554779969172,16.743,121.3,0.00564,0.417,0.285283044
1554779969218,16.789,121.3,0.00564,0.417,0.285283044
1554779969279,16.85,121.3,0.00563,0.421,0.287508899
1554779969325,16.896,121.3,0.00563,0.421,0.287508899
1554779969371,16.942,121.3,0.00563,0.421,0.287508899
1554779969417,16.988,121.3,0.00563,0.421,0.287508899
1554779969479,17.05,121.4,0.00558,0.421,0.285190452
1554779969525,17.096,121.4,0.00558,0.421,0.285190452
1554779969571,17.142,121.4,0.00558,0.421,0.285190452
1554779969618,17.189,121.4,0.00558,0.421,0.285190452
1554779969680,17.251,121.4,0.00558,0.418,0.283158216
1554779969726,17.297,121.4,0.00558,0.418,0.283158216
1554779969772,17.343,121.4,0.00558,0.418,0.283158216
1554779969818,17.389,121.4,0.00558,0.418,0.283158216
1554779969879,17.45,121.3,0.00564,0.419,0.286651308
1554779969925,17.496,121.3,0.00564,0.419,0.286651308
1554779969971,17.542,121.3,0.00564,0.419,0.286651308
1554779970018,17.589,121.3,0.00564,0.419,0.286651308
1554779970079,17.65,121.3,0.00564,0.419,0.286651308
1554779970125,17.696,121.3,0.00564,0.419,0.286651308
1554779970171,17.742,121.3,0.00564,0.419,0.286651308
1554779970217,17.788,121.3,0.00564,0.419,0.286651308
1554779970279,17.85,121.4,0.00564,0.42,0.28757232
1554779970325,17.897,121.4,0.00564,0.42,0.28757232
1554779970372,17.943,121.4,0.00564,0.42,0.28757232
1554779970418,17.989,121.4,0.00564,0.42,0.28757232
1554779970479,18.05,121.4,0.00567,0.418,0.287725284
1554779970525,18.096,121.4,0.00567,0.418,0.287725284
1554779970572,18.143,121.4,0.00567,0.418,0.287725284
1554779970618,18.189,121.4,0.00567,0.418,0.287725284
1554779970679,18.25,121.4,0.00564,0.419,0.286887624
1554779970725,18.296,121.4,0.00564,0.419,0.286887624
1554779970771,18.342,121.4,0.00564,0.419,0.286887624
1554779970817,18.388,121.4,0.00564,0.419,0.286887624
1554779970879,18.45,121.3,0.00565,0.421,0.288530245
1554779970925,18.496,121.3,0.00565,0.421,0.288530245
1554779970971,18.543,121.3,0.00565,0.421,0.288530245
1554779971018,18.589,121.3,0.00565,0.421,0.288530245
1554779971079,18.65,121.3,0.00572,0.418,0.290023448
1554779971125,18.696,121.3,0.00572,0.418,0.290023448
1554779971171,18.742,121.3,0.00572,0.418,0.290023448
1554779971217,18.788,121.3,0.00572,0.418,0.290023448
1554779971279,18.85,121.4,0.00571,0.421,0.291834674
1554779971325,18.896,121.4,0.00571,0.421,0.291834674
1554779971371,18.942,121.4,0.00571,0.421,0.291834674
1554779971417,18.989,121.4,0.00571,0.421,0.291834674
1554779971479,19.05,121.4,0.00567,0.421,0.289790298
1554779971525,19.096,121.4,0.00567,0.421,0.289790298
1554779971570,19.141,121.4,0.00567,0.421,0.289790298
1554779971616,19.188,121.4,0.00567,0.421,0.289790298
1554779971679,19.25,121.4,0.00572,0.419,0.290956952
1554779971725,19.296,121.4,0.00572,0.419,0.290956952
1554779971771,19.342,121.4,0.00572,0.419,0.290956952
1554779971817,19.388,121.4,0.00572,0.419,0.290956952
1554779971879,19.45,121.4,0.0057,0.418,0.28924764
1554779971924,19.495,121.4,0.0057,0.418,0.28924764
1554779971970,19.541,121.4,0.0057,0.418,0.28924764
1554779972016,19.587,121.4,0.0057,0.418,0.28924764
1554779972079,19.65,121.4,0.00572,0.42,0.29165136
1554779972125,19.696,121.4,0.00572,0.42,0.29165136
1554779972171,19.742,121.4,0.00572,0.42,0.29165136
1554779972217,19.788,121.4,0.00572,0.42,0.29165136
1554779972279,19.85,121.4,0.0057,0.418,0.28924764
1554779972326,19.897,121.4,0.0057,0.418,0.28924764
1554779972372,19.943,121.4,0.0057,0.418,0.28924764
1554779972418,19.989,121.4,0.0057,0.418,0.28924764
1554779972479,20.05,121.4,0.00566,0.42,0.28859208
1554779972525,20.096,121.4,0.00566,0.42,0.28859208
1554779972571,20.142,121.4,0.00566,0.42,0.28859208
1554779972617,20.188,121.4,0.00566,0.42,0.28859208
1554779972678,20.249,121.4,0.00564,0.419,0.286887624
1554779972724,20.295,121.4,0.00564,0.419,0.286887624
1554779972770,20.341,121.4,0.00564,0.419,0.286887624
1554779972816,20.387,121.4,0.00564,0.419,0.286887624
1554779972879,20.45,121.4,0.00564,0.419,0.286887624
1554779972925,20.496,121.4,0.00564,0.419,0.286887624
1554779972971,20.542,121.4,0.00564,0.419,0.286887624
1554779973017,20.588,121.4,0.00564,0.419,0.286887624
1554779973078,20.649,121.4,0.00562,0.423,0.288599364
1554779973124,20.695,121.4,0.00562,0.423,0.288599364
1554779973170,20.741,121.4,0.00562,0.423,0.288599364
1554779973216,20.787,121.4,0.00562,0.423,0.288599364
1554779973279,20.85,121.4,0.00564,0.418,0.286202928
1554779973325,20.896,121.4,0.00564,0.418,0.286202928
1554779973371,20.942,121.4,0.00564,0.418,0.286202928
1554779973417,20.988,121.4,0.00564,0.418,0.286202928
1554779973478,21.049,121.4,0.00566,0.417,0.286530708
1554779973525,21.096,121.4,0.00566,0.417,0.286530708
1554779973571,21.142,121.4,0.00566,0.417,0.286530708
1554779973617,21.188,121.4,0.00566,0.417,0.286530708
1554779973678,21.249,121.4,0.00558,0.422,0.285867864
1554779973724,21.295,121.4,0.00558,0.422,0.285867864
1554779973770,21.341,121.4,0.00558,0.422,0.285867864
1554779973816,21.387,121.4,0.00558,0.422,0.285867864
1554779973879,21.45,121.4,0.00559,0.421,0.285701546
1554779973925,21.496,121.4,0.00559,0.421,0.285701546
1554779973971,21.542,121.4,0.00559,0.421,0.285701546
1554779974017,21.588,121.4,0.00559,0.421,0.285701546
1554779974078,21.649,121.3,0.0056,0.422,0.28665616
1554779974124,21.695,121.3,0.0056,0.422,0.28665616
1554779974170,21.741,121.3,0.0056,0.422,0.28665616
1554779974216,21.787,121.3,0.0056,0.422,0.28665616
1554779974278,21.849,121.4,0.00564,0.421,0.288257016
1554779974324,21.895,121.4,0.00564,0.421,0.288257016
1554779974371,21.942,121.4,0.00564,0.421,0.288257016
1554779974417,21.988,121.4,0.00564,0.421,0.288257016
1554779974478,22.049,121.4,0.00566,0.421,0.289279204
1554779974524,22.095,121.4,0.00566,0.421,0.289279204
1554779974570,22.141,121.4,0.00566,0.421,0.289279204
1554779974616,22.187,121.4,0.00566,0.421,0.289279204
1554779974678,22.249,121.4,0.00566,0.419,0.287904956
1554779974724,22.295,121.4,0.00566,0.419,0.287904956
1554779974770,22.341,121.4,0.00566,0.419,0.287904956
1554779974816,22.387,121.4,0.00566,0.419,0.287904956
1554779974878,22.449,121.4,0.00567,0.419,0.288413622
1554779974924,22.495,121.4,0.00567,0.419,0.288413622
1554779974971,22.542,121.4,0.00567,0.419,0.288413622
1554779975016,22.587,121.4,0.00567,0.419,0.288413622
1554779975079,22.65,121.3,0.00567,0.422,0.290239362
1554779975125,22.696,121.3,0.00567,0.422,0.290239362
1554779975171,22.742,121.3,0.00567,0.422,0.290239362
1554779975217,22.788,121.3,0.00567,0.422,0.290239362
1554779975278,22.849,121.4,0.00571,0.422,0.292527868
1554779975324,22.895,121.4,0.00571,0.422,0.292527868
1554779975370,22.941,121.4,0.00571,0.422,0.292527868
1554779975416,22.987,121.4,0.00571,0.422,0.292527868
1554779975478,23.049,121.4,0.0057,0.422,0.29201556
1554779975524,23.095,121.4,0.0057,0.422,0.29201556
1554779975571,23.142,121.4,0.0057,0.422,0.29201556
1554779975617,23.188,121.4,0.0057,0.422,0.29201556
1554779975678,23.249,121.4,0.00572,0.417,0.289568136
1554779975724,23.295,121.4,0.00572,0.417,0.289568136
1554779975769,23.34,121.4,0.00572,0.417,0.289568136
1554779975815,23.386,121.4,0.00572,0.417,0.289568136
1554779975878,23.449,121.3,0.00571,0.417,0.288823791
1554779975924,23.495,121.3,0.00571,0.417,0.288823791
1554779975970,23.541,121.3,0.00571,0.417,0.288823791
1554779976016,23.587,121.3,0.00571,0.417,0.288823791
1554779976078,23.649,121.3,0.0057,0.42,0.2903922
1554779976124,23.695,121.3,0.0057,0.42,0.2903922
1554779976171,23.742,121.3,0.0057,0.42,0.2903922
1554779976217,23.788,121.3,0.0057,0.42,0.2903922
1554779976278,23.849,121.4,0.00566,0.421,0.289279204
1554779976324,23.895,121.4,0.00566,0.421,0.289279204
1554779976370,23.941,121.4,0.00566,0.421,0.289279204
1554779976416,23.987,121.4,0.00566,0.421,0.289279204
1554779976478,24.049,121.4,0.00567,0.419,0.288413622
1554779976524,24.095,121.4,0.00567,0.419,0.288413622
1554779976570,24.142,121.4,0.00567,0.419,0.288413622
1554779976617,24.188,121.4,0.00567,0.419,0.288413622
1554779976678,24.249,121.4,0.00563,0.422,0.288429404
1554779976724,24.295,121.4,0.00563,0.422,0.288429404
1554779976770,24.341,121.4,0.00563,0.422,0.288429404
1554779976816,24.387,121.4,0.00563,0.422,0.288429404
1554779976879,24.45,121.4,0.00564,0.42,0.28757232
1554779976925,24.496,121.4,0.00564,0.42,0.28757232
1554779976971,24.542,121.4,0.00564,0.42,0.28757232
1554779977017,24.588,121.4,0.00564,0.42,0.28757232
1554779977078,24.649,121.4,0.00565,0.418,0.28671038
1554779977124,24.695,121.4,0.00565,0.418,0.28671038
1554779977170,24.741,121.4,0.00565,0.418,0.28671038
1554779977217,24.788,121.4,0.00565,0.418,0.28671038
1554779977278,24.849,121.4,0.00563,0.42,0.28706244
1554779977324,24.895,121.4,0.00563,0.42,0.28706244
1554779977370,24.941,121.4,0.00563,0.42,0.28706244
1554779977416,24.987,121.4,0.00563,0.42,0.28706244
1554779977478,25.049,121.4,0.00563,0.42,0.28706244
1554779977524,25.095,121.4,0.00563,0.42,0.28706244
1554779977570,25.141,121.4,0.00563,0.42,0.28706244
1554779977616,25.188,121.4,0.00563,0.42,0.28706244
1554779977678,25.249,121.4,0.00561,0.418,0.284680572
1554779977723,25.295,121.4,0.00561,0.418,0.284680572
1554779977770,25.341,121.4,0.00561,0.418,0.284680572
1554779977816,25.387,121.4,0.00561,0.418,0.284680572
1554779977878,25.449,121.4,0.00562,0.417,0.284505756
1554779977924,25.495,121.4,0.00562,0.417,0.284505756
1554779977970,25.541,121.4,0.00562,0.417,0.284505756
1554779978016,25.587,121.4,0.00562,0.417,0.284505756
1554779978077,25.648,121.4,0.00569,0.417,0.288049422
1554779978123,25.694,121.4,0.00569,0.417,0.288049422
1554779978169,25.74,121.4,0.00569,0.417,0.288049422
1554779978216,25.787,121.4,0.00569,0.417,0.288049422
1554779978278,25.849,121.4,0.00568,0.415,0.28616408
1554779978324,25.895,121.4,0.00568,0.415,0.28616408
1554779978370,25.941,121.4,0.00568,0.415,0.28616408
1554779978417,25.988,121.4,0.00568,0.415,0.28616408
1554779978478,26.049,121.4,0.00565,0.42,0.2880822
1554779978523,26.094,121.4,0.00565,0.42,0.2880822
1554779978569,26.14,121.4,0.00565,0.42,0.2880822
1554779978616,26.187,121.4,0.00565,0.42,0.2880822
1554779978678,26.249,121.4,0.00563,0.421,0.287745922
1554779978724,26.295,121.4,0.00563,0.421,0.287745922
1554779978770,26.341,121.4,0.00563,0.421,0.287745922
1554779978817,26.388,121.4,0.00563,0.421,0.287745922
1554779978878,26.449,121.3,0.00564,0.42,0.28733544
1554779978924,26.495,121.3,0.00564,0.42,0.28733544
1554779978970,26.541,121.3,0.00564,0.42,0.28733544
1554779979016,26.587,121.3,0.00564,0.42,0.28733544
1554779979077,26.648,121.3,0.00567,0.419,0.288176049
1554779979123,26.694,121.3,0.00567,0.419,0.288176049
1554779979169,26.74,121.3,0.00567,0.419,0.288176049
1554779979215,26.786,121.3,0.00567,0.419,0.288176049
1554779979278,26.849,121.3,0.00569,0.423,0.291953331
1554779979324,26.895,121.3,0.00569,0.423,0.291953331
1554779979370,26.941,121.3,0.00569,0.423,0.291953331
1554779979416,26.987,121.3,0.00569,0.423,0.291953331
1554779979478,27.049,121.4,0.00572,0.42,0.29165136
1554779979524,27.095,121.4,0.00572,0.42,0.29165136
1554779979570,27.141,121.4,0.00572,0.42,0.29165136
1554779979616,27.187,121.4,0.00572,0.42,0.29165136
1554779979677,27.248,121.4,0.00571,0.418,0.289755092
1554779979723,27.294,121.4,0.00571,0.418,0.289755092
1554779979770,27.341,121.4,0.00571,0.418,0.289755092
1554779979816,27.387,121.4,0.00571,0.418,0.289755092
1554779979878,27.449,121.4,0.0057,0.419,0.28993962
1554779979924,27.495,121.4,0.0057,0.419,0.28993962
1554779979970,27.541,121.4,0.0057,0.419,0.28993962
1554779980016,27.587,121.4,0.0057,0.419,0.28993962
1554779980077,27.648,121.4,0.00567,0.423,0.291166974
1554779980123,27.694,121.4,0.00567,0.423,0.291166974
1554779980169,27.74,121.4,0.00567,0.423,0.291166974
1554779980215,27.786,121.4,0.00567,0.423,0.291166974
1554779980278,27.849,121.4,0.00568,0.422,0.290990944
1554779980324,27.895,121.4,0.00568,0.422,0.290990944
1554779980370,27.941,121.4,0.00568,0.422,0.290990944
1554779980416,27.987,121.4,0.00568,0.422,0.290990944
1554779980477,28.048,121.4,0.00568,0.421,0.290301392
1554779980523,28.094,121.4,0.00568,0.421,0.290301392
1554779980569,28.14,121.4,0.00568,0.421,0.290301392
1554779980615,28.186,121.4,0.00568,0.421,0.290301392
1554779980678,28.249,121.4,0.00568,0.417,0.287543184
1554779980724,28.295,121.4,0.00568,0.417,0.287543184
1554779980770,28.341,121.4,0.00568,0.417,0.287543184
1554779980816,28.387,121.4,0.00568,0.417,0.287543184
1554779980877,28.448,121.4,0.00563,0.418,0.285695476
1554779980923,28.494,121.4,0.00563,0.418,0.285695476
1554779980969,28.54,121.4,0.00563,0.418,0.285695476
1554779981016,28.587,121.4,0.00563,0.418,0.285695476
1554779981078,28.649,121.4,0.00561,0.421,0.286723734
1554779981124,28.695,121.4,0.00561,0.421,0.286723734
1554779981170,28.741,121.4,0.00561,0.421,0.286723734
1554779981216,28.787,121.4,0.00561,0.421,0.286723734
1554779981277,28.848,121.4,0.00562,0.422,0.287917096
1554779981324,28.895,121.4,0.00562,0.422,0.287917096
1554779981370,28.941,121.4,0.00562,0.422,0.287917096
1554779981416,28.987,121.4,0.00562,0.422,0.287917096
1554779981478,29.049,121.4,0.0056,0.418,0.28417312
1554779981524,29.095,121.4,0.0056,0.418,0.28417312
1554779981570,29.141,121.4,0.0056,0.418,0.28417312
1554779981616,29.187,121.4,0.0056,0.418,0.28417312
1554779981677,29.248,121.4,0.00564,0.418,0.286202928
1554779981724,29.295,121.4,0.00564,0.418,0.286202928
1554779981770,29.341,121.4,0.00564,0.418,0.286202928
1554779981816,29.387,121.4,0.00564,0.418,0.286202928
1554779981877,29.448,121.4,0.00563,0.419,0.286378958
1554779981923,29.494,121.4,0.00563,0.419,0.286378958
1554779981969,29.54,121.4,0.00563,0.419,0.286378958
1554779982015,29.586,121.4,0.00563,0.419,0.286378958
1554779982078,29.649,121.4,0.00564,0.417,0.285518232
1554779982124,29.695,121.4,0.00564,0.417,0.285518232
1554779982170,29.741,121.4,0.00564,0.417,0.285518232
1554779982216,29.787,121.4,0.00564,0.417,0.285518232
1554779982277,29.848,121.4,0.00564,0.42,0.28757232
1554779982323,29.894,121.4,0.00564,0.42,0.28757232
1554779982370,29.941,121.4,0.00564,0.42,0.28757232
1554779982416,29.987,121.4,0.00564,0.42,0.28757232
1554779982477,30.048,121.4,0.00568,0.418,0.288232736
1554779982523,30.094,121.4,0.00568,0.418,0.288232736
1554779982569,30.14,121.4,0.00568,0.418,0.288232736
1554779982615,30.186,121.4,0.00568,0.418,0.288232736
1554779982677,30.248,121.4,0.00568,0.417,0.287543184
1554779982724,30.295,121.4,0.00568,0.417,0.287543184
1554779982770,30.341,121.4,0.00568,0.417,0.287543184
1554779982816,30.387,121.4,0.00568,0.417,0.287543184
1554779982877,30.448,121.4,0.00563,0.418,0.285695476
1554779982923,30.494,121.4,0.00563,0.418,0.285695476
1554779982969,30.54,121.4,0.00563,0.418,0.285695476
1554779983015,30.586,121.4,0.00563,0.418,0.285695476
1554779983078,30.649,121.3,0.00572,0.416,0.288635776
1554779983124,30.695,121.3,0.00572,0.416,0.288635776
1554779983170,30.741,121.3,0.00572,0.416,0.288635776
1554779983216,30.787,121.3,0.00572,0.416,0.288635776
1554779983277,30.848,121.4,0.00576,0.417,0.291593088
1554779983323,30.894,121.4,0.00576,0.417,0.291593088
1554779983369,30.94,121.4,0.00576,0.417,0.291593088
1554779983415,30.986,121.4,0.00576,0.417,0.291593088
1554779983477,31.048,121.4,0.00574,0.416,0.289883776
1554779983523,31.094,121.4,0.00574,0.416,0.289883776
1554779983569,31.14,121.4,0.00574,0.416,0.289883776
1554779983615,31.186,121.4,0.00574,0.416,0.289883776
1554779983678,31.249,121.4,0.00568,0.419,0.288922288
1554779983724,31.295,121.4,0.00568,0.419,0.288922288
1554779983770,31.341,121.4,0.00568,0.419,0.288922288
1554779983818,31.389,121.4,0.00568,0.419,0.288922288
1554779983877,31.448,121.3,0.00571,0.42,0.29090166
1554779983923,31.494,121.3,0.00571,0.42,0.29090166
1554779983969,31.54,121.3,0.00571,0.42,0.29090166
1554779984015,31.586,121.3,0.00571,0.42,0.29090166
1554779984078,31.649,121.3,0.00571,0.418,0.289516414
1554779984124,31.695,121.3,0.00571,0.418,0.289516414
1554779984170,31.741,121.3,0.00571,0.418,0.289516414
1554779984216,31.787,121.3,0.00571,0.418,0.289516414
1554779984277,31.848,121.4,0.00572,0.418,0.290262544
1554779984323,31.894,121.4,0.00572,0.418,0.290262544
1554779984369,31.94,121.4,0.00572,0.418,0.290262544
1554779984415,31.986,121.4,0.00572,0.418,0.290262544
1554779984477,32.048,121.4,0.00569,0.419,0.289430954
1554779984523,32.094,121.4,0.00569,0.419,0.289430954
1554779984569,32.14,121.4,0.00569,0.419,0.289430954
1554779984615,32.186,121.4,0.00569,0.419,0.289430954
1554779984677,32.248,121.4,0.00566,0.42,0.28859208
1554779984723,32.294,121.4,0.00566,0.42,0.28859208
1554779984770,32.341,121.4,0.00566,0.42,0.28859208
1554779984816,32.387,121.4,0.00566,0.42,0.28859208
1554779984877,32.448,121.4,0.00562,0.418,0.285188024
1554779984922,32.493,121.4,0.00562,0.418,0.285188024
1554779984968,32.539,121.4,0.00562,0.418,0.285188024
1554779985015,32.586,121.4,0.00562,0.418,0.285188024
1554779985077,32.648,121.4,0.00565,0.419,0.28739629
1554779985123,32.694,121.4,0.00565,0.419,0.28739629
1554779985169,32.74,121.4,0.00565,0.419,0.28739629
1554779985215,32.786,121.4,0.00565,0.419,0.28739629
1554779985277,32.848,121.4,0.00561,0.422,0.287404788
1554779985323,32.894,121.4,0.00561,0.422,0.287404788
1554779985369,32.94,121.4,0.00561,0.422,0.287404788
1554779985415,32.986,121.4,0.00561,0.422,0.287404788
1554779985477,33.048,121.4,0.00559,0.422,0.286380172
1554779985524,33.095,121.4,0.00559,0.422,0.286380172
1554779985570,33.141,121.4,0.00559,0.422,0.286380172
1554779985616,33.187,121.4,0.00559,0.422,0.286380172
1554779985677,33.248,121.4,0.00559,0.42,0.28502292
1554779985723,33.294,121.4,0.00559,0.42,0.28502292
1554779985769,33.34,121.4,0.00559,0.42,0.28502292
1554779985815,33.386,121.4,0.00559,0.42,0.28502292
1554779985877,33.448,121.4,0.00561,0.418,0.284680572
1554779985923,33.494,121.4,0.00561,0.418,0.284680572
1554779985969,33.54,121.4,0.00561,0.418,0.284680572
1554779986015,33.586,121.4,0.00561,0.418,0.284680572
1554779986076,33.647,121.4,0.0057,0.413,0.28578774
1554779986122,33.693,121.4,0.0057,0.413,0.28578774
1554779986168,33.739,121.4,0.0057,0.413,0.28578774
1554779986215,33.786,121.4,0.0057,0.413,0.28578774
1554779986277,33.848,121.4,0.00573,0.415,0.28868313
1554779986323,33.894,121.4,0.00573,0.415,0.28868313
1554779986369,33.94,121.4,0.00573,0.415,0.28868313
1554779986415,33.986,121.4,0.00573,0.415,0.28868313
1554779986477,34.048,121.4,0.00571,0.416,0.288368704
1554779986523,34.094,121.4,0.00571,0.416,0.288368704
1554779986569,34.14,121.4,0.00571,0.416,0.288368704
1554779986616,34.187,121.4,0.00571,0.416,0.288368704
1554779986677,34.248,121.4,0.0057,0.416,0.28786368
1554779986722,34.293,121.4,0.0057,0.416,0.28786368
1554779986769,34.34,121.4,0.0057,0.416,0.28786368
1554779986819,34.39,121.4,0.0057,0.416,0.28786368
1554779986877,34.448,121.4,0.00569,0.417,0.288049422
1554779986923,34.494,121.4,0.00569,0.417,0.288049422
1554779986969,34.54,121.4,0.00569,0.417,0.288049422
1554779987015,34.586,121.4,0.00569,0.417,0.288049422
1554779987077,34.648,121.4,0.00568,0.418,0.288232736
1554779987123,34.695,121.4,0.00568,0.418,0.288232736
1554779987169,34.74,121.4,0.00568,0.418,0.288232736
1554779987216,34.787,121.4,0.00568,0.418,0.288232736
1554779987277,34.848,121.4,0.0057,0.421,0.29132358
1554779987323,34.894,121.4,0.0057,0.421,0.29132358
1554779987369,34.94,121.4,0.0057,0.421,0.29132358
1554779987415,34.986,121.4,0.0057,0.421,0.29132358
1554779987477,35.048,121.4,0.0057,0.42,0.2906316
1554779987523,35.094,121.4,0.0057,0.42,0.2906316
1554779987569,35.14,121.4,0.0057,0.42,0.2906316
1554779987615,35.186,121.4,0.0057,0.42,0.2906316
1554779987676,35.247,121.4,0.0057,0.42,0.2906316
1554779987722,35.293,121.4,0.0057,0.42,0.2906316
1554779987769,35.34,121.4,0.0057,0.42,0.2906316
1554779987815,35.386,121.4,0.0057,0.42,0.2906316
1554779987877,35.448,121.3,0.00567,0.42,0.28886382
1554779987923,35.494,121.3,0.00567,0.42,0.28886382
1554779987969,35.54,121.3,0.00567,0.42,0.28886382
1554779988015,35.586,121.3,0.00567,0.42,0.28886382
1554779988076,35.647,121.3,0.00573,0.417,0.289835433
1554779988122,35.693,121.3,0.00573,0.417,0.289835433
1554779988168,35.739,121.3,0.00573,0.417,0.289835433
1554779988214,35.785,121.3,0.00573,0.417,0.289835433
1554779988276,35.848,121.3,0.00568,0.417,0.287306328
1554779988323,35.894,121.3,0.00568,0.417,0.287306328
1554779988369,35.94,121.3,0.00568,0.417,0.287306328
1554779988415,35.986,121.3,0.00568,0.417,0.287306328
1554779988476,36.047,121.4,0.00568,0.418,0.288232736
1554779988522,36.093,121.4,0.00568,0.418,0.288232736
1554779988568,36.139,121.4,0.00568,0.418,0.288232736
1554779988614,36.185,121.4,0.00568,0.418,0.288232736
1554779988676,36.247,121.4,0.00568,0.418,0.288232736
1554779988723,36.294,121.4,0.00568,0.418,0.288232736
1554779988769,36.34,121.4,0.00568,0.418,0.288232736
1554779988815,36.386,121.4,0.00568,0.418,0.288232736
1554779988877,36.448,121.4,0.0057,0.415,0.2871717
1554779988923,36.494,121.4,0.0057,0.415,0.2871717
1554779988969,36.54,121.4,0.0057,0.415,0.2871717
1554779989015,36.586,121.4,0.0057,0.415,0.2871717
1554779989076,36.647,121.4,0.00568,0.417,0.287543184
1554779989122,36.693,121.4,0.00568,0.417,0.287543184
1554779989169,36.74,121.4,0.00568,0.417,0.287543184
1554779989215,36.786,121.4,0.00568,0.417,0.287543184
1554779989277,36.848,121.4,0.00565,0.418,0.28671038
1554779989323,36.894,121.4,0.00565,0.418,0.28671038
1554779989369,36.94,121.4,0.00565,0.418,0.28671038
1554779989415,36.986,121.4,0.00565,0.418,0.28671038
1554779989477,37.048,121.4,0.00565,0.418,0.28671038
1554779989523,37.094,121.4,0.00565,0.418,0.28671038
1554779989569,37.14,121.4,0.00565,0.418,0.28671038
1554779989615,37.186,121.4,0.00565,0.418,0.28671038
1554779989676,37.247,121.4,0.00564,0.418,0.286202928
1554779989722,37.293,121.4,0.00564,0.418,0.286202928
1554779989768,37.339,121.4,0.00564,0.418,0.286202928
1554779989814,37.385,121.4,0.00564,0.418,0.286202928
1554779989877,37.448,121.4,0.00561,0.418,0.284680572
1554779989923,37.494,121.4,0.00561,0.418,0.284680572
1554779989969,37.54,121.4,0.00561,0.418,0.284680572
1554779990015,37.586,121.4,0.00561,0.418,0.284680572
1554779990076,37.647,121.4,0.00561,0.418,0.284680572
1554779990122,37.693,121.4,0.00561,0.418,0.284680572
1554779990168,37.739,121.4,0.00561,0.418,0.284680572
1554779990214,37.785,121.4,0.00561,0.418,0.284680572
1554779990276,37.847,121.4,0.00564,0.419,0.286887624
1554779990322,37.893,121.4,0.00564,0.419,0.286887624
1554779990368,37.939,121.4,0.00564,0.419,0.286887624
1554779990414,37.985,121.4,0.00564,0.419,0.286887624
1554779990477,38.048,121.4,0.00565,0.42,0.2880822
1554779990523,38.094,121.4,0.00565,0.42,0.2880822
1554779990569,38.14,121.4,0.00565,0.42,0.2880822
1554779990615,38.186,121.4,0.00565,0.42,0.2880822
1554779990676,38.247,121.4,0.00566,0.421,0.289279204
1554779990722,38.293,121.4,0.00566,0.421,0.289279204
1554779990768,38.339,121.4,0.00566,0.421,0.289279204
1554779990814,38.385,121.4,0.00566,0.421,0.289279204
1554779990876,38.447,121.4,0.00564,0.419,0.286887624
1554779990923,38.494,121.4,0.00564,0.419,0.286887624
1554779990969,38.54,121.4,0.00564,0.419,0.286887624
1554779991015,38.586,121.4,0.00564,0.419,0.286887624
1554779991076,38.647,121.4,0.00567,0.418,0.287725284
1554779991122,38.693,121.4,0.00567,0.418,0.287725284
1554779991168,38.739,121.4,0.00567,0.418,0.287725284
1554779991214,38.785,121.4,0.00567,0.418,0.287725284
1554779991276,38.847,121.3,0.00569,0.421,0.290572937
1554779991324,38.895,121.3,0.00569,0.421,0.290572937
1554779991370,38.941,121.3,0.00569,0.421,0.290572937
1554779991416,38.987,121.3,0.00569,0.421,0.290572937
1554779991476,39.047,121.4,0.00573,0.418,0.290769996
1554779991522,39.093,121.4,0.00573,0.418,0.290769996
1554779991568,39.139,121.4,0.00573,0.418,0.290769996
1554779991614,39.185,121.4,0.00573,0.418,0.290769996
1554779991676,39.247,121.4,0.0057,0.419,0.28993962
1554779991722,39.293,121.4,0.0057,0.419,0.28993962
1554779991768,39.339,121.4,0.0057,0.419,0.28993962
1554779991815,39.386,121.4,0.0057,0.419,0.28993962
1554779991877,39.448,121.3,0.00568,0.418,0.287995312
1554779991923,39.494,121.3,0.00568,0.418,0.287995312
1554779991969,39.54,121.3,0.00568,0.418,0.287995312
1554779992015,39.586,121.3,0.00568,0.418,0.287995312
1554779992076,39.647,121.3,0.00567,0.42,0.28886382
1554779992122,39.693,121.3,0.00567,0.42,0.28886382
1554779992168,39.739,121.3,0.00567,0.42,0.28886382
1554779992214,39.785,121.3,0.00567,0.42,0.28886382
1554779992277,39.848,121.3,0.00569,0.419,0.289192543
1554779992323,39.894,121.3,0.00569,0.419,0.289192543
1554779992369,39.94,121.3,0.00569,0.419,0.289192543
1554779992415,39.986,121.3,0.00569,0.419,0.289192543
1554779992476,40.047,121.4,0.00564,0.421,0.288257016
1554779992522,40.093,121.4,0.00564,0.421,0.288257016
1554779992568,40.139,121.4,0.00564,0.421,0.288257016
1554779992614,40.185,121.4,0.00564,0.421,0.288257016
1554779992677,40.248,121.4,0.00563,0.419,0.286378958
1554779992723,40.294,121.4,0.00563,0.419,0.286378958
1554779992769,40.34,121.4,0.00563,0.419,0.286378958
1554779992815,40.386,121.4,0.00563,0.419,0.286378958
1554779992876,40.447,121.4,0.00563,0.421,0.287745922
1554779992923,40.494,121.4,0.00563,0.421,0.287745922
1554779992969,40.54,121.4,0.00563,0.421,0.287745922
1554779993015,40.586,121.4,0.00563,0.421,0.287745922
1554779993076,40.647,121.4,0.00562,0.421,0.287234828
1554779993121,40.693,121.4,0.00562,0.421,0.287234828
1554779993168,40.739,121.4,0.00562,0.421,0.287234828
1554779993214,40.785,121.4,0.00562,0.421,0.287234828
1554779993276,40.847,121.4,0.00562,0.419,0.285870292
1554779993322,40.893,121.4,0.00562,0.419,0.285870292
1554779993368,40.94,121.4,0.00562,0.419,0.285870292
1554779993415,40.986,121.4,0.00562,0.419,0.285870292
1554779993476,41.047,121.4,0.00563,0.422,0.288429404
1554779993522,41.093,121.4,0.00563,0.422,0.288429404
1554779993568,41.139,121.4,0.00563,0.422,0.288429404
1554779993614,41.185,121.4,0.00563,0.422,0.288429404
1554779993676,41.248,121.5,0.00559,0.421,0.285936885
1554779993723,41.294,121.5,0.00559,0.421,0.285936885
1554779993769,41.34,121.5,0.00559,0.421,0.285936885
1554779993815,41.386,121.5,0.00559,0.421,0.285936885
1554779993876,41.447,121.4,0.0056,0.419,0.28485296
1554779993922,41.493,121.4,0.0056,0.419,0.28485296
1554779993968,41.539,121.4,0.0056,0.419,0.28485296
1554779994015,41.586,121.4,0.0056,0.419,0.28485296
1554779994076,41.647,121.4,0.00567,0.421,0.289790298
1554779994122,41.693,121.4,0.00567,0.421,0.289790298
1554779994168,41.739,121.4,0.00567,0.421,0.289790298
1554779994214,41.785,121.4,0.00567,0.421,0.289790298
1554779994276,41.847,121.4,0.00566,0.415,0.28515646
1554779994324,41.895,121.4,0.00566,0.415,0.28515646
1554779994370,41.941,121.4,0.00566,0.415,0.28515646
1554779994416,41.987,121.4,0.00566,0.415,0.28515646
1554779994476,42.047,121.4,0.00573,0.417,0.290074374
1554779994522,42.093,121.4,0.00573,0.417,0.290074374
1554779994568,42.139,121.4,0.00573,0.417,0.290074374
1554779994614,42.185,121.4,0.00573,0.417,0.290074374
1554779994676,42.247,121.4,0.00567,0.419,0.288413622
1554779994722,42.293,121.4,0.00567,0.419,0.288413622
1554779994769,42.34,121.4,0.00567,0.419,0.288413622
1554779994815,42.386,121.4,0.00567,0.419,0.288413622
1554779994876,42.447,121.4,0.00563,0.42,0.28706244
1554779994922,42.493,121.4,0.00563,0.42,0.28706244
1554779994968,42.539,121.4,0.00563,0.42,0.28706244
1554779995014,42.585,121.4,0.00563,0.42,0.28706244
1554779995076,42.647,121.4,0.00571,0.419,0.290448286
1554779995122,42.693,121.4,0.00571,0.419,0.290448286
1554779995168,42.739,121.4,0.00571,0.419,0.290448286
1554779995214,42.785,121.4,0.00571,0.419,0.290448286
1554779995275,42.846,121.3,0.0057,0.419,0.28970079
1554779995321,42.892,121.3,0.0057,0.419,0.28970079
1554779995367,42.938,121.3,0.0057,0.419,0.28970079
1554779995413,42.984,121.3,0.0057,0.419,0.28970079
1554779995475,43.046,121.4,0.00571,0.421,0.291834674
1554779995521,43.092,121.4,0.00571,0.421,0.291834674
1554779995568,43.139,121.4,0.00571,0.421,0.291834674
1554779995614,43.185,121.4,0.00571,0.421,0.291834674
1554779995676,43.247,121.4,0.00573,0.417,0.290074374
1554779995722,43.293,121.4,0.00573,0.417,0.290074374
1554779995768,43.339,121.4,0.00573,0.417,0.290074374
1554779995814,43.385,121.4,0.00573,0.417,0.290074374
1554779995875,43.446,121.4,0.00573,0.417,0.290074374
1554779995921,43.492,121.4,0.00573,0.417,0.290074374
1554779995967,43.538,121.4,0.00573,0.417,0.290074374
1554779996014,43.585,121.4,0.00573,0.417,0.290074374
1554779996076,43.647,121.4,0.00571,0.418,0.289755092
1554779996122,43.693,121.4,0.00571,0.418,0.289755092
1554779996168,43.739,121.4,0.00571,0.418,0.289755092
1554779996214,43.785,121.4,0.00571,0.418,0.289755092
1554779996275,43.846,121.4,0.0057,0.417,0.28855566
1554779996321,43.892,121.4,0.0057,0.417,0.28855566
1554779996367,43.938,121.4,0.0057,0.417,0.28855566
1554779996413,43.984,121.4,0.0057,0.417,0.28855566
1554779996476,44.047,121.4,0.00571,0.418,0.289755092
1554779996522,44.093,121.4,0.00571,0.418,0.289755092
1554779996568,44.139,121.4,0.00571,0.418,0.289755092
1554779996614,44.185,121.4,0.00571,0.418,0.289755092
1554779996676,44.247,121.4,0.00564,0.419,0.286887624
1554779996722,44.293,121.4,0.00564,0.419,0.286887624
1554779996768,44.339,121.4,0.00564,0.419,0.286887624
1554779996814,44.385,121.4,0.00564,0.419,0.286887624
1554779996875,44.446,121.4,0.00562,0.421,0.287234828
1554779996922,44.493,121.4,0.00562,0.421,0.287234828
1554779996968,44.539,121.4,0.00562,0.421,0.287234828
1554779997014,44.585,121.4,0.00562,0.421,0.287234828
1554779997076,44.647,121.4,0.00564,0.417,0.285518232
1554779997122,44.693,121.4,0.00564,0.417,0.285518232
1554779997168,44.739,121.4,0.00564,0.417,0.285518232
1554779997214,44.785,121.4,0.00564,0.417,0.285518232
1554779997275,44.846,121.4,0.00564,0.418,0.286202928
1554779997321,44.892,121.4,0.00564,0.418,0.286202928
1554779997367,44.938,121.4,0.00564,0.418,0.286202928
1554779997413,44.984,121.4,0.00564,0.418,0.286202928
1554779997476,45.047,121.4,0.00564,0.419,0.286887624
1554779997522,45.093,121.4,0.00564,0.419,0.286887624
1554779997568,45.139,121.4,0.00564,0.419,0.286887624
1554779997614,45.185,121.4,0.00564,0.419,0.286887624
1554779997675,45.246,121.4,0.00562,0.42,0.28655256
1554779997721,45.292,121.4,0.00562,0.42,0.28655256
1554779997767,45.338,121.4,0.00562,0.42,0.28655256
1554779997813,45.384,121.4,0.00562,0.42,0.28655256
1554779997876,45.447,121.4,0.00561,0.419,0.285361626
1554779997922,45.493,121.4,0.00561,0.419,0.285361626
1554779997968,45.539,121.4,0.00561,0.419,0.285361626
1554779998014,45.585,121.4,0.00561,0.419,0.285361626
1554779998075,45.646,121.4,0.00558,0.419,0.283835628
1554779998121,45.692,121.4,0.00558,0.419,0.283835628
1554779998167,45.738,121.4,0.00558,0.419,0.283835628
1554779998213,45.784,121.4,0.00558,0.419,0.283835628
1554779998275,45.846,121.3,0.00565,0.419,0.287159555
1554779998322,45.893,121.3,0.00565,0.419,0.287159555
1554779998368,45.939,121.3,0.00565,0.419,0.287159555
1554779998414,45.985,121.3,0.00565,0.419,0.287159555
1554779998475,46.046,121.4,0.00565,0.422,0.28945402
1554779998521,46.092,121.4,0.00565,0.422,0.28945402
1554779998567,46.138,121.4,0.00565,0.422,0.28945402
1554779998613,46.184,121.4,0.00565,0.422,0.28945402
1554779998675,46.246,121.4,0.00565,0.422,0.28945402
1554779998721,46.292,121.4,0.00565,0.422,0.28945402
1554779998767,46.338,121.4,0.00565,0.422,0.28945402
1554779998813,46.384,121.4,0.00565,0.422,0.28945402
1554779998876,46.447,121.4,0.00566,0.419,0.287904956
1554779998921,46.493,121.4,0.00566,0.419,0.287904956
1554779998967,46.539,121.4,0.00566,0.419,0.287904956
1554779999014,46.585,121.4,0.00566,0.419,0.287904956
1554779999075,46.646,121.4,0.00563,0.421,0.287745922
1554779999120,46.692,121.4,0.00563,0.421,0.287745922
1554779999167,46.738,121.4,0.00563,0.421,0.287745922
1554779999213,46.784,121.4,0.00563,0.421,0.287745922
1554779999275,46.846,121.4,0.00569,0.42,0.29012172
1554779999321,46.892,121.4,0.00569,0.42,0.29012172
1554779999367,46.938,121.4,0.00569,0.42,0.29012172
1554779999413,46.984,121.4,0.00569,0.42,0.29012172
1554779999476,47.047,121.4,0.00573,0.418,0.290769996
1554779999522,47.093,121.4,0.00573,0.418,0.290769996
1554779999568,47.139,121.4,0.00573,0.418,0.290769996
1554779999614,47.185,121.4,0.00573,0.418,0.290769996
1554779999675,47.246,121.4,0.00574,0.418,0.291277448
1554779999721,47.292,121.4,0.00574,0.418,0.291277448
1554779999767,47.338,121.4,0.00574,0.418,0.291277448
1554779999813,47.384,121.4,0.00574,0.418,0.291277448
1554779999876,47.447,121.4,0.00573,0.416,0.289378752
1554779999922,47.493,121.4,0.00573,0.416,0.289378752
1554779999968,47.539,121.4,0.00573,0.416,0.289378752
1554780000014,47.585,121.4,0.00573,0.416,0.289378752
1554780000075,47.646,121.4,0.00572,0.415,0.28817932
1554780000121,47.692,121.4,0.00572,0.415,0.28817932
1554780000168,47.739,121.4,0.00572,0.415,0.28817932
1554780000214,47.785,121.4,0.00572,0.415,0.28817932
1554780000275,47.846,121.4,0.00574,0.417,0.290580612
1554780000321,47.892,121.4,0.00574,0.417,0.290580612
1554780000367,47.938,121.4,0.00574,0.417,0.290580612
1554780000413,47.984,121.4,0.00574,0.417,0.290580612
1554780000475,48.046,121.4,0.00567,0.42,0.28910196
1554780000521,48.092,121.4,0.00567,0.42,0.28910196
1554780000567,48.138,121.4,0.00567,0.42,0.28910196
1554780000613,48.184,121.4,0.00567,0.42,0.28910196
1554780000675,48.246,121.4,0.00562,0.423,0.288599364
1554780000720,48.291,121.4,0.00562,0.423,0.288599364
1554780000767,48.338,121.4,0.00562,0.423,0.288599364
1554780000813,48.384,121.4,0.00562,0.423,0.288599364
1554780000875,48.446,121.4,0.00559,0.422,0.286380172
1554780000921,48.492,121.4,0.00559,0.422,0.286380172
1554780000967,48.538,121.4,0.00559,0.422,0.286380172
1554780001015,48.586,121.4,0.00559,0.422,0.286380172
1554780001075,48.646,121.4,0.00559,0.423,0.287058798
1554780001122,48.693,121.4,0.00559,0.423,0.287058798
1554780001168,48.739,121.4,0.00559,0.423,0.287058798
1554780001214,48.785,121.4,0.00559,0.423,0.287058798
1554780001275,48.846,121.4,0.00558,0.42,0.28451304
1554780001321,48.892,121.4,0.00558,0.42,0.28451304
1554780001367,48.938,121.4,0.00558,0.42,0.28451304
1554780001413,48.984,121.4,0.00558,0.42,0.28451304
1554780001475,49.046,121.4,0.00559,0.421,0.285701546
1554780001520,49.091,121.4,0.00559,0.421,0.285701546
1554780001567,49.138,121.4,0.00559,0.421,0.285701546
1554780001613,49.184,121.4,0.00559,0.421,0.285701546
1554780001675,49.246,121.4,0.00562,0.421,0.287234828
1554780001721,49.292,121.4,0.00562,0.421,0.287234828
1554780001768,49.339,121.4,0.00562,0.421,0.287234828
1554780001814,49.385,121.4,0.00562,0.421,0.287234828
1554780001875,49.446,121.4,0.00563,0.416,0.284328512
1554780001921,49.492,121.4,0.00563,0.416,0.284328512
1554780001967,49.538,121.4,0.00563,0.416,0.284328512
1554780002013,49.584,121.4,0.00563,0.416,0.284328512
1554780002075,49.646,121.4,0.00561,0.419,0.285361626
1554780002120,49.691,121.4,0.00561,0.419,0.285361626
1554780002167,49.738,121.4,0.00561,0.419,0.285361626
1554780002213,49.784,121.4,0.00561,0.419,0.285361626
1554780002275,49.846,121.4,0.00563,0.419,0.286378958
1554780002322,49.893,121.4,0.00563,0.419,0.286378958
1554780002368,49.939,121.4,0.00563,0.419,0.286378958
1554780002414,49.985,121.4,0.00563,0.419,0.286378958
1554780002475,50.046,121.4,0.00565,0.421,0.28876811
1554780002521,50.092,121.4,0.00565,0.421,0.28876811
1554780002567,50.138,121.4,0.00565,0.421,0.28876811
1554780002613,50.184,121.4,0.00565,0.421,0.28876811
1554780002674,50.245,121.4,0.00568,0.422,0.290990944
1554780002720,50.291,121.4,0.00568,0.422,0.290990944
1554780002766,50.337,121.4,0.00568,0.422,0.290990944
1554780002813,50.384,121.4,0.00568,0.422,0.290990944
1554780002875,50.446,121.4,0.00568,0.418,0.288232736
1554780002921,50.492,121.4,0.00568,0.418,0.288232736
1554780002967,50.538,121.4,0.00568,0.418,0.288232736
1554780003013,50.584,121.4,0.00568,0.418,0.288232736
1554780003074,50.645,121.4,0.00569,0.415,0.28666789
1554780003120,50.691,121.4,0.00569,0.415,0.28666789
1554780003166,50.737,121.4,0.00569,0.415,0.28666789
1554780003212,50.783,121.4,0.00569,0.415,0.28666789
1554780003275,50.846,121.4,0.00566,0.42,0.28859208
1554780003321,50.892,121.4,0.00566,0.42,0.28859208
1554780003367,50.938,121.4,0.00566,0.42,0.28859208
1554780003413,50.984,121.4,0.00566,0.42,0.28859208
1554780003474,51.045,121.4,0.0057,0.42,0.2906316
1554780003520,51.091,121.4,0.0057,0.42,0.2906316
1554780003566,51.137,121.4,0.0057,0.42,0.2906316
1554780003613,51.184,121.4,0.0057,0.42,0.2906316
1554780003675,51.246,121.4,0.00569,0.42,0.29012172
1554780003721,51.292,121.4,0.00569,0.42,0.29012172
1554780003768,51.339,121.4,0.00569,0.42,0.29012172
1554780003814,51.385,121.4,0.00569,0.42,0.29012172
1554780003875,51.446,121.4,0.00569,0.419,0.289430954
1554780003921,51.492,121.4,0.00569,0.419,0.289430954
1554780003967,51.538,121.4,0.00569,0.419,0.289430954
1554780004014,51.585,121.4,0.00569,0.419,0.289430954
1554780004075,51.646,121.4,0.00566,0.422,0.289966328
1554780004121,51.692,121.4,0.00566,0.422,0.289966328
1554780004167,51.738,121.4,0.00566,0.422,0.289966328
1554780004213,51.784,121.4,0.00566,0.422,0.289966328
1554780004274,51.845,121.4,0.00565,0.421,0.28876811
1554780004320,51.891,121.4,0.00565,0.421,0.28876811
1554780004366,51.937,121.4,0.00565,0.421,0.28876811
1554780004412,51.983,121.4,0.00565,0.421,0.28876811
1554780004474,52.045,121.4,0.00566,0.419,0.287904956
1554780004520,52.092,121.4,0.00566,0.419,0.287904956
1554780004567,52.138,121.4,0.00566,0.419,0.287904956
1554780004613,52.184,121.4,0.00566,0.419,0.287904956
1554780004675,52.246,121.4,0.00566,0.422,0.289966328
1554780004721,52.292,121.4,0.00566,0.422,0.289966328
1554780004767,52.338,121.4,0.00566,0.422,0.289966328
1554780004813,52.384,121.4,0.00566,0.422,0.289966328
1554780004874,52.445,121.4,0.00563,0.42,0.28706244
1554780004920,52.491,121.4,0.00563,0.42,0.28706244
1554780004967,52.538,121.4,0.00563,0.42,0.28706244
1554780005013,52.584,121.4,0.00563,0.42,0.28706244
1554780005075,52.646,121.4,0.00562,0.42,0.28655256
1554780005121,52.692,121.4,0.00562,0.42,0.28655256
1554780005167,52.738,121.4,0.00562,0.42,0.28655256
1554780005213,52.784,121.4,0.00562,0.42,0.28655256
1554780005274,52.845,121.4,0.00564,0.42,0.28757232
1554780005320,52.891,121.4,0.00564,0.42,0.28757232
1554780005366,52.938,121.4,0.00564,0.42,0.28757232
1554780005413,52.984,121.4,0.00564,0.42,0.28757232
1554780005475,53.046,121.4,0.00568,0.416,0.286853632
1554780005521,53.092,121.4,0.00568,0.416,0.286853632
1554780005567,53.138,121.4,0.00568,0.416,0.286853632
1554780005613,53.184,121.4,0.00568,0.416,0.286853632
1554780005674,53.245,121.4,0.00566,0.417,0.286530708
1554780005720,53.292,121.4,0.00566,0.417,0.286530708
1554780005767,53.338,121.4,0.00566,0.417,0.286530708
1554780005813,53.384,121.4,0.00566,0.417,0.286530708
1554780005875,53.446,121.4,0.00563,0.418,0.285695476
1554780005921,53.492,121.4,0.00563,0.418,0.285695476
1554780005967,53.538,121.4,0.00563,0.418,0.285695476
1554780006014,53.585,121.4,0.00563,0.418,0.285695476
1554780006075,53.646,121.4,0.00562,0.419,0.285870292
1554780006121,53.692,121.4,0.00562,0.419,0.285870292
1554780006167,53.738,121.4,0.00562,0.419,0.285870292
1554780006213,53.784,121.4,0.00562,0.419,0.285870292
1554780006274,53.845,121.4,0.00566,0.418,0.287217832
1554780006320,53.891,121.4,0.00566,0.418,0.287217832
1554780006366,53.938,121.4,0.00566,0.418,0.287217832
1554780006412,53.984,121.4,0.00566,0.418,0.287217832
1554780006475,54.046,121.4,0.00568,0.419,0.288922288
1554780006521,54.092,121.4,0.00568,0.419,0.288922288
1554780006567,54.138,121.4,0.00568,0.419,0.288922288
1554780006613,54.184,121.4,0.00568,0.419,0.288922288
1554780006674,54.245,121.4,0.00567,0.42,0.28910196
1554780006721,54.292,121.4,0.00567,0.42,0.28910196
1554780006767,54.338,121.4,0.00567,0.42,0.28910196
1554780006813,54.384,121.4,0.00567,0.42,0.28910196
1554780006874,54.445,121.4,0.00566,0.419,0.287904956
1554780006920,54.491,121.4,0.00566,0.419,0.287904956
1554780006966,54.537,121.4,0.00566,0.419,0.287904956
1554780007012,54.583,121.4,0.00566,0.419,0.287904956
1554780007074,54.645,121.4,0.00567,0.42,0.28910196
1554780007121,54.692,121.4,0.00567,0.42,0.28910196
1554780007167,54.738,121.4,0.00567,0.42,0.28910196
1554780007213,54.784,121.4,0.00567,0.42,0.28910196
1554780007274,54.845,121.4,0.00569,0.42,0.29012172
1554780007320,54.891,121.4,0.00569,0.42,0.29012172
1554780007366,54.937,121.4,0.00569,0.42,0.29012172
1554780007412,54.983,121.4,0.00569,0.42,0.29012172
1554780007474,55.045,121.4,0.00573,0.418,0.290769996
1554780007521,55.092,121.4,0.00573,0.418,0.290769996
1554780007567,55.138,121.4,0.00573,0.418,0.290769996
1554780007613,55.184,121.4,0.00573,0.418,0.290769996
1554780007674,55.245,121.4,0.00573,0.418,0.290769996
1554780007720,55.291,121.4,0.00573,0.418,0.290769996
1554780007766,55.337,121.4,0.00573,0.418,0.290769996
1554780007812,55.383,121.4,0.00573,0.418,0.290769996
1554780007874,55.445,121.4,0.00569,0.419,0.289430954
1554780007920,55.491,121.4,0.00569,0.419,0.289430954
1554780007967,55.538,121.4,0.00569,0.419,0.289430954
1554780008013,55.584,121.4,0.00569,0.419,0.289430954
1554780008074,55.645,121.4,0.00571,0.416,0.288368704
1554780008120,55.691,121.4,0.00571,0.416,0.288368704
1554780008166,55.737,121.4,0.00571,0.416,0.288368704
1554780008212,55.783,121.4,0.00571,0.416,0.288368704
1554780008274,55.845,121.4,0.00572,0.416,0.288873728
1554780008320,55.891,121.4,0.00572,0.416,0.288873728
1554780008367,55.938,121.4,0.00572,0.416,0.288873728
1554780008413,55.984,121.4,0.00572,0.416,0.288873728
1554780008474,56.045,121.4,0.00569,0.419,0.289430954
1554780008520,56.091,121.4,0.00569,0.419,0.289430954
1554780008566,56.137,121.4,0.00569,0.419,0.289430954
1554780008612,56.183,121.4,0.00569,0.419,0.289430954
1554780008674,56.245,121.4,0.00568,0.417,0.287543184
1554780008720,56.291,121.4,0.00568,0.417,0.287543184
1554780008767,56.338,121.4,0.00568,0.417,0.287543184
1554780008813,56.384,121.4,0.00568,0.417,0.287543184
1554780008874,56.445,121.4,0.00563,0.42,0.28706244
1554780008920,56.491,121.4,0.00563,0.42,0.28706244
1554780008966,56.537,121.4,0.00563,0.42,0.28706244
1554780009012,56.583,121.4,0.00563,0.42,0.28706244
1554780009073,56.644,121.4,0.00562,0.42,0.28655256
1554780009119,56.69,121.4,0.00562,0.42,0.28655256
1554780009165,56.736,121.4,0.00562,0.42,0.28655256
1554780009212,56.783,121.4,0.00562,0.42,0.28655256
1554780009274,56.845,121.4,0.00561,0.42,0.28604268
1554780009320,56.891,121.4,0.00561,0.42,0.28604268
1554780009366,56.937,121.4,0.00561,0.42,0.28604268
1554780009412,56.983,121.4,0.00561,0.42,0.28604268
1554780009473,57.044,121.4,0.00563,0.419,0.286378958
1554780009519,57.09,121.4,0.00563,0.419,0.286378958
1554780009566,57.137,121.4,0.00563,0.419,0.286378958
1554780009612,57.183,121.4,0.00563,0.419,0.286378958
1554780009674,57.245,121.4,0.00562,0.419,0.285870292
1554780009720,57.291,121.4,0.00562,0.419,0.285870292
1554780009767,57.338,121.4,0.00562,0.419,0.285870292
1554780009813,57.384,121.4,0.00562,0.419,0.285870292
1554780009874,57.445,121.4,0.00565,0.417,0.28602447
1554780009920,57.491,121.4,0.00565,0.417,0.28602447
1554780009966,57.537,121.4,0.00565,0.417,0.28602447
1554780010012,57.583,121.4,0.00565,0.417,0.28602447
1554780010073,57.644,121.4,0.00564,0.417,0.285518232
1554780010119,57.69,121.4,0.00564,0.417,0.285518232
1554780010166,57.737,121.4,0.00564,0.417,0.285518232
1554780010212,57.783,121.4,0.00564,0.417,0.285518232
1554780010274,57.845,121.4,0.00564,0.418,0.286202928
1554780010320,57.891,121.4,0.00564,0.418,0.286202928
1554780010366,57.937,121.4,0.00564,0.418,0.286202928
1554780010413,57.984,121.4,0.00564,0.418,0.286202928
1554780010474,58.045,121.4,0.00569,0.417,0.288049422
1554780010519,58.09,121.4,0.00569,0.417,0.288049422
1554780010566,58.137,121.4,0.00569,0.417,0.288049422
1554780010612,58.183,121.4,0.00569,0.417,0.288049422
1554780010674,58.245,121.4,0.00571,0.419,0.290448286
1554780010720,58.291,121.4,0.00571,0.419,0.290448286
1554780010766,58.337,121.4,0.00571,0.419,0.290448286
1554780010812,58.383,121.4,0.00571,0.419,0.290448286
1554780010873,58.444,121.4,0.00568,0.417,0.287543184
1554780010919,58.491,121.4,0.00568,0.417,0.287543184
1554780010966,58.537,121.4,0.00568,0.417,0.287543184
1554780011012,58.583,121.4,0.00568,0.417,0.287543184
1554780011074,58.645,121.4,0.00564,0.422,0.288941712
1554780011120,58.691,121.4,0.00564,0.422,0.288941712
1554780011166,58.737,121.4,0.00564,0.422,0.288941712
1554780011213,58.784,121.4,0.00564,0.422,0.288941712
1554780011274,58.845,121.4,0.00564,0.419,0.286887624
1554780011320,58.891,121.4,0.00564,0.419,0.286887624
1554780011366,58.937,121.4,0.00564,0.419,0.286887624
1554780011412,58.983,121.4,0.00564,0.419,0.286887624
1554780011473,59.044,121.4,0.0057,0.42,0.2906316
1554780011519,59.09,121.4,0.0057,0.42,0.2906316
1554780011565,59.137,121.4,0.0057,0.42,0.2906316
1554780011612,59.183,121.4,0.0057,0.42,0.2906316
1554780011674,59.245,121.4,0.00572,0.419,0.290956952
1554780011720,59.291,121.4,0.00572,0.419,0.290956952
1554780011766,59.337,121.4,0.00572,0.419,0.290956952
1554780011812,59.383,121.4,0.00572,0.419,0.290956952
1554780011873,59.445,121.4,0.00565,0.422,0.28945402
1554780011920,59.491,121.4,0.00565,0.422,0.28945402
1554780011966,59.537,121.4,0.00565,0.422,0.28945402
1554780012012,59.583,121.4,0.00565,0.422,0.28945402
1554780012074,59.645,121.4,0.00565,0.418,0.28671038
1554780012120,59.691,121.4,0.00565,0.418,0.28671038
1554780012166,59.737,121.4,0.00565,0.418,0.28671038
1554780012212,59.783,121.4,0.00565,0.418,0.28671038
1554780012273,59.844,121.3,0.00567,0.42,0.28886382
1554780012319,59.89,121.3,0.00567,0.42,0.28886382
1554780012366,59.937,121.3,0.00567,0.42,0.28886382
1554780012412,59.983,121.3,0.00567,0.42,0.28886382
1554780012473,60.044,121.3,0.0057,0.416,0.28762656
1554780012519,60.09,121.3,0.0057,0.416,0.28762656
1554780012565,60.136,121.3,0.0057,0.416,0.28762656
1554780012612,60.183,121.3,0.0057,0.416,0.28762656
1554780012674,60.245,121.4,0.00567,0.417,0.287036946
1554780012720,60.291,121.4,0.00567,0.417,0.287036946
1554780012766,60.337,121.4,0.00567,0.417,0.287036946
1554780012812,60.383,121.4,0.00567,0.417,0.287036946
1554780012873,60.444,121.4,0.00564,0.419,0.286887624
1554780012920,60.491,121.4,0.00564,0.419,0.286887624
1554780012966,60.537,121.4,0.00564,0.419,0.286887624
1554780013012,60.583,121.4,0.00564,0.419,0.286887624
1554780013074,60.645,121.4,0.00567,0.418,0.287725284
1554780013120,60.691,121.4,0.00567,0.418,0.287725284
1554780013166,60.737,121.4,0.00567,0.418,0.287725284
1554780013213,60.784,121.4,0.00567,0.418,0.287725284
1554780013274,60.845,121.4,0.0057,0.414,0.28647972
1554780013320,60.891,121.4,0.0057,0.414,0.28647972
1554780013366,60.937,121.4,0.0057,0.414,0.28647972
1554780013412,60.983,121.4,0.0057,0.414,0.28647972
1554780013473,61.044,121.4,0.00564,0.417,0.285518232
1554780013519,61.09,121.4,0.00564,0.417,0.285518232
1554780013565,61.136,121.4,0.00564,0.417,0.285518232
1554780013611,61.182,121.4,0.00564,0.417,0.285518232
1554780013673,61.244,121.4,0.00563,0.421,0.287745922
1554780013720,61.291,121.4,0.00563,0.421,0.287745922
1554780013766,61.337,121.4,0.00563,0.421,0.287745922
1554780013812,61.383,121.4,0.00563,0.421,0.287745922
1554780013873,61.444,121.4,0.00563,0.42,0.28706244
1554780013919,61.49,121.4,0.00563,0.42,0.28706244
1554780013965,61.536,121.4,0.00563,0.42,0.28706244
1554780014012,61.583,121.4,0.00563,0.42,0.28706244
1554780014073,61.644,121.4,0.00563,0.42,0.28706244
1554780014119,61.69,121.4,0.00563,0.42,0.28706244
1554780014165,61.736,121.4,0.00563,0.42,0.28706244
1554780014211,61.782,121.4,0.00563,0.42,0.28706244
1554780014274,61.845,121.4,0.00562,0.42,0.28655256
1554780014320,61.891,121.4,0.00562,0.42,0.28655256
1554780014366,61.937,121.4,0.00562,0.42,0.28655256
1554780014412,61.983,121.4,0.00562,0.42,0.28655256
1554780014473,62.044,121.4,0.00567,0.418,0.287725284
1554780014519,62.09,121.4,0.00567,0.418,0.287725284
1554780014565,62.136,121.4,0.00567,0.418,0.287725284
1554780014611,62.182,121.4,0.00567,0.418,0.287725284
1554780014673,62.244,121.4,0.00565,0.419,0.28739629
1554780014720,62.291,121.4,0.00565,0.419,0.28739629
1554780014766,62.337,121.4,0.00565,0.419,0.28739629
1554780014812,62.383,121.4,0.00565,0.419,0.28739629
1554780014873,62.444,121.5,0.00567,0.42,0.2893401
1554780014919,62.49,121.5,0.00567,0.42,0.2893401
1554780014965,62.536,121.5,0.00567,0.42,0.2893401
1554780015011,62.582,121.5,0.00567,0.42,0.2893401
1554780015073,62.644,121.4,0.00569,0.42,0.29012172
1554780015120,62.691,121.4,0.00569,0.42,0.29012172
1554780015166,62.737,121.4,0.00569,0.42,0.29012172
1554780015212,62.783,121.4,0.00569,0.42,0.29012172
1554780015273,62.844,121.4,0.00567,0.42,0.28910196
1554780015319,62.89,121.4,0.00567,0.42,0.28910196
1554780015365,62.936,121.4,0.00567,0.42,0.28910196
1554780015411,62.982,121.4,0.00567,0.42,0.28910196
1554780015473,63.044,121.4,0.00572,0.42,0.29165136
1554780015519,63.09,121.4,0.00572,0.42,0.29165136
1554780015565,63.136,121.4,0.00572,0.42,0.29165136
1554780015611,63.182,121.4,0.00572,0.42,0.29165136
1554780015674,63.245,121.4,0.00577,0.418,0.292799804
1554780015720,63.291,121.4,0.00577,0.418,0.292799804
1554780015766,63.337,121.4,0.00577,0.418,0.292799804
1554780015812,63.383,121.4,0.00577,0.418,0.292799804
1554780015873,63.444,121.4,0.00572,0.419,0.290956952
1554780015919,63.49,121.4,0.00572,0.419,0.290956952
1554780015965,63.536,121.4,0.00572,0.419,0.290956952
1554780016011,63.583,121.4,0.00572,0.419,0.290956952
1554780016073,63.644,121.4,0.00563,0.421,0.287745922
1554780016118,63.69,121.4,0.00563,0.421,0.287745922
1554780016165,63.736,121.4,0.00563,0.421,0.287745922
1554780016211,63.782,121.4,0.00563,0.421,0.287745922
1554780016273,63.844,121.4,0.00565,0.421,0.28876811
1554780016319,63.89,121.4,0.00565,0.421,0.28876811
1554780016365,63.936,121.4,0.00565,0.421,0.28876811
1554780016411,63.982,121.4,0.00565,0.421,0.28876811
1554780016473,64.044,121.4,0.00666,0.427,0.345239748
1554780016520,64.091,121.4,0.00666,0.427,0.345239748
1554780016566,64.137,121.4,0.00666,0.427,0.345239748
1554780016612,64.183,121.4,0.00666,0.427,0.345239748
1554780016673,64.244,121.4,0.00724,0.437,0.384095032
1554780016719,64.29,121.4,0.00724,0.437,0.384095032
1554780016765,64.336,121.4,0.00724,0.437,0.384095032
1554780016811,64.382,121.4,0.00724,0.437,0.384095032
1554780016873,64.444,121.4,0.00723,0.434,0.380931348
1554780016919,64.49,121.4,0.00723,0.434,0.380931348
1554780016965,64.536,121.4,0.00723,0.434,0.380931348
1554780017012,64.583,121.4,0.00723,0.434,0.380931348
1554780017073,64.644,121.4,0.00724,0.432,0.379700352
1554780017119,64.69,121.4,0.00724,0.432,0.379700352
1554780017165,64.736,121.4,0.00724,0.432,0.379700352
1554780017211,64.782,121.4,0.00724,0.432,0.379700352
1554780017273,64.845,121.4,0.0072,0.433,0.37847664
1554780017320,64.891,121.4,0.0072,0.433,0.37847664
1554780017366,64.937,121.4,0.0072,0.433,0.37847664
1554780017412,64.983,121.4,0.0072,0.433,0.37847664
1554780017473,65.044,121.4,0.00721,0.434,0.379877596
1554780017519,65.09,121.4,0.00721,0.434,0.379877596
1554780017565,65.136,121.4,0.00721,0.434,0.379877596
1554780017611,65.182,121.4,0.00721,0.434,0.379877596
1554780017673,65.244,121.4,0.00718,0.435,0.37916862
1554780017720,65.291,121.4,0.00718,0.435,0.37916862
1554780017766,65.337,121.4,0.00718,0.435,0.37916862
1554780017812,65.383,121.4,0.00718,0.435,0.37916862
1554780017873,65.444,121.4,0.00719,0.434,0.378823844
1554780017919,65.49,121.4,0.00719,0.434,0.378823844
1554780017965,65.536,121.4,0.00719,0.434,0.378823844
1554780018011,65.582,121.4,0.00719,0.434,0.378823844
1554780018072,65.643,121.4,0.00724,0.433,0.380579288
1554780018118,65.689,121.4,0.00724,0.433,0.380579288
1554780018164,65.735,121.4,0.00724,0.433,0.380579288
1554780018211,65.782,121.4,0.00724,0.433,0.380579288
1554780018273,65.844,121.4,0.00725,0.433,0.38110495
1554780018319,65.89,121.4,0.00725,0.433,0.38110495
1554780018365,65.936,121.4,0.00725,0.433,0.38110495
1554780018411,65.982,121.4,0.00725,0.433,0.38110495
1554780018472,66.043,121.4,0.00686,0.433,0.360604132
1554780018518,66.089,121.4,0.00686,0.433,0.360604132
1554780018564,66.135,121.4,0.00686,0.433,0.360604132
1554780018610,66.181,121.4,0.00686,0.433,0.360604132
1554780018673,66.244,121.4,0.00665,0.43,0.3471433
1554780018719,66.29,121.4,0.00665,0.43,0.3471433
1554780018765,66.336,121.4,0.00665,0.43,0.3471433
1554780018811,66.382,121.4,0.00665,0.43,0.3471433
1554780018872,66.443,121.4,0.00672,0.428,0.349165824
1554780018918,66.489,121.4,0.00672,0.428,0.349165824
1554780018964,66.535,121.4,0.00672,0.428,0.349165824
1554780019011,66.582,121.4,0.00672,0.428,0.349165824
1554780019073,66.644,121.4,0.00667,0.428,0.346567864
1554780019119,66.69,121.4,0.00667,0.428,0.346567864
1554780019165,66.736,121.4,0.00667,0.428,0.346567864
1554780019211,66.782,121.4,0.00667,0.428,0.346567864
1554780019272,66.843,121.4,0.00669,0.428,0.347607048
1554780019318,66.889,121.4,0.00669,0.428,0.347607048
1554780019365,66.936,121.4,0.00669,0.428,0.347607048
1554780019411,66.982,121.4,0.00669,0.428,0.347607048
1554780019473,67.044,121.4,0.00667,0.432,0.349806816
1554780019519,67.09,121.4,0.00667,0.432,0.349806816
1554780019565,67.136,121.4,0.00667,0.432,0.349806816
1554780019611,67.182,121.4,0.00667,0.432,0.349806816
1554780019672,67.243,121.4,0.00668,0.43,0.34870936
1554780019718,67.289,121.4,0.00668,0.43,0.34870936
1554780019765,67.336,121.4,0.00668,0.43,0.34870936
1554780019811,67.382,121.4,0.00668,0.43,0.34870936
1554780019873,67.444,121.4,0.00667,0.432,0.349806816
1554780019919,67.49,121.4,0.00667,0.432,0.349806816
1554780019965,67.537,121.4,0.00667,0.432,0.349806816
1554780020012,67.583,121.4,0.00667,0.432,0.349806816
1554780020073,67.644,121.4,0.00666,0.433,0.350090892
1554780020119,67.69,121.4,0.00666,0.433,0.350090892
1554780020165,67.736,121.4,0.00666,0.433,0.350090892
1554780020211,67.782,121.4,0.00666,0.433,0.350090892
1554780020273,67.844,121.4,0.00662,0.43,0.34557724
1554780020319,67.89,121.4,0.00662,0.43,0.34557724
1554780020365,67.936,121.4,0.00662,0.43,0.34557724
1554780020411,67.982,121.4,0.00662,0.43,0.34557724
1554780020472,68.043,121.4,0.00666,0.431,0.348473844
1554780020519,68.09,121.4,0.00666,0.431,0.348473844
1554780020565,68.136,121.4,0.00666,0.431,0.348473844
1554780020611,68.182,121.4,0.00666,0.431,0.348473844
1554780020673,68.244,121.4,0.0067,0.426,0.34649988
1554780020719,68.29,121.4,0.0067,0.426,0.34649988
1554780020765,68.336,121.4,0.0067,0.426,0.34649988
1554780020811,68.382,121.4,0.0067,0.426,0.34649988
1554780020872,68.443,121.4,0.00664,0.43,0.34662128
1554780020919,68.49,121.4,0.00664,0.43,0.34662128
1554780020965,68.536,121.4,0.00664,0.43,0.34662128
1554780021011,68.582,121.4,0.00664,0.43,0.34662128
1554780021073,68.644,121.4,0.00662,0.428,0.343969904
1554780021119,68.69,121.4,0.00662,0.428,0.343969904
1554780021165,68.736,121.4,0.00662,0.428,0.343969904
1554780021211,68.782,121.4,0.00662,0.428,0.343969904
1554780021272,68.843,121.4,0.00659,0.429,0.343211154
1554780021318,68.889,121.4,0.00659,0.429,0.343211154
1554780021364,68.935,121.4,0.00659,0.429,0.343211154
1554780021410,68.981,121.4,0.00659,0.429,0.343211154
1554780021472,69.044,121.4,0.00659,0.429,0.343211154
1554780021518,69.089,121.4,0.00659,0.429,0.343211154
1554780021564,69.136,121.4,0.00659,0.429,0.343211154
1554780021611,69.182,121.4,0.00659,0.429,0.343211154
1554780021673,69.244,121.4,0.00662,0.431,0.346380908
1554780021719,69.29,121.4,0.00662,0.431,0.346380908
1554780021765,69.336,121.4,0.00662,0.431,0.346380908
1554780021811,69.382,121.4,0.00662,0.431,0.346380908
1554780021872,69.443,121.4,0.00662,0.429,0.344773572
1554780021918,69.489,121.4,0.00662,0.429,0.344773572
1554780021964,69.536,121.4,0.00662,0.429,0.344773572
1554780022011,69.582,121.4,0.00662,0.429,0.344773572
1554780022073,69.644,121.4,0.00664,0.429,0.345815184
1554780022119,69.69,121.4,0.00664,0.429,0.345815184
1554780022165,69.736,121.4,0.00664,0.429,0.345815184
1554780022211,69.783,121.4,0.00664,0.429,0.345815184
1554780022272,69.843,121.4,0.00663,0.43,0.34609926
1554780022319,69.89,121.4,0.00663,0.43,0.34609926
1554780022365,69.936,121.4,0.00663,0.43,0.34609926
1554780022411,69.982,121.4,0.00663,0.43,0.34609926
1554780022472,70.043,121.4,0.0066,0.431,0.34533444
1554780022518,70.089,121.4,0.0066,0.431,0.34533444
1554780022564,70.135,121.4,0.0066,0.431,0.34533444
1554780022610,70.181,121.4,0.0066,0.431,0.34533444
1554780022672,70.243,121.4,0.00661,0.433,0.347462582
1554780022719,70.29,121.4,0.00661,0.433,0.347462582
1554780022765,70.336,121.4,0.00661,0.433,0.347462582
1554780022811,70.382,121.4,0.00661,0.433,0.347462582
1554780022872,70.443,121.4,0.00665,0.434,0.35037254
1554780022918,70.489,121.4,0.00665,0.434,0.35037254
1554780022964,70.535,121.4,0.00665,0.434,0.35037254
1554780023010,70.581,121.4,0.00665,0.434,0.35037254
1554780023073,70.644,121.4,0.00665,0.432,0.34875792
1554780023119,70.69,121.4,0.00665,0.432,0.34875792
1554780023165,70.736,121.4,0.00665,0.432,0.34875792
1554780023211,70.782,121.4,0.00665,0.432,0.34875792
1554780023272,70.843,121.4,0.00662,0.433,0.347988244
1554780023318,70.889,121.4,0.00662,0.433,0.347988244
1554780023364,70.935,121.4,0.00662,0.433,0.347988244
1554780023410,70.981,121.4,0.00662,0.433,0.347988244
1554780023473,71.044,121.4,0.00661,0.432,0.346660128
1554780023519,71.09,121.4,0.00661,0.432,0.346660128
1554780023565,71.136,121.4,0.00661,0.432,0.346660128
1554780023611,71.182,121.4,0.00661,0.432,0.346660128
1554780023673,71.244,121.4,0.00664,0.433,0.349039568
1554780023719,71.29,121.4,0.00664,0.433,0.349039568
1554780023765,71.336,121.4,0.00664,0.433,0.349039568
1554780023811,71.382,121.4,0.00664,0.433,0.349039568
1554780023872,71.443,121.4,0.00665,0.431,0.34795061
1554780023918,71.489,121.4,0.00665,0.431,0.34795061
1554780023964,71.535,121.4,0.00665,0.431,0.34795061
1554780024011,71.582,121.4,0.00665,0.431,0.34795061
1554780024072,71.643,121.4,0.00664,0.433,0.349039568
1554780024118,71.689,121.4,0.00664,0.433,0.349039568
1554780024164,71.735,121.4,0.00664,0.433,0.349039568
1554780024210,71.781,121.4,0.00664,0.433,0.349039568
1554780024272,71.843,121.4,0.00662,0.431,0.346380908
1554780024318,71.889,121.4,0.00662,0.431,0.346380908
1554780024364,71.935,121.4,0.00662,0.431,0.346380908
1554780024410,71.981,121.4,0.00662,0.431,0.346380908
1554780024472,72.043,121.4,0.00662,0.431,0.346380908
1554780024518,72.089,121.4,0.00662,0.431,0.346380908
1554780024564,72.135,121.4,0.00662,0.431,0.346380908
1554780024610,72.181,121.4,0.00662,0.431,0.346380908
1554780024673,72.244,121.4,0.00662,0.431,0.346380908
1554780024719,72.29,121.4,0.00662,0.431,0.346380908
1554780024765,72.336,121.4,0.00662,0.431,0.346380908
1554780024811,72.382,121.4,0.00662,0.431,0.346380908
1554780024872,72.443,121.4,0.00663,0.431,0.346904142
1554780024918,72.489,121.4,0.00663,0.431,0.346904142
1554780024964,72.535,121.4,0.00663,0.431,0.346904142
1554780025010,72.581,121.4,0.00663,0.431,0.346904142
1554780025072,72.643,121.4,0.00664,0.429,0.345815184
1554780025118,72.689,121.4,0.00664,0.429,0.345815184
1554780025164,72.735,121.4,0.00664,0.429,0.345815184
1554780025210,72.781,121.4,0.00664,0.429,0.345815184
1554780025271,72.843,121.4,0.00661,0.43,0.34505522
1554780025318,72.889,121.4,0.00661,0.43,0.34505522
1554780025364,72.935,121.4,0.00661,0.43,0.34505522
1554780025410,72.981,121.4,0.00661,0.43,0.34505522
1554780025472,73.043,121.4,0.00664,0.428,0.345009088
1554780025518,73.089,121.4,0.00664,0.428,0.345009088
1554780025564,73.135,121.4,0.00664,0.428,0.345009088
1554780025610,73.181,121.4,0.00664,0.428,0.345009088
1554780025672,73.243,121.4,0.0066,0.432,0.34613568
1554780025718,73.289,121.4,0.0066,0.432,0.34613568
1554780025764,73.335,121.4,0.0066,0.432,0.34613568
1554780025810,73.381,121.4,0.0066,0.432,0.34613568
1554780025871,73.442,121.4,0.00659,0.433,0.346411258
1554780025917,73.488,121.4,0.00659,0.433,0.346411258
1554780025962,73.533,121.4,0.00659,0.433,0.346411258
1554780026008,73.579,121.4,0.00659,0.433,0.346411258
1554780026072,73.643,121.4,0.0066,0.429,0.34373196
1554780026117,73.688,121.4,0.0066,0.429,0.34373196
1554780026162,73.733,121.4,0.0066,0.429,0.34373196
1554780026208,73.779,121.4,0.0066,0.429,0.34373196
1554780026272,73.843,121.4,0.0066,0.433,0.34693692
1554780026318,73.889,121.4,0.0066,0.433,0.34693692
1554780026364,73.935,121.4,0.0066,0.433,0.34693692
1554780026410,73.981,121.4,0.0066,0.433,0.34693692
1554780026472,74.043,121.4,0.00661,0.432,0.346660128
1554780026518,74.089,121.4,0.00661,0.432,0.346660128
1554780026564,74.135,121.4,0.00661,0.432,0.346660128
1554780026610,74.181,121.4,0.00661,0.432,0.346660128
1554780026672,74.243,121.4,0.00663,0.431,0.346904142
1554780026718,74.289,121.4,0.00663,0.431,0.346904142
1554780026764,74.335,121.4,0.00663,0.431,0.346904142
1554780026810,74.381,121.4,0.00663,0.431,0.346904142
1554780026872,74.443,121.4,0.00666,0.429,0.346856796
1554780026918,74.489,121.4,0.00666,0.429,0.346856796
1554780026964,74.535,121.4,0.00666,0.429,0.346856796
1554780027010,74.581,121.4,0.00666,0.429,0.346856796
1554780027071,74.642,121.4,0.00665,0.431,0.34795061
1554780027117,74.688,121.4,0.00665,0.431,0.34795061
1554780027164,74.735,121.4,0.00665,0.431,0.34795061
1554780027210,74.781,121.4,0.00665,0.431,0.34795061
1554780027272,74.843,121.4,0.00663,0.434,0.349318788
1554780027318,74.889,121.4,0.00663,0.434,0.349318788
1554780027364,74.935,121.4,0.00663,0.434,0.349318788
1554780027410,74.981,121.4,0.00663,0.434,0.349318788
1554780027471,75.042,121.4,0.00665,0.433,0.34956523
1554780027517,75.088,121.4,0.00665,0.433,0.34956523
1554780027563,75.134,121.4,0.00665,0.433,0.34956523
1554780027609,75.18,121.4,0.00665,0.433,0.34956523
1554780027671,75.242,121.3,0.00673,0.43,0.35103007
1554780027717,75.288,121.3,0.00673,0.43,0.35103007
1554780027764,75.335,121.3,0.00673,0.43,0.35103007
1554780027810,75.381,121.3,0.00673,0.43,0.35103007
1554780027872,75.443,121.4,0.00672,0.428,0.349165824
1554780027918,75.489,121.4,0.00672,0.428,0.349165824
1554780027964,75.535,121.4,0.00672,0.428,0.349165824
1554780028010,75.581,121.4,0.00672,0.428,0.349165824
1554780028072,75.643,121.4,0.00667,0.431,0.348997078
1554780028118,75.689,121.4,0.00667,0.431,0.348997078
1554780028164,75.735,121.4,0.00667,0.431,0.348997078
1554780028210,75.781,121.4,0.00667,0.431,0.348997078
1554780028272,75.843,121.4,0.00663,0.429,0.345294378
1554780028318,75.889,121.4,0.00663,0.429,0.345294378
1554780028364,75.935,121.4,0.00663,0.429,0.345294378
1554780028410,75.981,121.4,0.00663,0.429,0.345294378
You pressed Ctrl+C!
