# Mon Apr 08 19:50:00 2019
abstime,time_stamp,volt,curr,pf,mul
1554778200838,0.08,121.4,0.00587,0.417,0.297161706
1554778200901,0.144,121.4,0.00581,0.419,0.295534946
1554778200947,0.19,121.4,0.00581,0.419,0.295534946
1554778200992,0.234,121.4,0.00581,0.419,0.295534946
1554778201038,0.28,121.4,0.00581,0.419,0.295534946
1554778201101,0.343,121.5,0.00579,0.419,0.294760215
1554778201146,0.388,121.5,0.00579,0.419,0.294760215
1554778201192,0.434,121.5,0.00579,0.419,0.294760215
1554778201237,0.479,121.5,0.00579,0.419,0.294760215
1554778201301,0.543,121.5,0.00579,0.418,0.29405673
1554778201346,0.588,121.5,0.00579,0.418,0.29405673
1554778201391,0.633,121.5,0.00579,0.418,0.29405673
1554778201437,0.679,121.5,0.00579,0.418,0.29405673
1554778201501,0.743,121.4,0.00585,0.42,0.2982798
1554778201547,0.789,121.4,0.00585,0.42,0.2982798
1554778201593,0.835,121.4,0.00585,0.42,0.2982798
1554778201639,0.881,121.4,0.00585,0.42,0.2982798
1554778201701,0.943,121.4,0.00588,0.414,0.295526448
1554778201748,0.99,121.4,0.00588,0.414,0.295526448
1554778201794,1.036,121.4,0.00588,0.414,0.295526448
1554778201840,1.082,121.4,0.00588,0.414,0.295526448
1554778201901,1.143,121.4,0.00588,0.418,0.298381776
1554778201947,1.189,121.4,0.00588,0.418,0.298381776
1554778201993,1.235,121.4,0.00588,0.418,0.298381776
1554778202039,1.281,121.4,0.00588,0.418,0.298381776
1554778202101,1.343,121.4,0.00588,0.42,0.29980944
1554778202148,1.39,121.4,0.00588,0.42,0.29980944
1554778202194,1.436,121.4,0.00588,0.42,0.29980944
1554778202240,1.482,121.4,0.00588,0.42,0.29980944
1554778202301,1.543,121.4,0.00583,0.418,0.295844516
1554778202347,1.589,121.4,0.00583,0.418,0.295844516
1554778202393,1.635,121.4,0.00583,0.418,0.295844516
1554778202439,1.681,121.4,0.00583,0.418,0.295844516
1554778202501,1.743,121.4,0.00585,0.417,0.29614923
1554778202548,1.79,121.4,0.00585,0.417,0.29614923
1554778202594,1.836,121.4,0.00585,0.417,0.29614923
1554778202640,1.882,121.4,0.00585,0.417,0.29614923
1554778202701,1.943,121.4,0.00582,0.42,0.29675016
1554778202747,1.989,121.4,0.00582,0.42,0.29675016
1554778202793,2.035,121.4,0.00582,0.42,0.29675016
1554778202839,2.081,121.4,0.00582,0.42,0.29675016
1554778202901,2.143,121.4,0.00585,0.418,0.29685942
1554778202947,2.189,121.4,0.00585,0.418,0.29685942
1554778202993,2.235,121.4,0.00585,0.418,0.29685942
1554778203039,2.281,121.4,0.00585,0.418,0.29685942
1554778203100,2.342,121.4,0.00584,0.42,0.29776992
1554778203146,2.388,121.4,0.00584,0.42,0.29776992
1554778203192,2.434,121.4,0.00584,0.42,0.29776992
1554778203238,2.48,121.4,0.00584,0.42,0.29776992
1554778203301,2.543,121.4,0.00581,0.419,0.295534946
1554778203347,2.589,121.4,0.00581,0.419,0.295534946
1554778203393,2.635,121.4,0.00581,0.419,0.295534946
1554778203439,2.681,121.4,0.00581,0.419,0.295534946
1554778203500,2.742,121.4,0.00578,0.42,0.29471064
1554778203546,2.788,121.4,0.00578,0.42,0.29471064
1554778203593,2.835,121.4,0.00578,0.42,0.29471064
1554778203639,2.881,121.4,0.00578,0.42,0.29471064
1554778203701,2.943,121.4,0.00579,0.42,0.29522052
1554778203747,2.989,121.4,0.00579,0.42,0.29522052
1554778203794,3.036,121.4,0.00579,0.42,0.29522052
1554778203840,3.082,121.4,0.00579,0.42,0.29522052
1554778203901,3.143,121.4,0.00577,0.42,0.29420076
1554778203947,3.189,121.4,0.00577,0.42,0.29420076
1554778203993,3.235,121.4,0.00577,0.42,0.29420076
1554778204039,3.281,121.4,0.00577,0.42,0.29420076
1554778204100,3.342,121.4,0.00576,0.422,0.295089408
1554778204146,3.388,121.4,0.00576,0.422,0.295089408
1554778204192,3.434,121.4,0.00576,0.422,0.295089408
1554778204238,3.48,121.4,0.00576,0.422,0.295089408
1554778204301,3.543,121.4,0.0058,0.418,0.29432216
1554778204347,3.589,121.4,0.0058,0.418,0.29432216
1554778204393,3.635,121.4,0.0058,0.418,0.29432216
1554778204439,3.681,121.4,0.0058,0.418,0.29432216
1554778204500,3.742,121.4,0.00579,0.419,0.294517614
1554778204546,3.788,121.4,0.00579,0.419,0.294517614
1554778204592,3.834,121.4,0.00579,0.419,0.294517614
1554778204638,3.88,121.4,0.00579,0.419,0.294517614
1554778204701,3.943,121.4,0.00577,0.42,0.29420076
1554778204747,3.989,121.4,0.00577,0.42,0.29420076
1554778204793,4.035,121.4,0.00577,0.42,0.29420076
1554778204839,4.081,121.4,0.00577,0.42,0.29420076
1554778204900,4.142,121.4,0.00579,0.421,0.295923426
1554778204946,4.188,121.4,0.00579,0.421,0.295923426
1554778204992,4.234,121.4,0.00579,0.421,0.295923426
1554778205038,4.28,121.4,0.00579,0.421,0.295923426
1554778205101,4.343,121.5,0.00582,0.421,0.29770173
1554778205147,4.389,121.5,0.00582,0.421,0.29770173
1554778205193,4.435,121.5,0.00582,0.421,0.29770173
1554778205239,4.481,121.5,0.00582,0.421,0.29770173
1554778205300,4.542,121.5,0.00578,0.422,0.29635794
1554778205346,4.588,121.5,0.00578,0.422,0.29635794
1554778205392,4.634,121.5,0.00578,0.422,0.29635794
1554778205438,4.68,121.5,0.00578,0.422,0.29635794
1554778205500,4.742,121.4,0.00582,0.42,0.29675016
1554778205547,4.789,121.4,0.00582,0.42,0.29675016
1554778205593,4.835,121.4,0.00582,0.42,0.29675016
1554778205639,4.881,121.4,0.00582,0.42,0.29675016
1554778205700,4.942,121.4,0.00583,0.421,0.297967802
1554778205746,4.988,121.4,0.00583,0.421,0.297967802
1554778205792,5.034,121.4,0.00583,0.421,0.297967802
1554778205838,5.08,121.4,0.00583,0.421,0.297967802
1554778205901,5.143,121.4,0.00585,0.419,0.29756961
1554778205947,5.189,121.4,0.00585,0.419,0.29756961
1554778205993,5.235,121.4,0.00585,0.419,0.29756961
1554778206039,5.281,121.4,0.00585,0.419,0.29756961
1554778206100,5.342,121.5,0.00586,0.422,0.30045978
1554778206146,5.388,121.5,0.00586,0.422,0.30045978
1554778206192,5.434,121.5,0.00586,0.422,0.30045978
1554778206238,5.48,121.5,0.00586,0.422,0.30045978
1554778206301,5.543,121.5,0.00586,0.42,0.2990358
1554778206347,5.589,121.5,0.00586,0.42,0.2990358
1554778206393,5.635,121.5,0.00586,0.42,0.2990358
1554778206439,5.681,121.5,0.00586,0.42,0.2990358
1554778206501,5.743,121.4,0.00582,0.42,0.29675016
1554778206547,5.789,121.4,0.00582,0.42,0.29675016
1554778206593,5.835,121.4,0.00582,0.42,0.29675016
1554778206639,5.881,121.4,0.00582,0.42,0.29675016
1554778206701,5.943,121.4,0.00585,0.419,0.29756961
1554778206747,5.989,121.4,0.00585,0.419,0.29756961
1554778206793,6.035,121.4,0.00585,0.419,0.29756961
1554778206839,6.081,121.4,0.00585,0.419,0.29756961
1554778206900,6.143,121.4,0.00588,0.416,0.296954112
1554778206947,6.189,121.4,0.00588,0.416,0.296954112
1554778206993,6.235,121.4,0.00588,0.416,0.296954112
1554778207039,6.281,121.4,0.00588,0.416,0.296954112
1554778207100,6.342,121.4,0.00586,0.415,0.29523266
1554778207146,6.388,121.4,0.00586,0.415,0.29523266
1554778207192,6.434,121.4,0.00586,0.415,0.29523266
1554778207238,6.48,121.4,0.00586,0.415,0.29523266
1554778207301,6.543,121.4,0.00578,0.417,0.292605564
1554778207347,6.589,121.4,0.00578,0.417,0.292605564
1554778207393,6.635,121.4,0.00578,0.417,0.292605564
1554778207439,6.681,121.4,0.00578,0.417,0.292605564
1554778207500,6.742,121.4,0.00578,0.421,0.295412332
1554778207546,6.788,121.4,0.00578,0.421,0.295412332
1554778207592,6.835,121.4,0.00578,0.421,0.295412332
1554778207639,6.881,121.4,0.00578,0.421,0.295412332
1554778207700,6.942,121.3,0.0058,0.417,0.29337618
1554778207746,6.988,121.3,0.0058,0.417,0.29337618
1554778207792,7.034,121.3,0.0058,0.417,0.29337618
1554778207838,7.08,121.3,0.0058,0.417,0.29337618
1554778207900,7.143,121.4,0.0058,0.417,0.29361804
1554778207947,7.189,121.4,0.0058,0.417,0.29361804
1554778207993,7.235,121.4,0.0058,0.417,0.29361804
1554778208039,7.281,121.4,0.0058,0.417,0.29361804
1554778208100,7.342,121.4,0.00583,0.417,0.295136754
1554778208146,7.389,121.4,0.00583,0.417,0.295136754
1554778208193,7.435,121.4,0.00583,0.417,0.295136754
1554778208239,7.481,121.4,0.00583,0.417,0.295136754
1554778208300,7.542,121.4,0.00576,0.417,0.291593088
1554778208346,7.588,121.4,0.00576,0.417,0.291593088
1554778208392,7.634,121.4,0.00576,0.417,0.291593088
1554778208438,7.68,121.4,0.00576,0.417,0.291593088
1554778208501,7.743,121.4,0.00576,0.418,0.292292352
1554778208547,7.789,121.4,0.00576,0.418,0.292292352
1554778208593,7.835,121.4,0.00576,0.418,0.292292352
1554778208639,7.881,121.4,0.00576,0.418,0.292292352
1554778208700,7.942,121.4,0.00583,0.419,0.296552278
1554778208746,7.988,121.4,0.00583,0.419,0.296552278
1554778208792,8.034,121.4,0.00583,0.419,0.296552278
1554778208838,8.08,121.4,0.00583,0.419,0.296552278
1554778208901,8.143,121.4,0.00584,0.418,0.296351968
1554778208947,8.189,121.4,0.00584,0.418,0.296351968
1554778208993,8.235,121.4,0.00584,0.418,0.296351968
1554778209039,8.281,121.4,0.00584,0.418,0.296351968
1554778209100,8.342,121.4,0.00584,0.418,0.296351968
1554778209147,8.389,121.4,0.00584,0.418,0.296351968
1554778209193,8.435,121.4,0.00584,0.418,0.296351968
1554778209239,8.481,121.4,0.00584,0.418,0.296351968
1554778209300,8.542,121.4,0.00585,0.418,0.29685942
1554778209346,8.588,121.4,0.00585,0.418,0.29685942
1554778209392,8.634,121.4,0.00585,0.418,0.29685942
1554778209438,8.68,121.4,0.00585,0.418,0.29685942
1554778209500,8.742,121.4,0.00585,0.418,0.29685942
1554778209546,8.788,121.4,0.00585,0.418,0.29685942
1554778209592,8.834,121.4,0.00585,0.418,0.29685942
1554778209638,8.88,121.4,0.00585,0.418,0.29685942
1554778209700,8.942,121.4,0.0059,0.416,0.29796416
1554778209746,8.988,121.4,0.0059,0.416,0.29796416
1554778209792,9.034,121.4,0.0059,0.416,0.29796416
1554778209838,9.08,121.4,0.0059,0.416,0.29796416
1554778209900,9.142,121.4,0.0059,0.416,0.29796416
1554778209946,9.188,121.4,0.0059,0.416,0.29796416
1554778209992,9.234,121.4,0.0059,0.416,0.29796416
1554778210038,9.28,121.4,0.0059,0.416,0.29796416
1554778210100,9.342,121.4,0.00588,0.418,0.298381776
1554778210145,9.387,121.4,0.00588,0.418,0.298381776
1554778210192,9.434,121.4,0.00588,0.418,0.298381776
1554778210238,9.48,121.4,0.00588,0.418,0.298381776
1554778210300,9.542,121.5,0.00585,0.419,0.297814725
1554778210346,9.588,121.5,0.00585,0.419,0.297814725
1554778210392,9.634,121.5,0.00585,0.419,0.297814725
1554778210438,9.68,121.5,0.00585,0.419,0.297814725
1554778210499,9.742,121.4,0.00583,0.42,0.29726004
1554778210545,9.787,121.4,0.00583,0.42,0.29726004
1554778210591,9.833,121.4,0.00583,0.42,0.29726004
1554778210638,9.88,121.4,0.00583,0.42,0.29726004
1554778210700,9.942,121.4,0.00584,0.419,0.297060944
1554778210746,9.988,121.4,0.00584,0.419,0.297060944
1554778210792,10.034,121.4,0.00584,0.419,0.297060944
1554778210838,10.08,121.4,0.00584,0.419,0.297060944
1554778210900,10.142,121.4,0.00585,0.418,0.29685942
1554778210946,10.188,121.4,0.00585,0.418,0.29685942
1554778210992,10.234,121.4,0.00585,0.418,0.29685942
1554778211039,10.281,121.4,0.00585,0.418,0.29685942
1554778211100,10.342,121.4,0.00585,0.417,0.29614923
1554778211145,10.387,121.4,0.00585,0.417,0.29614923
1554778211191,10.433,121.4,0.00585,0.417,0.29614923
1554778211238,10.48,121.4,0.00585,0.417,0.29614923
1554778211300,10.542,121.4,0.00585,0.417,0.29614923
1554778211346,10.588,121.4,0.00585,0.417,0.29614923
1554778211392,10.634,121.4,0.00585,0.417,0.29614923
1554778211438,10.68,121.4,0.00585,0.417,0.29614923
1554778211500,10.742,121.4,0.00582,0.416,0.293923968
1554778211546,10.788,121.4,0.00582,0.416,0.293923968
1554778211592,10.834,121.4,0.00582,0.416,0.293923968
1554778211638,10.88,121.4,0.00582,0.416,0.293923968
1554778211699,10.941,121.4,0.00585,0.416,0.29543904
1554778211745,10.987,121.4,0.00585,0.416,0.29543904
1554778211791,11.033,121.4,0.00585,0.416,0.29543904
1554778211838,11.08,121.4,0.00585,0.416,0.29543904
1554778211900,11.142,121.4,0.00582,0.415,0.29321742
1554778211946,11.188,121.4,0.00582,0.415,0.29321742
1554778211992,11.234,121.4,0.00582,0.415,0.29321742
1554778212038,11.28,121.4,0.00582,0.415,0.29321742
1554778212099,11.341,121.4,0.00579,0.419,0.294517614
1554778212146,11.388,121.4,0.00579,0.419,0.294517614
1554778212191,11.433,121.4,0.00579,0.419,0.294517614
1554778212238,11.48,121.4,0.00579,0.419,0.294517614
1554778212300,11.542,121.4,0.0058,0.417,0.29361804
1554778212346,11.588,121.4,0.0058,0.417,0.29361804
1554778212392,11.634,121.4,0.0058,0.417,0.29361804
1554778212438,11.68,121.4,0.0058,0.417,0.29361804
1554778212499,11.741,121.4,0.00583,0.415,0.29372123
1554778212545,11.787,121.4,0.00583,0.415,0.29372123
1554778212591,11.833,121.4,0.00583,0.415,0.29372123
1554778212637,11.879,121.4,0.00583,0.415,0.29372123
1554778212700,11.942,121.4,0.00583,0.414,0.293013468
1554778212746,11.988,121.4,0.00583,0.414,0.293013468
1554778212792,12.034,121.4,0.00583,0.414,0.293013468
1554778212838,12.08,121.4,0.00583,0.414,0.293013468
1554778212900,12.142,121.4,0.00584,0.416,0.294934016
1554778212946,12.188,121.4,0.00584,0.416,0.294934016
1554778212992,12.234,121.4,0.00584,0.416,0.294934016
1554778213038,12.28,121.4,0.00584,0.416,0.294934016
1554778213100,12.342,121.4,0.00586,0.418,0.297366872
1554778213146,12.388,121.4,0.00586,0.418,0.297366872
1554778213192,12.434,121.4,0.00586,0.418,0.297366872
1554778213238,12.48,121.4,0.00586,0.418,0.297366872
1554778213299,12.541,121.4,0.00586,0.416,0.295944064
1554778213346,12.588,121.4,0.00586,0.416,0.295944064
1554778213392,12.634,121.4,0.00586,0.416,0.295944064
1554778213438,12.68,121.4,0.00586,0.416,0.295944064
1554778213500,12.742,121.4,0.00586,0.418,0.297366872
1554778213546,12.788,121.4,0.00586,0.418,0.297366872
1554778213592,12.834,121.4,0.00586,0.418,0.297366872
1554778213638,12.881,121.4,0.00586,0.418,0.297366872
1554778213699,12.941,121.4,0.00586,0.417,0.296655468
1554778213745,12.987,121.4,0.00586,0.417,0.296655468
1554778213792,13.034,121.4,0.00586,0.417,0.296655468
1554778213838,13.08,121.4,0.00586,0.417,0.296655468
1554778213899,13.141,121.4,0.0059,0.416,0.29796416
1554778213945,13.187,121.4,0.0059,0.416,0.29796416
1554778213991,13.233,121.4,0.0059,0.416,0.29796416
1554778214038,13.28,121.4,0.0059,0.416,0.29796416
1554778214100,13.342,121.4,0.0059,0.416,0.29796416
1554778214146,13.388,121.4,0.0059,0.416,0.29796416
1554778214192,13.434,121.4,0.0059,0.416,0.29796416
1554778214238,13.48,121.4,0.0059,0.416,0.29796416
1554778214299,13.541,121.4,0.00589,0.418,0.298889228
1554778214346,13.588,121.4,0.00589,0.418,0.298889228
1554778214392,13.634,121.4,0.00589,0.418,0.298889228
1554778214438,13.68,121.4,0.00589,0.418,0.298889228
1554778214500,13.742,121.4,0.00583,0.419,0.296552278
1554778214546,13.788,121.4,0.00583,0.419,0.296552278
1554778214592,13.834,121.4,0.00583,0.419,0.296552278
1554778214638,13.88,121.4,0.00583,0.419,0.296552278
1554778214699,13.941,121.4,0.00584,0.42,0.29776992
1554778214745,13.988,121.4,0.00584,0.42,0.29776992
1554778214791,14.034,121.4,0.00584,0.42,0.29776992
1554778214837,14.08,121.4,0.00584,0.42,0.29776992
1554778214900,14.142,121.4,0.00584,0.419,0.297060944
1554778214946,14.188,121.4,0.00584,0.419,0.297060944
1554778214992,14.234,121.4,0.00584,0.419,0.297060944
1554778215038,14.28,121.4,0.00584,0.419,0.297060944
1554778215099,14.341,121.4,0.00583,0.42,0.29726004
1554778215145,14.387,121.4,0.00583,0.42,0.29726004
1554778215191,14.434,121.4,0.00583,0.42,0.29726004
1554778215237,14.48,121.4,0.00583,0.42,0.29726004
1554778215300,14.542,121.4,0.00587,0.414,0.295023852
1554778215346,14.588,121.4,0.00587,0.414,0.295023852
1554778215392,14.634,121.4,0.00587,0.414,0.295023852
1554778215438,14.68,121.4,0.00587,0.414,0.295023852
1554778215499,14.741,121.4,0.00586,0.416,0.295944064
1554778215545,14.787,121.4,0.00586,0.416,0.295944064
1554778215591,14.833,121.4,0.00586,0.416,0.295944064
1554778215637,14.879,121.4,0.00586,0.416,0.295944064
1554778215700,14.942,121.4,0.0058,0.418,0.29432216
1554778215746,14.988,121.4,0.0058,0.418,0.29432216
1554778215792,15.034,121.4,0.0058,0.418,0.29432216
1554778215838,15.08,121.4,0.0058,0.418,0.29432216
1554778215899,15.141,121.4,0.00581,0.418,0.294829612
1554778215945,15.187,121.4,0.00581,0.418,0.294829612
1554778215991,15.233,121.4,0.00581,0.418,0.294829612
1554778216037,15.279,121.4,0.00581,0.418,0.294829612
1554778216099,15.341,121.4,0.00579,0.421,0.295923426
1554778216146,15.388,121.4,0.00579,0.421,0.295923426
1554778216192,15.434,121.4,0.00579,0.421,0.295923426
1554778216238,15.48,121.4,0.00579,0.421,0.295923426
1554778216299,15.541,121.4,0.00577,0.42,0.29420076
1554778216345,15.587,121.4,0.00577,0.42,0.29420076
1554778216391,15.633,121.4,0.00577,0.42,0.29420076
1554778216437,15.679,121.4,0.00577,0.42,0.29420076
1554778216500,15.742,121.4,0.0058,0.418,0.29432216
1554778216546,15.788,121.4,0.0058,0.418,0.29432216
1554778216592,15.834,121.4,0.0058,0.418,0.29432216
1554778216638,15.88,121.4,0.0058,0.418,0.29432216
1554778216699,15.941,121.4,0.00578,0.418,0.293307256
1554778216745,15.987,121.4,0.00578,0.418,0.293307256
1554778216791,16.033,121.4,0.00578,0.418,0.293307256
1554778216837,16.079,121.4,0.00578,0.418,0.293307256
1554778216899,16.141,121.4,0.00579,0.418,0.293814708
1554778216945,16.187,121.4,0.00579,0.418,0.293814708
1554778216991,16.233,121.4,0.00579,0.418,0.293814708
1554778217037,16.279,121.4,0.00579,0.418,0.293814708
1554778217100,16.342,121.4,0.00579,0.42,0.29522052
1554778217146,16.388,121.4,0.00579,0.42,0.29522052
1554778217192,16.434,121.4,0.00579,0.42,0.29522052
1554778217238,16.48,121.4,0.00579,0.42,0.29522052
1554778217299,16.541,121.4,0.00585,0.417,0.29614923
1554778217345,16.587,121.4,0.00585,0.417,0.29614923
1554778217391,16.633,121.4,0.00585,0.417,0.29614923
1554778217437,16.679,121.4,0.00585,0.417,0.29614923
1554778217500,16.742,121.4,0.00583,0.418,0.295844516
1554778217546,16.788,121.4,0.00583,0.418,0.295844516
1554778217592,16.835,121.4,0.00583,0.418,0.295844516
1554778217638,16.881,121.4,0.00583,0.418,0.295844516
1554778217700,16.942,121.4,0.00584,0.418,0.296351968
1554778217746,16.988,121.4,0.00584,0.418,0.296351968
1554778217792,17.034,121.4,0.00584,0.418,0.296351968
1554778217838,17.08,121.4,0.00584,0.418,0.296351968
1554778217900,17.142,121.4,0.00587,0.419,0.298586942
1554778217946,17.188,121.4,0.00587,0.419,0.298586942
1554778217992,17.234,121.4,0.00587,0.419,0.298586942
1554778218038,17.28,121.4,0.00587,0.419,0.298586942
1554778218099,17.341,121.4,0.00593,0.415,0.29875933
1554778218146,17.388,121.4,0.00593,0.415,0.29875933
1554778218192,17.434,121.4,0.00593,0.415,0.29875933
1554778218238,17.48,121.4,0.00593,0.415,0.29875933
1554778218299,17.541,121.5,0.00593,0.418,0.30116691
1554778218345,17.587,121.5,0.00593,0.418,0.30116691
1554778218391,17.633,121.5,0.00593,0.418,0.30116691
1554778218437,17.679,121.5,0.00593,0.418,0.30116691
1554778218499,17.741,121.5,0.00586,0.418,0.29761182
1554778218546,17.788,121.5,0.00586,0.418,0.29761182
1554778218592,17.834,121.5,0.00586,0.418,0.29761182
1554778218638,17.88,121.5,0.00586,0.418,0.29761182
1554778218699,17.941,121.4,0.00579,0.419,0.294517614
1554778218745,17.987,121.4,0.00579,0.419,0.294517614
1554778218791,18.033,121.4,0.00579,0.419,0.294517614
1554778218837,18.079,121.4,0.00579,0.419,0.294517614
1554778218899,18.141,121.4,0.00581,0.421,0.296945614
1554778218945,18.187,121.4,0.00581,0.421,0.296945614
1554778218991,18.233,121.4,0.00581,0.421,0.296945614
1554778219037,18.279,121.4,0.00581,0.421,0.296945614
1554778219100,18.342,121.4,0.00583,0.42,0.29726004
1554778219146,18.388,121.4,0.00583,0.42,0.29726004
1554778219192,18.434,121.4,0.00583,0.42,0.29726004
1554778219238,18.48,121.4,0.00583,0.42,0.29726004
1554778219299,18.541,121.4,0.00582,0.419,0.296043612
1554778219345,18.587,121.4,0.00582,0.419,0.296043612
1554778219392,18.634,121.4,0.00582,0.419,0.296043612
1554778219437,18.679,121.4,0.00582,0.419,0.296043612
1554778219498,18.74,121.4,0.0058,0.419,0.29502628
1554778219544,18.786,121.4,0.0058,0.419,0.29502628
1554778219591,18.833,121.4,0.0058,0.419,0.29502628
1554778219637,18.879,121.4,0.0058,0.419,0.29502628
1554778219699,18.941,121.4,0.00581,0.417,0.294124278
1554778219745,18.987,121.4,0.00581,0.417,0.294124278
1554778219791,19.033,121.4,0.00581,0.417,0.294124278
1554778219837,19.079,121.4,0.00581,0.417,0.294124278
1554778219898,19.14,121.4,0.0058,0.417,0.29361804
1554778219944,19.186,121.4,0.0058,0.417,0.29361804
1554778219991,19.233,121.4,0.0058,0.417,0.29361804
1554778220037,19.279,121.4,0.0058,0.417,0.29361804
1554778220099,19.341,121.4,0.0058,0.421,0.29643452
1554778220145,19.387,121.4,0.0058,0.421,0.29643452
1554778220192,19.434,121.4,0.0058,0.421,0.29643452
1554778220238,19.48,121.4,0.0058,0.421,0.29643452
1554778220299,19.541,121.4,0.00581,0.419,0.295534946
1554778220345,19.587,121.4,0.00581,0.419,0.295534946
1554778220391,19.633,121.4,0.00581,0.419,0.295534946
1554778220437,19.679,121.4,0.00581,0.419,0.295534946
1554778220498,19.74,121.4,0.00579,0.418,0.293814708
1554778220544,19.786,121.4,0.00579,0.418,0.293814708
1554778220590,19.832,121.4,0.00579,0.418,0.293814708
1554778220636,19.878,121.4,0.00579,0.418,0.293814708
1554778220699,19.941,121.4,0.00577,0.419,0.293500282
1554778220745,19.987,121.4,0.00577,0.419,0.293500282
1554778220791,20.033,121.4,0.00577,0.419,0.293500282
1554778220837,20.079,121.4,0.00577,0.419,0.293500282
1554778220898,20.14,121.4,0.0058,0.42,0.2957304
1554778220944,20.186,121.4,0.0058,0.42,0.2957304
1554778220990,20.232,121.4,0.0058,0.42,0.2957304
1554778221036,20.278,121.4,0.0058,0.42,0.2957304
1554778221099,20.341,121.4,0.00586,0.416,0.295944064
1554778221145,20.387,121.4,0.00586,0.416,0.295944064
1554778221191,20.433,121.4,0.00586,0.416,0.295944064
1554778221237,20.479,121.4,0.00586,0.416,0.295944064
1554778221298,20.54,121.4,0.00586,0.417,0.296655468
1554778221344,20.586,121.4,0.00586,0.417,0.296655468
1554778221390,20.632,121.4,0.00586,0.417,0.296655468
1554778221436,20.678,121.4,0.00586,0.417,0.296655468
1554778221499,20.741,121.4,0.00583,0.42,0.29726004
1554778221545,20.787,121.4,0.00583,0.42,0.29726004
1554778221591,20.833,121.4,0.00583,0.42,0.29726004
1554778221637,20.879,121.4,0.00583,0.42,0.29726004
1554778221698,20.94,121.4,0.00581,0.42,0.29624028
1554778221744,20.986,121.4,0.00581,0.42,0.29624028
1554778221790,21.032,121.4,0.00581,0.42,0.29624028
1554778221836,21.078,121.4,0.00581,0.42,0.29624028
1554778221899,21.141,121.4,0.00579,0.42,0.29522052
1554778221945,21.187,121.4,0.00579,0.42,0.29522052
1554778221991,21.233,121.4,0.00579,0.42,0.29522052
1554778222037,21.279,121.4,0.00579,0.42,0.29522052
1554778222098,21.34,121.4,0.00581,0.422,0.297650948
1554778222144,21.386,121.4,0.00581,0.422,0.297650948
1554778222190,21.432,121.4,0.00581,0.422,0.297650948
1554778222236,21.478,121.4,0.00581,0.422,0.297650948
1554778222299,21.541,121.4,0.00588,0.42,0.29980944
1554778222345,21.587,121.4,0.00588,0.42,0.29980944
1554778222391,21.633,121.4,0.00588,0.42,0.29980944
1554778222437,21.679,121.4,0.00588,0.42,0.29980944
1554778222498,21.74,121.4,0.00584,0.42,0.29776992
1554778222544,21.786,121.4,0.00584,0.42,0.29776992
1554778222590,21.832,121.4,0.00584,0.42,0.29776992
1554778222636,21.878,121.4,0.00584,0.42,0.29776992
1554778222699,21.941,121.4,0.00585,0.421,0.29898999
1554778222745,21.987,121.4,0.00585,0.421,0.29898999
1554778222791,22.033,121.4,0.00585,0.421,0.29898999
1554778222837,22.079,121.4,0.00585,0.421,0.29898999
1554778222898,22.14,121.4,0.00585,0.418,0.29685942
1554778222944,22.186,121.4,0.00585,0.418,0.29685942
1554778222990,22.233,121.4,0.00585,0.418,0.29685942
1554778223037,22.279,121.4,0.00585,0.418,0.29685942
1554778223099,22.341,121.4,0.00586,0.418,0.297366872
1554778223145,22.387,121.4,0.00586,0.418,0.297366872
1554778223191,22.433,121.4,0.00586,0.418,0.297366872
1554778223237,22.479,121.4,0.00586,0.418,0.297366872
1554778223298,22.54,121.4,0.00587,0.418,0.297874324
1554778223344,22.586,121.4,0.00587,0.418,0.297874324
1554778223390,22.633,121.4,0.00587,0.418,0.297874324
1554778223437,22.679,121.4,0.00587,0.418,0.297874324
1554778223498,22.74,121.4,0.00582,0.418,0.295337064
1554778223544,22.786,121.4,0.00582,0.418,0.295337064
1554778223590,22.832,121.4,0.00582,0.418,0.295337064
1554778223636,22.878,121.4,0.00582,0.418,0.295337064
1554778223699,22.941,121.4,0.00581,0.417,0.294124278
1554778223745,22.987,121.4,0.00581,0.417,0.294124278
1554778223791,23.033,121.4,0.00581,0.417,0.294124278
1554778223837,23.079,121.4,0.00581,0.417,0.294124278
1554778223898,23.14,121.4,0.00583,0.415,0.29372123
1554778223944,23.186,121.4,0.00583,0.415,0.29372123
1554778223990,23.232,121.4,0.00583,0.415,0.29372123
1554778224036,23.278,121.4,0.00583,0.415,0.29372123
1554778224099,23.341,121.4,0.00585,0.416,0.29543904
1554778224145,23.387,121.4,0.00585,0.416,0.29543904
1554778224193,23.435,121.4,0.00585,0.416,0.29543904
1554778224239,23.481,121.4,0.00585,0.416,0.29543904
1554778224299,23.541,121.4,0.00584,0.414,0.293516064
1554778224345,23.587,121.4,0.00584,0.414,0.293516064
1554778224392,23.634,121.4,0.00584,0.414,0.293516064
1554778224439,23.681,121.4,0.00584,0.414,0.293516064
1554778224498,23.74,121.4,0.00581,0.419,0.295534946
1554778224544,23.786,121.4,0.00581,0.419,0.295534946
1554778224590,23.832,121.4,0.00581,0.419,0.295534946
1554778224636,23.878,121.4,0.00581,0.419,0.295534946
1554778224699,23.941,121.4,0.00576,0.42,0.29369088
1554778224745,23.987,121.4,0.00576,0.42,0.29369088
1554778224791,24.033,121.4,0.00576,0.42,0.29369088
1554778224837,24.079,121.4,0.00576,0.42,0.29369088
1554778224898,24.14,121.4,0.00581,0.417,0.294124278
1554778224944,24.186,121.4,0.00581,0.417,0.294124278
1554778224990,24.232,121.4,0.00581,0.417,0.294124278
1554778225036,24.278,121.4,0.00581,0.417,0.294124278
1554778225099,24.341,121.4,0.00581,0.417,0.294124278
1554778225145,24.387,121.4,0.00581,0.417,0.294124278
1554778225192,24.434,121.4,0.00581,0.417,0.294124278
1554778225238,24.48,121.4,0.00581,0.417,0.294124278
1554778225298,24.54,121.4,0.00582,0.42,0.29675016
1554778225344,24.586,121.4,0.00582,0.42,0.29675016
1554778225390,24.632,121.4,0.00582,0.42,0.29675016
1554778225436,24.678,121.4,0.00582,0.42,0.29675016
1554778225499,24.741,121.4,0.00581,0.417,0.294124278
1554778225545,24.787,121.4,0.00581,0.417,0.294124278
1554778225591,24.833,121.4,0.00581,0.417,0.294124278
1554778225637,24.879,121.4,0.00581,0.417,0.294124278
1554778225698,24.94,121.4,0.00584,0.419,0.297060944
1554778225744,24.986,121.4,0.00584,0.419,0.297060944
1554778225790,25.032,121.4,0.00584,0.419,0.297060944
1554778225836,25.078,121.4,0.00584,0.419,0.297060944
1554778225898,25.14,121.4,0.00584,0.422,0.299187872
1554778225944,25.186,121.4,0.00584,0.422,0.299187872
1554778225989,25.231,121.4,0.00584,0.422,0.299187872
1554778226035,25.277,121.4,0.00584,0.422,0.299187872
1554778226098,25.34,121.4,0.00586,0.42,0.29878968
1554778226143,25.385,121.4,0.00586,0.42,0.29878968
1554778226189,25.431,121.4,0.00586,0.42,0.29878968
1554778226234,25.476,121.4,0.00586,0.42,0.29878968
1554778226297,25.539,121.4,0.00588,0.419,0.299095608
1554778226343,25.585,121.4,0.00588,0.419,0.299095608
1554778226389,25.631,121.4,0.00588,0.419,0.299095608
1554778226434,25.676,121.4,0.00588,0.419,0.299095608
1554778226498,25.74,121.4,0.00581,0.421,0.296945614
1554778226544,25.786,121.4,0.00581,0.421,0.296945614
1554778226590,25.832,121.4,0.00581,0.421,0.296945614
1554778226636,25.878,121.4,0.00581,0.421,0.296945614
1554778226698,25.94,121.4,0.00581,0.419,0.295534946
1554778226744,25.986,121.4,0.00581,0.419,0.295534946
1554778226791,26.033,121.4,0.00581,0.419,0.295534946
1554778226837,26.079,121.4,0.00581,0.419,0.295534946
1554778226898,26.14,121.4,0.00588,0.418,0.298381776
1554778226944,26.186,121.4,0.00588,0.418,0.298381776
1554778226991,26.233,121.4,0.00588,0.418,0.298381776
1554778227037,26.279,121.4,0.00588,0.418,0.298381776
1554778227098,26.34,121.4,0.00583,0.418,0.295844516
1554778227144,26.386,121.4,0.00583,0.418,0.295844516
1554778227190,26.432,121.4,0.00583,0.418,0.295844516
1554778227237,26.479,121.4,0.00583,0.418,0.295844516
1554778227298,26.54,121.5,0.00583,0.42,0.2975049
1554778227344,26.586,121.5,0.00583,0.42,0.2975049
1554778227390,26.632,121.5,0.00583,0.42,0.2975049
1554778227436,26.678,121.5,0.00583,0.42,0.2975049
1554778227498,26.74,121.5,0.0058,0.419,0.2952693
1554778227544,26.786,121.5,0.0058,0.419,0.2952693
1554778227591,26.833,121.5,0.0058,0.419,0.2952693
1554778227637,26.879,121.5,0.0058,0.419,0.2952693
1554778227698,26.94,121.5,0.00577,0.421,0.295144155
1554778227744,26.986,121.5,0.00577,0.421,0.295144155
1554778227790,27.032,121.5,0.00577,0.421,0.295144155
1554778227836,27.078,121.5,0.00577,0.421,0.295144155
1554778227898,27.14,121.4,0.00579,0.42,0.29522052
1554778227944,27.186,121.4,0.00579,0.42,0.29522052
1554778227991,27.233,121.4,0.00579,0.42,0.29522052
1554778228037,27.279,121.4,0.00579,0.42,0.29522052
1554778228098,27.34,121.4,0.0058,0.416,0.29291392
1554778228144,27.386,121.4,0.0058,0.416,0.29291392
1554778228190,27.432,121.4,0.0058,0.416,0.29291392
1554778228236,27.478,121.4,0.0058,0.416,0.29291392
1554778228298,27.54,121.5,0.00579,0.42,0.2954637
1554778228344,27.586,121.5,0.00579,0.42,0.2954637
1554778228390,27.632,121.5,0.00579,0.42,0.2954637
1554778228437,27.679,121.5,0.00579,0.42,0.2954637
1554778228498,27.74,121.5,0.0058,0.42,0.295974
1554778228544,27.786,121.5,0.0058,0.42,0.295974
1554778228590,27.832,121.5,0.0058,0.42,0.295974
1554778228636,27.878,121.5,0.0058,0.42,0.295974
1554778228698,27.94,121.5,0.00578,0.417,0.29284659
1554778228744,27.986,121.5,0.00578,0.417,0.29284659
1554778228790,28.032,121.5,0.00578,0.417,0.29284659
1554778228836,28.078,121.5,0.00578,0.417,0.29284659
1554778228897,28.139,121.4,0.00581,0.418,0.294829612
1554778228943,28.185,121.4,0.00581,0.418,0.294829612
1554778228989,28.231,121.4,0.00581,0.418,0.294829612
1554778229036,28.278,121.4,0.00581,0.418,0.294829612
1554778229098,28.34,121.4,0.00582,0.417,0.294630516
1554778229144,28.386,121.4,0.00582,0.417,0.294630516
1554778229190,28.432,121.4,0.00582,0.417,0.294630516
1554778229236,28.478,121.4,0.00582,0.417,0.294630516
1554778229297,28.539,121.5,0.00583,0.419,0.296796555
1554778229343,28.585,121.5,0.00583,0.419,0.296796555
1554778229390,28.632,121.5,0.00583,0.419,0.296796555
1554778229436,28.678,121.5,0.00583,0.419,0.296796555
1554778229498,28.74,121.5,0.00585,0.419,0.297814725
1554778229544,28.786,121.5,0.00585,0.419,0.297814725
1554778229590,28.832,121.5,0.00585,0.419,0.297814725
1554778229636,28.878,121.5,0.00585,0.419,0.297814725
1554778229698,28.94,121.4,0.00587,0.415,0.29573647
1554778229744,28.986,121.4,0.00587,0.415,0.29573647
1554778229790,29.032,121.4,0.00587,0.415,0.29573647
1554778229836,29.078,121.4,0.00587,0.415,0.29573647
1554778229897,29.139,121.4,0.00588,0.417,0.297667944
1554778229943,29.185,121.4,0.00588,0.417,0.297667944
1554778229989,29.231,121.4,0.00588,0.417,0.297667944
1554778230036,29.278,121.4,0.00588,0.417,0.297667944
1554778230098,29.34,121.4,0.00585,0.419,0.29756961
1554778230144,29.386,121.4,0.00585,0.419,0.29756961
1554778230190,29.432,121.4,0.00585,0.419,0.29756961
1554778230236,29.478,121.4,0.00585,0.419,0.29756961
1554778230298,29.54,121.4,0.00589,0.42,0.30031932
1554778230344,29.586,121.4,0.00589,0.42,0.30031932
1554778230390,29.632,121.4,0.00589,0.42,0.30031932
1554778230436,29.678,121.4,0.00589,0.42,0.30031932
1554778230497,29.739,121.4,0.00586,0.422,0.300212488
1554778230544,29.786,121.4,0.00586,0.422,0.300212488
1554778230590,29.832,121.4,0.00586,0.422,0.300212488
1554778230636,29.878,121.4,0.00586,0.422,0.300212488
1554778230698,29.94,121.4,0.00587,0.42,0.29929956
1554778230744,29.986,121.4,0.00587,0.42,0.29929956
1554778230790,30.032,121.4,0.00587,0.42,0.29929956
1554778230836,30.078,121.4,0.00587,0.42,0.29929956
1554778230897,30.139,121.4,0.00586,0.417,0.296655468
1554778230943,30.185,121.4,0.00586,0.417,0.296655468
1554778230989,30.231,121.4,0.00586,0.417,0.296655468
1554778231036,30.278,121.4,0.00586,0.417,0.296655468
1554778231098,30.34,121.4,0.00589,0.417,0.298174182
1554778231144,30.386,121.4,0.00589,0.417,0.298174182
1554778231190,30.432,121.4,0.00589,0.417,0.298174182
1554778231236,30.478,121.4,0.00589,0.417,0.298174182
1554778231297,30.539,121.4,0.00584,0.418,0.296351968
1554778231343,30.585,121.4,0.00584,0.418,0.296351968
1554778231390,30.632,121.4,0.00584,0.418,0.296351968
1554778231436,30.678,121.4,0.00584,0.418,0.296351968
1554778231497,30.739,121.5,0.00582,0.417,0.29487321
1554778231543,30.785,121.5,0.00582,0.417,0.29487321
1554778231589,30.831,121.5,0.00582,0.417,0.29487321
1554778231635,30.877,121.5,0.00582,0.417,0.29487321
1554778231698,30.94,121.5,0.00578,0.42,0.2949534
1554778231744,30.986,121.5,0.00578,0.42,0.2949534
1554778231790,31.032,121.5,0.00578,0.42,0.2949534
1554778231836,31.078,121.5,0.00578,0.42,0.2949534
1554778231897,31.139,121.4,0.00577,0.417,0.292099326
1554778231943,31.185,121.4,0.00577,0.417,0.292099326
1554778231990,31.232,121.4,0.00577,0.417,0.292099326
1554778232036,31.278,121.4,0.00577,0.417,0.292099326
1554778232097,31.339,121.4,0.00582,0.418,0.295337064
1554778232143,31.385,121.4,0.00582,0.418,0.295337064
1554778232189,31.431,121.4,0.00582,0.418,0.295337064
1554778232235,31.477,121.4,0.00582,0.418,0.295337064
1554778232297,31.539,121.4,0.0058,0.418,0.29432216
1554778232344,31.586,121.4,0.0058,0.418,0.29432216
1554778232390,31.632,121.4,0.0058,0.418,0.29432216
1554778232436,31.678,121.4,0.0058,0.418,0.29432216
1554778232497,31.739,121.5,0.00581,0.416,0.29366064
1554778232543,31.785,121.5,0.00581,0.416,0.29366064
1554778232589,31.831,121.5,0.00581,0.416,0.29366064
1554778232635,31.877,121.5,0.00581,0.416,0.29366064
1554778232698,31.94,121.4,0.0058,0.417,0.29361804
1554778232744,31.986,121.4,0.0058,0.417,0.29361804
1554778232790,32.032,121.4,0.0058,0.417,0.29361804
1554778232836,32.078,121.4,0.0058,0.417,0.29361804
1554778232898,32.14,121.4,0.00579,0.419,0.294517614
1554778232944,32.186,121.4,0.00579,0.419,0.294517614
1554778232990,32.232,121.4,0.00579,0.419,0.294517614
1554778233036,32.278,121.4,0.00579,0.419,0.294517614
1554778233097,32.339,121.4,0.00582,0.42,0.29675016
1554778233144,32.386,121.4,0.00582,0.42,0.29675016
1554778233190,32.432,121.4,0.00582,0.42,0.29675016
1554778233236,32.478,121.4,0.00582,0.42,0.29675016
1554778233297,32.539,121.4,0.0058,0.419,0.29502628
1554778233343,32.585,121.4,0.0058,0.419,0.29502628
1554778233389,32.631,121.4,0.0058,0.419,0.29502628
1554778233435,32.677,121.4,0.0058,0.419,0.29502628
1554778233497,32.739,121.5,0.00581,0.419,0.295778385
1554778233544,32.786,121.5,0.00581,0.419,0.295778385
1554778233589,32.832,121.5,0.00581,0.419,0.295778385
1554778233636,32.878,121.5,0.00581,0.419,0.295778385
1554778233697,32.939,121.4,0.00581,0.42,0.29624028
1554778233743,32.985,121.4,0.00581,0.42,0.29624028
1554778233789,33.031,121.4,0.00581,0.42,0.29624028
1554778233836,33.078,121.4,0.00581,0.42,0.29624028
1554778233897,33.139,121.4,0.0058,0.422,0.29713864
1554778233943,33.185,121.4,0.0058,0.422,0.29713864
1554778233989,33.231,121.4,0.0058,0.422,0.29713864
1554778234035,33.277,121.4,0.0058,0.422,0.29713864
1554778234097,33.339,121.4,0.00582,0.423,0.298869804
1554778234143,33.385,121.4,0.00582,0.423,0.298869804
1554778234189,33.431,121.4,0.00582,0.423,0.298869804
1554778234235,33.477,121.4,0.00582,0.423,0.298869804
1554778234297,33.539,121.4,0.00585,0.422,0.29970018
1554778234342,33.585,121.4,0.00585,0.422,0.29970018
1554778234389,33.631,121.4,0.00585,0.422,0.29970018
1554778234435,33.677,121.4,0.00585,0.422,0.29970018
1554778234497,33.739,121.4,0.00583,0.421,0.297967802
1554778234543,33.785,121.4,0.00583,0.421,0.297967802
1554778234589,33.831,121.4,0.00583,0.421,0.297967802
1554778234635,33.877,121.4,0.00583,0.421,0.297967802
1554778234698,33.94,121.4,0.00583,0.42,0.29726004
1554778234744,33.986,121.4,0.00583,0.42,0.29726004
1554778234790,34.032,121.4,0.00583,0.42,0.29726004
1554778234836,34.078,121.4,0.00583,0.42,0.29726004
1554778234897,34.139,121.4,0.00581,0.42,0.29624028
1554778234943,34.185,121.4,0.00581,0.42,0.29624028
1554778234989,34.231,121.4,0.00581,0.42,0.29624028
1554778235035,34.278,121.4,0.00581,0.42,0.29624028
1554778235097,34.339,121.4,0.00584,0.417,0.295642992
1554778235142,34.385,121.4,0.00584,0.417,0.295642992
1554778235189,34.431,121.4,0.00584,0.417,0.295642992
1554778235235,34.477,121.4,0.00584,0.417,0.295642992
1554778235297,34.539,121.4,0.00583,0.419,0.296552278
1554778235343,34.585,121.4,0.00583,0.419,0.296552278
1554778235389,34.631,121.4,0.00583,0.419,0.296552278
1554778235435,34.677,121.4,0.00583,0.419,0.296552278
1554778235496,34.738,121.5,0.00579,0.419,0.294760215
1554778235542,34.784,121.5,0.00579,0.419,0.294760215
1554778235588,34.83,121.5,0.00579,0.419,0.294760215
1554778235634,34.877,121.5,0.00579,0.419,0.294760215
1554778235697,34.939,121.4,0.00576,0.419,0.292991616
1554778235743,34.985,121.4,0.00576,0.419,0.292991616
1554778235789,35.031,121.4,0.00576,0.419,0.292991616
1554778235835,35.077,121.4,0.00576,0.419,0.292991616
1554778235897,35.139,121.4,0.00577,0.42,0.29420076
1554778235943,35.185,121.4,0.00577,0.42,0.29420076
1554778235989,35.231,121.4,0.00577,0.42,0.29420076
1554778236037,35.279,121.4,0.00577,0.42,0.29420076
1554778236097,35.339,121.4,0.00576,0.419,0.292991616
1554778236142,35.385,121.4,0.00576,0.419,0.292991616
1554778236188,35.431,121.4,0.00576,0.419,0.292991616
1554778236235,35.477,121.4,0.00576,0.419,0.292991616
1554778236297,35.539,121.5,0.00576,0.421,0.29463264
1554778236343,35.585,121.5,0.00576,0.421,0.29463264
1554778236389,35.631,121.5,0.00576,0.421,0.29463264
1554778236436,35.679,121.5,0.00576,0.421,0.29463264
1554778236497,35.739,121.5,0.00579,0.421,0.296167185
1554778236542,35.784,121.5,0.00579,0.421,0.296167185
1554778236588,35.831,121.5,0.00579,0.421,0.296167185
1554778236635,35.877,121.5,0.00579,0.421,0.296167185
1554778236697,35.939,121.4,0.00577,0.418,0.292799804
1554778236743,35.985,121.4,0.00577,0.418,0.292799804
1554778236789,36.031,121.4,0.00577,0.418,0.292799804
1554778236835,36.077,121.4,0.00577,0.418,0.292799804
1554778236897,36.139,121.4,0.00575,0.421,0.29387905
1554778236942,36.184,121.4,0.00575,0.421,0.29387905
1554778236988,36.231,121.4,0.00575,0.421,0.29387905
1554778237035,36.277,121.4,0.00575,0.421,0.29387905
1554778237097,36.339,121.4,0.00579,0.419,0.294517614
1554778237144,36.386,121.4,0.00579,0.419,0.294517614
1554778237189,36.431,121.4,0.00579,0.419,0.294517614
1554778237236,36.478,121.4,0.00579,0.419,0.294517614
1554778237297,36.539,121.4,0.00581,0.42,0.29624028
1554778237343,36.586,121.4,0.00581,0.42,0.29624028
1554778237390,36.632,121.4,0.00581,0.42,0.29624028
1554778237436,36.678,121.4,0.00581,0.42,0.29624028
1554778237497,36.739,121.4,0.00585,0.42,0.2982798
1554778237543,36.785,121.4,0.00585,0.42,0.2982798
1554778237589,36.831,121.4,0.00585,0.42,0.2982798
1554778237635,36.877,121.4,0.00585,0.42,0.2982798
1554778237696,36.939,121.4,0.00588,0.418,0.298381776
1554778237742,36.984,121.4,0.00588,0.418,0.298381776
1554778237789,37.031,121.4,0.00588,0.418,0.298381776
1554778237835,37.077,121.4,0.00588,0.418,0.298381776
1554778237897,37.139,121.4,0.00589,0.417,0.298174182
1554778237943,37.185,121.4,0.00589,0.417,0.298174182
1554778237989,37.231,121.4,0.00589,0.417,0.298174182
1554778238035,37.277,121.4,0.00589,0.417,0.298174182
1554778238096,37.338,121.4,0.00586,0.42,0.29878968
1554778238142,37.384,121.4,0.00586,0.42,0.29878968
1554778238188,37.43,121.4,0.00586,0.42,0.29878968
1554778238235,37.477,121.4,0.00586,0.42,0.29878968
1554778238297,37.539,121.4,0.00584,0.421,0.298478896
1554778238343,37.585,121.4,0.00584,0.421,0.298478896
1554778238389,37.631,121.4,0.00584,0.421,0.298478896
1554778238435,37.677,121.4,0.00584,0.421,0.298478896
1554778238496,37.738,121.5,0.00586,0.419,0.29832381
1554778238542,37.784,121.5,0.00586,0.419,0.29832381
1554778238588,37.83,121.5,0.00586,0.419,0.29832381
1554778238635,37.877,121.5,0.00586,0.419,0.29832381
1554778238697,37.939,121.5,0.00581,0.421,0.297190215
1554778238743,37.985,121.5,0.00581,0.421,0.297190215
1554778238789,38.031,121.5,0.00581,0.421,0.297190215
1554778238836,38.078,121.5,0.00581,0.421,0.297190215
1554778238897,38.139,121.4,0.00582,0.421,0.297456708
1554778238943,38.185,121.4,0.00582,0.421,0.297456708
1554778238989,38.231,121.4,0.00582,0.421,0.297456708
1554778239035,38.277,121.4,0.00582,0.421,0.297456708
1554778239097,38.339,121.4,0.00584,0.418,0.296351968
1554778239143,38.385,121.4,0.00584,0.418,0.296351968
1554778239189,38.431,121.4,0.00584,0.418,0.296351968
1554778239235,38.477,121.4,0.00584,0.418,0.296351968
1554778239296,38.538,121.4,0.00583,0.419,0.296552278
1554778239342,38.584,121.4,0.00583,0.419,0.296552278
1554778239388,38.63,121.4,0.00583,0.419,0.296552278
1554778239434,38.676,121.4,0.00583,0.419,0.296552278
1554778239497,38.739,121.4,0.00578,0.422,0.296114024
1554778239543,38.785,121.4,0.00578,0.422,0.296114024
1554778239589,38.831,121.4,0.00578,0.422,0.296114024
1554778239635,38.877,121.4,0.00578,0.422,0.296114024
1554778239696,38.938,121.4,0.00579,0.42,0.29522052
1554778239742,38.984,121.4,0.00579,0.42,0.29522052
1554778239788,39.03,121.4,0.00579,0.42,0.29522052
1554778239834,39.076,121.4,0.00579,0.42,0.29522052
1554778239896,39.138,121.4,0.00577,0.42,0.29420076
1554778239942,39.185,121.4,0.00577,0.42,0.29420076
1554778239989,39.231,121.4,0.00577,0.42,0.29420076
1554778240035,39.277,121.4,0.00577,0.42,0.29420076
1554778240096,39.338,121.4,0.00578,0.418,0.293307256
1554778240142,39.384,121.4,0.00578,0.418,0.293307256
1554778240188,39.43,121.4,0.00578,0.418,0.293307256
1554778240234,39.476,121.4,0.00578,0.418,0.293307256
1554778240296,39.538,121.4,0.00583,0.416,0.294428992
1554778240342,39.585,121.4,0.00583,0.416,0.294428992
1554778240388,39.631,121.4,0.00583,0.416,0.294428992
1554778240435,39.677,121.4,0.00583,0.416,0.294428992
1554778240497,39.739,121.5,0.00578,0.418,0.29354886
1554778240543,39.785,121.5,0.00578,0.418,0.29354886
1554778240589,39.831,121.5,0.00578,0.418,0.29354886
1554778240635,39.877,121.5,0.00578,0.418,0.29354886
1554778240696,39.938,121.5,0.00578,0.42,0.2949534
1554778240742,39.984,121.5,0.00578,0.42,0.2949534
1554778240788,40.03,121.5,0.00578,0.42,0.2949534
1554778240834,40.076,121.5,0.00578,0.42,0.2949534
1554778240896,40.139,121.4,0.00578,0.416,0.291903872
1554778240943,40.185,121.4,0.00578,0.416,0.291903872
1554778240989,40.231,121.4,0.00578,0.416,0.291903872
1554778241035,40.277,121.4,0.00578,0.416,0.291903872
1554778241096,40.338,121.4,0.00582,0.417,0.294630516
1554778241142,40.384,121.4,0.00582,0.417,0.294630516
1554778241188,40.43,121.4,0.00582,0.417,0.294630516
1554778241234,40.476,121.4,0.00582,0.417,0.294630516
1554778241296,40.538,121.4,0.00587,0.418,0.297874324
1554778241342,40.584,121.4,0.00587,0.418,0.297874324
1554778241388,40.63,121.4,0.00587,0.418,0.297874324
1554778241435,40.677,121.4,0.00587,0.418,0.297874324
1554778241496,40.738,121.5,0.00644,0.421,0.32941566
1554778241542,40.784,121.5,0.00644,0.421,0.32941566
1554778241588,40.83,121.5,0.00644,0.421,0.32941566
1554778241634,40.876,121.5,0.00644,0.421,0.32941566
1554778241696,40.938,121.5,0.00674,0.425,0.34803675
1554778241742,40.985,121.5,0.00674,0.425,0.34803675
1554778241789,41.031,121.5,0.00674,0.425,0.34803675
1554778241835,41.077,121.5,0.00674,0.425,0.34803675
1554778241896,41.138,121.4,0.00672,0.425,0.3467184
1554778241942,41.184,121.4,0.00672,0.425,0.3467184
1554778241988,41.23,121.4,0.00672,0.425,0.3467184
1554778242034,41.276,121.4,0.00672,0.425,0.3467184
1554778242096,41.338,121.4,0.00679,0.427,0.351978662
1554778242143,41.385,121.4,0.00679,0.427,0.351978662
1554778242189,41.431,121.4,0.00679,0.427,0.351978662
1554778242235,41.477,121.4,0.00679,0.427,0.351978662
You pressed Ctrl+C!
1554778242296,41.538,121.4,0.00676,0.427,0.350423528
