# Mon Apr 08 22:44:40 2019
abstime,time_stamp,volt,curr,pf,mul
1554788680455,0.08,121.0,0.00591,0.424,0.30320664
1554788680503,0.128,121.0,0.00591,0.424,0.30320664
1554788680549,0.174,121.0,0.00591,0.424,0.30320664
1554788680595,0.22,121.0,0.00591,0.424,0.30320664
1554788680644,0.269,121.0,0.0058,0.422,0.2961596
1554788680689,0.314,121.0,0.0058,0.422,0.2961596
1554788680735,0.36,121.0,0.0058,0.422,0.2961596
1554788680781,0.406,121.0,0.0058,0.422,0.2961596
1554788680845,0.47,121.0,0.00576,0.424,0.29551104
1554788680890,0.515,121.0,0.00576,0.424,0.29551104
1554788680936,0.561,121.0,0.00576,0.424,0.29551104
1554788680981,0.606,121.0,0.00576,0.424,0.29551104
1554788681044,0.669,121.0,0.00578,0.423,0.29583774
1554788681090,0.715,121.0,0.00578,0.423,0.29583774
1554788681136,0.761,121.0,0.00578,0.423,0.29583774
1554788681182,0.807,121.0,0.00578,0.423,0.29583774
1554788681244,0.869,121.0,0.00579,0.422,0.29564898
1554788681290,0.915,121.0,0.00579,0.422,0.29564898
1554788681336,0.961,121.0,0.00579,0.422,0.29564898
1554788681382,1.007,121.0,0.00579,0.422,0.29564898
1554788681444,1.069,121.0,0.00582,0.421,0.29647662
1554788681490,1.115,121.0,0.00582,0.421,0.29647662
1554788681536,1.161,121.0,0.00582,0.421,0.29647662
1554788681583,1.208,121.0,0.00582,0.421,0.29647662
1554788681645,1.27,121.0,0.00579,0.422,0.29564898
1554788681691,1.316,121.0,0.00579,0.422,0.29564898
1554788681737,1.362,121.0,0.00579,0.422,0.29564898
1554788681783,1.408,121.0,0.00579,0.422,0.29564898
1554788681844,1.469,120.9,0.00572,0.423,0.292524804
1554788681890,1.515,120.9,0.00572,0.423,0.292524804
1554788681936,1.561,120.9,0.00572,0.423,0.292524804
1554788681982,1.607,120.9,0.00572,0.423,0.292524804
1554788682045,1.67,120.9,0.00574,0.423,0.293547618
1554788682091,1.716,120.9,0.00574,0.423,0.293547618
1554788682137,1.762,120.9,0.00574,0.423,0.293547618
1554788682183,1.808,120.9,0.00574,0.423,0.293547618
1554788682244,1.869,120.9,0.00574,0.422,0.292853652
1554788682290,1.915,120.9,0.00574,0.422,0.292853652
1554788682336,1.961,120.9,0.00574,0.422,0.292853652
1554788682382,2.007,120.9,0.00574,0.422,0.292853652
1554788682444,2.069,120.9,0.00578,0.42,0.29349684
1554788682490,2.115,120.9,0.00578,0.42,0.29349684
1554788682536,2.161,120.9,0.00578,0.42,0.29349684
1554788682582,2.207,120.9,0.00578,0.42,0.29349684
1554788682644,2.269,120.9,0.00579,0.419,0.293304609
1554788682690,2.315,120.9,0.00579,0.419,0.293304609
1554788682736,2.361,120.9,0.00579,0.419,0.293304609
1554788682782,2.407,120.9,0.00579,0.419,0.293304609
1554788682845,2.47,120.9,0.00576,0.421,0.293177664
1554788682891,2.516,120.9,0.00576,0.421,0.293177664
1554788682937,2.562,120.9,0.00576,0.421,0.293177664
1554788682983,2.608,120.9,0.00576,0.421,0.293177664
1554788683044,2.669,120.9,0.00581,0.42,0.29502018
1554788683090,2.715,120.9,0.00581,0.42,0.29502018
1554788683136,2.761,120.9,0.00581,0.42,0.29502018
1554788683182,2.807,120.9,0.00581,0.42,0.29502018
1554788683245,2.87,121.0,0.00584,0.42,0.2967888
1554788683291,2.916,121.0,0.00584,0.42,0.2967888
1554788683337,2.962,121.0,0.00584,0.42,0.2967888
1554788683383,3.008,121.0,0.00584,0.42,0.2967888
1554788683444,3.069,121.0,0.00584,0.421,0.29749544
1554788683489,3.114,121.0,0.00584,0.421,0.29749544
1554788683535,3.16,121.0,0.00584,0.421,0.29749544
1554788683582,3.207,121.0,0.00584,0.421,0.29749544
1554788683644,3.269,121.0,0.00583,0.422,0.29769146
1554788683690,3.315,121.0,0.00583,0.422,0.29769146
1554788683736,3.361,121.0,0.00583,0.422,0.29769146
1554788683782,3.407,121.0,0.00583,0.422,0.29769146
1554788683844,3.469,121.0,0.00584,0.418,0.29537552
1554788683890,3.515,121.0,0.00584,0.418,0.29537552
1554788683936,3.561,121.0,0.00584,0.418,0.29537552
1554788683982,3.607,121.0,0.00584,0.418,0.29537552
1554788684044,3.669,121.0,0.00587,0.42,0.2983134
1554788684089,3.714,121.0,0.00587,0.42,0.2983134
1554788684136,3.761,121.0,0.00587,0.42,0.2983134
1554788684182,3.807,121.0,0.00587,0.42,0.2983134
1554788684244,3.869,121.0,0.00584,0.423,0.29890872
1554788684290,3.915,121.0,0.00584,0.423,0.29890872
1554788684336,3.961,121.0,0.00584,0.423,0.29890872
1554788684382,4.007,121.0,0.00584,0.423,0.29890872
1554788684445,4.07,121.1,0.00581,0.423,0.297618993
1554788684491,4.116,121.1,0.00581,0.423,0.297618993
1554788684537,4.162,121.1,0.00581,0.423,0.297618993
1554788684583,4.208,121.1,0.00581,0.423,0.297618993
1554788684644,4.269,121.1,0.0058,0.424,0.29780912
1554788684690,4.315,121.1,0.0058,0.424,0.29780912
1554788684737,4.362,121.1,0.0058,0.424,0.29780912
1554788684783,4.408,121.1,0.0058,0.424,0.29780912
1554788684844,4.469,121.0,0.00578,0.42,0.2937396
1554788684890,4.515,121.0,0.00578,0.42,0.2937396
1554788684936,4.561,121.0,0.00578,0.42,0.2937396
1554788684982,4.607,121.0,0.00578,0.42,0.2937396
1554788685044,4.669,121.0,0.0058,0.42,0.294756
1554788685089,4.714,121.0,0.0058,0.42,0.294756
1554788685135,4.76,121.0,0.0058,0.42,0.294756
1554788685181,4.806,121.0,0.0058,0.42,0.294756
1554788685244,4.869,121.0,0.00583,0.42,0.2962806
1554788685290,4.915,121.0,0.00583,0.42,0.2962806
1554788685336,4.961,121.0,0.00583,0.42,0.2962806
1554788685382,5.007,121.0,0.00583,0.42,0.2962806
1554788685444,5.069,121.0,0.00578,0.421,0.29443898
1554788685491,5.116,121.0,0.00578,0.421,0.29443898
1554788685537,5.162,121.0,0.00578,0.421,0.29443898
1554788685583,5.208,121.0,0.00578,0.421,0.29443898
1554788685644,5.269,121.0,0.00579,0.421,0.29494839
1554788685690,5.315,121.0,0.00579,0.421,0.29494839
1554788685737,5.362,121.0,0.00579,0.421,0.29494839
1554788685783,5.408,121.0,0.00579,0.421,0.29494839
1554788685844,5.469,121.0,0.00574,0.422,0.29309588
1554788685890,5.515,121.0,0.00574,0.422,0.29309588
1554788685937,5.562,121.0,0.00574,0.422,0.29309588
1554788685983,5.608,121.0,0.00574,0.422,0.29309588
1554788686044,5.669,120.9,0.00577,0.42,0.29298906
1554788686090,5.715,120.9,0.00577,0.42,0.29298906
1554788686136,5.761,120.9,0.00577,0.42,0.29298906
1554788686182,5.807,120.9,0.00577,0.42,0.29298906
1554788686243,5.868,120.9,0.00579,0.418,0.292604598
1554788686289,5.914,120.9,0.00579,0.418,0.292604598
1554788686335,5.96,120.9,0.00579,0.418,0.292604598
1554788686381,6.006,120.9,0.00579,0.418,0.292604598
1554788686444,6.069,120.9,0.00577,0.42,0.29298906
1554788686490,6.115,120.9,0.00577,0.42,0.29298906
1554788686536,6.161,120.9,0.00577,0.42,0.29298906
1554788686582,6.207,120.9,0.00577,0.42,0.29298906
1554788686643,6.268,121.0,0.00575,0.424,0.294998
1554788686689,6.314,121.0,0.00575,0.424,0.294998
1554788686736,6.361,121.0,0.00575,0.424,0.294998
1554788686782,6.407,121.0,0.00575,0.424,0.294998
1554788686844,6.469,120.9,0.00573,0.424,0.293728968
1554788686890,6.515,120.9,0.00573,0.424,0.293728968
1554788686936,6.561,120.9,0.00573,0.424,0.293728968
1554788686983,6.608,120.9,0.00573,0.424,0.293728968
1554788687044,6.669,120.9,0.00577,0.423,0.295081839
1554788687090,6.715,120.9,0.00577,0.423,0.295081839
1554788687136,6.761,120.9,0.00577,0.423,0.295081839
1554788687182,6.807,120.9,0.00577,0.423,0.295081839
1554788687243,6.868,120.9,0.00578,0.423,0.295593246
1554788687289,6.914,120.9,0.00578,0.423,0.295593246
1554788687335,6.96,120.9,0.00578,0.423,0.295593246
1554788687381,7.006,120.9,0.00578,0.423,0.295593246
1554788687444,7.069,121.0,0.0058,0.423,0.2968614
1554788687489,7.114,121.0,0.0058,0.423,0.2968614
1554788687536,7.161,121.0,0.0058,0.423,0.2968614
1554788687582,7.207,121.0,0.0058,0.423,0.2968614
1554788687644,7.269,121.0,0.00581,0.421,0.29596721
1554788687690,7.315,121.0,0.00581,0.421,0.29596721
1554788687736,7.361,121.0,0.00581,0.421,0.29596721
1554788687782,7.407,121.0,0.00581,0.421,0.29596721
1554788687844,7.469,121.0,0.00578,0.424,0.29653712
1554788687890,7.515,121.0,0.00578,0.424,0.29653712
1554788687936,7.561,121.0,0.00578,0.424,0.29653712
1554788687982,7.607,121.0,0.00578,0.424,0.29653712
1554788688043,7.668,121.0,0.00584,0.422,0.29820208
1554788688089,7.714,121.0,0.00584,0.422,0.29820208
1554788688135,7.76,121.0,0.00584,0.422,0.29820208
1554788688181,7.806,121.0,0.00584,0.422,0.29820208
1554788688243,7.868,121.0,0.00585,0.422,0.2987127
1554788688290,7.915,121.0,0.00585,0.422,0.2987127
1554788688336,7.961,121.0,0.00585,0.422,0.2987127
1554788688382,8.007,121.0,0.00585,0.422,0.2987127
1554788688443,8.068,121.1,0.00587,0.421,0.299270797
1554788688489,8.114,121.1,0.00587,0.421,0.299270797
1554788688535,8.16,121.1,0.00587,0.421,0.299270797
1554788688581,8.206,121.1,0.00587,0.421,0.299270797
1554788688644,8.269,121.1,0.00585,0.42,0.2975427
1554788688690,8.315,121.1,0.00585,0.42,0.2975427
1554788688736,8.361,121.1,0.00585,0.42,0.2975427
1554788688782,8.407,121.1,0.00585,0.42,0.2975427
1554788688843,8.468,121.1,0.00583,0.42,0.29652546
1554788688889,8.514,121.1,0.00583,0.42,0.29652546
1554788688935,8.56,121.1,0.00583,0.42,0.29652546
1554788688982,8.607,121.1,0.00583,0.42,0.29652546
1554788689044,8.669,121.1,0.00579,0.422,0.295893318
1554788689090,8.715,121.1,0.00579,0.422,0.295893318
1554788689136,8.761,121.1,0.00579,0.422,0.295893318
1554788689182,8.807,121.1,0.00579,0.422,0.295893318
1554788689243,8.868,121.1,0.00578,0.423,0.296082234
1554788689289,8.914,121.1,0.00578,0.423,0.296082234
1554788689335,8.96,121.1,0.00578,0.423,0.296082234
1554788689382,9.007,121.1,0.00578,0.423,0.296082234
1554788689444,9.069,121.1,0.00578,0.421,0.294682318
1554788689490,9.115,121.1,0.00578,0.421,0.294682318
1554788689536,9.161,121.1,0.00578,0.421,0.294682318
1554788689582,9.207,121.1,0.00578,0.421,0.294682318
1554788689643,9.268,121.1,0.00578,0.42,0.29398236
1554788689689,9.314,121.1,0.00578,0.42,0.29398236
1554788689735,9.36,121.1,0.00578,0.42,0.29398236
1554788689782,9.407,121.1,0.00578,0.42,0.29398236
1554788689844,9.469,121.0,0.00577,0.419,0.29253323
1554788689890,9.515,121.0,0.00577,0.419,0.29253323
1554788689936,9.561,121.0,0.00577,0.419,0.29253323
1554788689982,9.607,121.0,0.00577,0.419,0.29253323
1554788690043,9.668,121.0,0.00577,0.42,0.2932314
1554788690089,9.714,121.0,0.00577,0.42,0.2932314
1554788690135,9.76,121.0,0.00577,0.42,0.2932314
1554788690182,9.807,121.0,0.00577,0.42,0.2932314
1554788690244,9.869,121.0,0.00575,0.419,0.29151925
1554788690290,9.915,121.0,0.00575,0.419,0.29151925
1554788690336,9.961,121.0,0.00575,0.419,0.29151925
1554788690382,10.007,121.0,0.00575,0.419,0.29151925
1554788690443,10.068,121.0,0.00577,0.421,0.29392957
1554788690489,10.114,121.0,0.00577,0.421,0.29392957
1554788690536,10.161,121.0,0.00577,0.421,0.29392957
1554788690582,10.207,121.0,0.00577,0.421,0.29392957
1554788690643,10.268,121.0,0.00574,0.423,0.29379042
1554788690689,10.314,121.0,0.00574,0.423,0.29379042
1554788690735,10.36,121.0,0.00574,0.423,0.29379042
1554788690781,10.406,121.0,0.00574,0.423,0.29379042
1554788690844,10.469,120.9,0.00577,0.421,0.293686653
1554788690890,10.515,120.9,0.00577,0.421,0.293686653
1554788690936,10.561,120.9,0.00577,0.421,0.293686653
1554788690982,10.607,120.9,0.00577,0.421,0.293686653
1554788691043,10.668,120.9,0.0058,0.419,0.29381118
1554788691089,10.714,120.9,0.0058,0.419,0.29381118
1554788691135,10.76,120.9,0.0058,0.419,0.29381118
1554788691182,10.807,120.9,0.0058,0.419,0.29381118
1554788691244,10.869,120.9,0.00581,0.421,0.295722609
1554788691290,10.915,120.9,0.00581,0.421,0.295722609
1554788691336,10.961,120.9,0.00581,0.421,0.295722609
1554788691382,11.007,120.9,0.00581,0.421,0.295722609
1554788691443,11.068,120.9,0.0058,0.424,0.29731728
1554788691489,11.114,120.9,0.0058,0.424,0.29731728
1554788691536,11.161,120.9,0.0058,0.424,0.29731728
1554788691582,11.207,120.9,0.0058,0.424,0.29731728
1554788691643,11.268,121.0,0.00581,0.423,0.29737323
1554788691689,11.314,121.0,0.00581,0.423,0.29737323
1554788691735,11.36,121.0,0.00581,0.423,0.29737323
1554788691781,11.406,121.0,0.00581,0.423,0.29737323
1554788691843,11.468,121.0,0.00577,0.425,0.29672225
1554788691890,11.515,121.0,0.00577,0.425,0.29672225
1554788691936,11.561,121.0,0.00577,0.425,0.29672225
1554788691982,11.607,121.0,0.00577,0.425,0.29672225
1554788692043,11.668,120.9,0.00582,0.422,0.296935236
1554788692089,11.714,120.9,0.00582,0.422,0.296935236
1554788692135,11.76,120.9,0.00582,0.422,0.296935236
1554788692181,11.806,120.9,0.00582,0.422,0.296935236
1554788692243,11.868,121.0,0.00584,0.423,0.29890872
1554788692290,11.915,121.0,0.00584,0.423,0.29890872
1554788692336,11.961,121.0,0.00584,0.423,0.29890872
1554788692382,12.007,121.0,0.00584,0.423,0.29890872
1554788692443,12.068,121.0,0.00583,0.424,0.29910232
1554788692489,12.114,121.0,0.00583,0.424,0.29910232
1554788692535,12.16,121.0,0.00583,0.424,0.29910232
1554788692581,12.206,121.0,0.00583,0.424,0.29910232
1554788692644,12.269,121.1,0.00583,0.42,0.29652546
1554788692690,12.315,121.1,0.00583,0.42,0.29652546
1554788692736,12.361,121.1,0.00583,0.42,0.29652546
1554788692782,12.407,121.1,0.00583,0.42,0.29652546
1554788692843,12.468,121.1,0.00578,0.423,0.296082234
1554788692889,12.514,121.1,0.00578,0.423,0.296082234
1554788692935,12.56,121.1,0.00578,0.423,0.296082234
1554788692981,12.606,121.1,0.00578,0.423,0.296082234
1554788693043,12.668,121.0,0.00576,0.425,0.296208
1554788693088,12.713,121.0,0.00576,0.425,0.296208
1554788693135,12.76,121.0,0.00576,0.425,0.296208
1554788693181,12.806,121.0,0.00576,0.425,0.296208
1554788693243,12.868,121.0,0.00575,0.426,0.2963895
1554788693290,12.915,121.0,0.00575,0.426,0.2963895
1554788693336,12.961,121.0,0.00575,0.426,0.2963895
1554788693382,13.007,121.0,0.00575,0.426,0.2963895
1554788693443,13.068,121.1,0.00577,0.422,0.294871234
1554788693489,13.114,121.1,0.00577,0.422,0.294871234
1554788693535,13.16,121.1,0.00577,0.422,0.294871234
1554788693582,13.207,121.1,0.00577,0.422,0.294871234
1554788693643,13.268,121.1,0.00579,0.419,0.293789811
1554788693689,13.314,121.1,0.00579,0.419,0.293789811
1554788693735,13.36,121.1,0.00579,0.419,0.293789811
1554788693781,13.406,121.1,0.00579,0.419,0.293789811
1554788693844,13.469,121.1,0.00573,0.42,0.29143926
1554788693890,13.515,121.1,0.00573,0.42,0.29143926
1554788693936,13.561,121.1,0.00573,0.42,0.29143926
1554788693982,13.607,121.1,0.00573,0.42,0.29143926
1554788694043,13.668,121.0,0.00573,0.421,0.29189193
1554788694089,13.714,121.0,0.00573,0.421,0.29189193
1554788694135,13.76,121.0,0.00573,0.421,0.29189193
1554788694181,13.806,121.0,0.00573,0.421,0.29189193
1554788694242,13.867,121.0,0.00573,0.421,0.29189193
1554788694288,13.913,121.0,0.00573,0.421,0.29189193
1554788694334,13.959,121.0,0.00573,0.421,0.29189193
1554788694381,14.006,121.0,0.00573,0.421,0.29189193
1554788694443,14.068,121.0,0.00578,0.42,0.2937396
1554788694489,14.114,121.0,0.00578,0.42,0.2937396
1554788694535,14.16,121.0,0.00578,0.42,0.2937396
1554788694581,14.206,121.0,0.00578,0.42,0.2937396
1554788694642,14.267,121.0,0.00576,0.421,0.29342016
1554788694689,14.314,121.0,0.00576,0.421,0.29342016
1554788694735,14.36,121.0,0.00576,0.421,0.29342016
1554788694781,14.406,121.0,0.00576,0.421,0.29342016
1554788694843,14.468,121.0,0.00576,0.421,0.29342016
1554788694889,14.514,121.0,0.00576,0.421,0.29342016
1554788694935,14.56,121.0,0.00576,0.421,0.29342016
1554788694981,14.606,121.0,0.00576,0.421,0.29342016
1554788695042,14.667,120.9,0.00576,0.42,0.29248128
1554788695088,14.713,120.9,0.00576,0.42,0.29248128
1554788695135,14.76,120.9,0.00576,0.42,0.29248128
1554788695181,14.806,120.9,0.00576,0.42,0.29248128
1554788695243,14.868,120.9,0.0058,0.423,0.29661606
1554788695289,14.914,120.9,0.0058,0.423,0.29661606
1554788695335,14.96,120.9,0.0058,0.423,0.29661606
1554788695381,15.006,120.9,0.0058,0.423,0.29661606
1554788695442,15.067,120.9,0.00582,0.423,0.297638874
1554788695489,15.114,120.9,0.00582,0.423,0.297638874
1554788695535,15.16,120.9,0.00582,0.423,0.297638874
1554788695581,15.206,120.9,0.00582,0.423,0.297638874
1554788695643,15.268,121.0,0.00581,0.422,0.29667022
1554788695689,15.314,121.0,0.00581,0.422,0.29667022
1554788695735,15.36,121.0,0.00581,0.422,0.29667022
1554788695781,15.406,121.0,0.00581,0.422,0.29667022
1554788695842,15.467,121.0,0.00583,0.419,0.29557517
1554788695888,15.513,121.0,0.00583,0.419,0.29557517
1554788695934,15.559,121.0,0.00583,0.419,0.29557517
1554788695980,15.605,121.0,0.00583,0.419,0.29557517
1554788696043,15.668,121.0,0.00589,0.419,0.29861711
1554788696089,15.714,121.0,0.00589,0.419,0.29861711
1554788696135,15.76,121.0,0.00589,0.419,0.29861711
1554788696181,15.806,121.0,0.00589,0.419,0.29861711
1554788696242,15.867,121.0,0.00587,0.417,0.29618259
1554788696288,15.913,121.0,0.00587,0.417,0.29618259
1554788696334,15.959,121.0,0.00587,0.417,0.29618259
1554788696380,16.005,121.0,0.00587,0.417,0.29618259
1554788696443,16.068,121.0,0.00587,0.421,0.29902367
1554788696489,16.114,121.0,0.00587,0.421,0.29902367
1554788696535,16.16,121.0,0.00587,0.421,0.29902367
1554788696581,16.206,121.0,0.00587,0.421,0.29902367
1554788696643,16.268,121.1,0.00581,0.423,0.297618993
1554788696689,16.314,121.1,0.00581,0.423,0.297618993
1554788696735,16.36,121.1,0.00581,0.423,0.297618993
1554788696781,16.406,121.1,0.00581,0.423,0.297618993
1554788696842,16.467,121.0,0.00577,0.425,0.29672225
1554788696888,16.513,121.0,0.00577,0.425,0.29672225
1554788696934,16.559,121.0,0.00577,0.425,0.29672225
1554788696980,16.605,121.0,0.00577,0.425,0.29672225
1554788697043,16.668,121.0,0.00577,0.425,0.29672225
1554788697089,16.714,121.0,0.00577,0.425,0.29672225
1554788697135,16.76,121.0,0.00577,0.425,0.29672225
1554788697181,16.806,121.0,0.00577,0.425,0.29672225
1554788697243,16.868,121.0,0.00576,0.424,0.29551104
1554788697289,16.914,121.0,0.00576,0.424,0.29551104
1554788697335,16.96,121.0,0.00576,0.424,0.29551104
1554788697382,17.007,121.0,0.00576,0.424,0.29551104
1554788697443,17.068,121.1,0.00577,0.423,0.295569981
1554788697489,17.114,121.1,0.00577,0.423,0.295569981
1554788697535,17.16,121.1,0.00577,0.423,0.295569981
1554788697581,17.206,121.1,0.00577,0.423,0.295569981
1554788697642,17.267,121.1,0.00575,0.422,0.29384915
1554788697688,17.313,121.1,0.00575,0.422,0.29384915
1554788697734,17.359,121.1,0.00575,0.422,0.29384915
1554788697780,17.405,121.1,0.00575,0.422,0.29384915
1554788697843,17.468,121.1,0.00572,0.421,0.291623332
1554788697889,17.514,121.1,0.00572,0.421,0.291623332
1554788697935,17.56,121.1,0.00572,0.421,0.291623332
1554788697981,17.606,121.1,0.00572,0.421,0.291623332
1554788698042,17.667,121.0,0.00572,0.422,0.29207464
1554788698088,17.713,121.0,0.00572,0.422,0.29207464
1554788698134,17.759,121.0,0.00572,0.422,0.29207464
1554788698180,17.805,121.0,0.00572,0.422,0.29207464
1554788698243,17.868,121.0,0.00571,0.421,0.29087311
1554788698289,17.914,121.0,0.00571,0.421,0.29087311
1554788698335,17.96,121.0,0.00571,0.421,0.29087311
1554788698381,18.006,121.0,0.00571,0.421,0.29087311
1554788698442,18.067,121.0,0.00574,0.422,0.29309588
1554788698488,18.113,121.0,0.00574,0.422,0.29309588
1554788698534,18.159,121.0,0.00574,0.422,0.29309588
1554788698580,18.205,121.0,0.00574,0.422,0.29309588
1554788698643,18.268,121.0,0.00577,0.42,0.2932314
1554788698689,18.314,121.0,0.00577,0.42,0.2932314
1554788698735,18.36,121.0,0.00577,0.42,0.2932314
1554788698781,18.406,121.0,0.00577,0.42,0.2932314
1554788698842,18.467,121.0,0.00578,0.418,0.29234084
1554788698888,18.513,121.0,0.00578,0.418,0.29234084
1554788698934,18.559,121.0,0.00578,0.418,0.29234084
1554788698980,18.605,121.0,0.00578,0.418,0.29234084
1554788699043,18.668,120.9,0.00576,0.421,0.293177664
1554788699089,18.714,120.9,0.00576,0.421,0.293177664
1554788699135,18.76,120.9,0.00576,0.421,0.293177664
1554788699181,18.806,120.9,0.00576,0.421,0.293177664
1554788699242,18.867,120.9,0.00575,0.424,0.2947542
1554788699288,18.913,120.9,0.00575,0.424,0.2947542
1554788699334,18.959,120.9,0.00575,0.424,0.2947542
1554788699380,19.005,120.9,0.00575,0.424,0.2947542
1554788699443,19.068,120.9,0.00579,0.423,0.296104653
1554788699489,19.114,120.9,0.00579,0.423,0.296104653
1554788699535,19.16,120.9,0.00579,0.423,0.296104653
1554788699581,19.206,120.9,0.00579,0.423,0.296104653
1554788699642,19.267,120.9,0.00582,0.421,0.296231598
1554788699688,19.313,120.9,0.00582,0.421,0.296231598
1554788699734,19.359,120.9,0.00582,0.421,0.296231598
1554788699781,19.406,120.9,0.00582,0.421,0.296231598
1554788699843,19.468,120.9,0.00584,0.419,0.295837464
1554788699889,19.514,120.9,0.00584,0.419,0.295837464
1554788699935,19.56,120.9,0.00584,0.419,0.295837464
1554788699981,19.606,120.9,0.00584,0.419,0.295837464
1554788700042,19.667,120.9,0.00586,0.419,0.296850606
1554788700088,19.713,120.9,0.00586,0.419,0.296850606
1554788700134,19.76,120.9,0.00586,0.419,0.296850606
1554788700181,19.806,120.9,0.00586,0.419,0.296850606
1554788700242,19.867,120.9,0.00584,0.42,0.29654352
1554788700288,19.913,120.9,0.00584,0.42,0.29654352
1554788700334,19.959,120.9,0.00584,0.42,0.29654352
1554788700380,20.005,120.9,0.00584,0.42,0.29654352
1554788700442,20.067,120.9,0.00587,0.422,0.299486226
1554788700488,20.113,120.9,0.00587,0.422,0.299486226
1554788700534,20.159,120.9,0.00587,0.422,0.299486226
1554788700581,20.206,120.9,0.00587,0.422,0.299486226
1554788700642,20.267,121.0,0.00587,0.419,0.29760313
1554788700688,20.313,121.0,0.00587,0.419,0.29760313
1554788700734,20.359,121.0,0.00587,0.419,0.29760313
1554788700780,20.405,121.0,0.00587,0.419,0.29760313
1554788700842,20.467,121.0,0.00582,0.421,0.29647662
1554788700888,20.513,121.0,0.00582,0.421,0.29647662
1554788700934,20.559,121.0,0.00582,0.421,0.29647662
1554788700980,20.605,121.0,0.00582,0.421,0.29647662
1554788701043,20.668,120.9,0.00579,0.421,0.294704631
1554788701089,20.714,120.9,0.00579,0.421,0.294704631
1554788701135,20.76,120.9,0.00579,0.421,0.294704631
1554788701181,20.806,120.9,0.00579,0.421,0.294704631
1554788701242,20.867,120.9,0.00582,0.419,0.294824322
1554788701288,20.913,120.9,0.00582,0.419,0.294824322
1554788701335,20.96,120.9,0.00582,0.419,0.294824322
1554788701381,21.006,120.9,0.00582,0.419,0.294824322
1554788701442,21.067,121.0,0.00586,0.416,0.29496896
1554788701488,21.113,121.0,0.00586,0.416,0.29496896
1554788701534,21.159,121.0,0.00586,0.416,0.29496896
1554788701580,21.205,121.0,0.00586,0.416,0.29496896
1554788701642,21.267,121.0,0.00582,0.418,0.29436396
1554788701688,21.313,121.0,0.00582,0.418,0.29436396
1554788701735,21.36,121.0,0.00582,0.418,0.29436396
1554788701781,21.406,121.0,0.00582,0.418,0.29436396
1554788701842,21.467,121.0,0.00577,0.419,0.29253323
1554788701888,21.513,121.0,0.00577,0.419,0.29253323
1554788701934,21.559,121.0,0.00577,0.419,0.29253323
1554788701980,21.605,121.0,0.00577,0.419,0.29253323
1554788702043,21.668,121.0,0.00575,0.42,0.292215
1554788702089,21.714,121.0,0.00575,0.42,0.292215
1554788702135,21.76,121.0,0.00575,0.42,0.292215
1554788702181,21.806,121.0,0.00575,0.42,0.292215
1554788702242,21.867,121.0,0.00574,0.422,0.29309588
1554788702288,21.913,121.0,0.00574,0.422,0.29309588
1554788702334,21.959,121.0,0.00574,0.422,0.29309588
1554788702380,22.005,121.0,0.00574,0.422,0.29309588
1554788702443,22.068,121.0,0.00575,0.424,0.294998
1554788702489,22.114,121.0,0.00575,0.424,0.294998
1554788702535,22.16,121.0,0.00575,0.424,0.294998
1554788702581,22.206,121.0,0.00575,0.424,0.294998
1554788702642,22.267,121.0,0.00577,0.422,0.29462774
1554788702688,22.313,121.0,0.00577,0.422,0.29462774
1554788702734,22.359,121.0,0.00577,0.422,0.29462774
1554788702780,22.405,121.0,0.00577,0.422,0.29462774
1554788702843,22.468,121.0,0.00574,0.42,0.2917068
1554788702888,22.513,121.0,0.00574,0.42,0.2917068
1554788702935,22.56,121.0,0.00574,0.42,0.2917068
1554788702981,22.606,121.0,0.00574,0.42,0.2917068
1554788703042,22.667,121.0,0.00576,0.421,0.29342016
1554788703088,22.713,121.0,0.00576,0.421,0.29342016
1554788703134,22.759,121.0,0.00576,0.421,0.29342016
1554788703180,22.805,121.0,0.00576,0.421,0.29342016
1554788703242,22.867,120.9,0.0058,0.419,0.29381118
1554788703288,22.913,120.9,0.0058,0.419,0.29381118
1554788703335,22.96,120.9,0.0058,0.419,0.29381118
1554788703381,23.006,120.9,0.0058,0.419,0.29381118
1554788703442,23.067,120.9,0.00579,0.422,0.295404642
1554788703487,23.112,120.9,0.00579,0.422,0.295404642
1554788703534,23.159,120.9,0.00579,0.422,0.295404642
1554788703580,23.205,120.9,0.00579,0.422,0.295404642
1554788703642,23.267,120.9,0.0058,0.42,0.2945124
1554788703688,23.313,120.9,0.0058,0.42,0.2945124
1554788703734,23.359,120.9,0.0058,0.42,0.2945124
1554788703781,23.406,120.9,0.0058,0.42,0.2945124
1554788703842,23.467,120.9,0.00585,0.42,0.2970513
1554788703888,23.513,120.9,0.00585,0.42,0.2970513
1554788703934,23.559,120.9,0.00585,0.42,0.2970513
1554788703980,23.605,120.9,0.00585,0.42,0.2970513
1554788704041,23.666,120.9,0.00586,0.419,0.296850606
1554788704087,23.712,120.9,0.00586,0.419,0.296850606
1554788704133,23.758,120.9,0.00586,0.419,0.296850606
1554788704179,23.804,120.9,0.00586,0.419,0.296850606
1554788704242,23.867,120.9,0.00583,0.422,0.297445434
1554788704288,23.913,120.9,0.00583,0.422,0.297445434
1554788704334,23.959,120.9,0.00583,0.422,0.297445434
1554788704380,24.005,120.9,0.00583,0.422,0.297445434
1554788704442,24.067,120.9,0.00581,0.422,0.296425038
1554788704489,24.114,120.9,0.00581,0.422,0.296425038
1554788704535,24.16,120.9,0.00581,0.422,0.296425038
1554788704581,24.206,120.9,0.00581,0.422,0.296425038
1554788704642,24.267,121.0,0.00581,0.424,0.29807624
1554788704688,24.313,121.0,0.00581,0.424,0.29807624
1554788704734,24.359,121.0,0.00581,0.424,0.29807624
1554788704780,24.405,121.0,0.00581,0.424,0.29807624
1554788704841,24.466,121.0,0.00578,0.423,0.29583774
1554788704887,24.512,121.0,0.00578,0.423,0.29583774
1554788704933,24.558,121.0,0.00578,0.423,0.29583774
1554788704980,24.605,121.0,0.00578,0.423,0.29583774
1554788705042,24.667,121.0,0.00578,0.42,0.2937396
1554788705088,24.713,121.0,0.00578,0.42,0.2937396
1554788705134,24.759,121.0,0.00578,0.42,0.2937396
1554788705180,24.805,121.0,0.00578,0.42,0.2937396
1554788705241,24.866,121.0,0.00579,0.422,0.29564898
1554788705287,24.912,121.0,0.00579,0.422,0.29564898
1554788705333,24.958,121.0,0.00579,0.422,0.29564898
1554788705380,25.005,121.0,0.00579,0.422,0.29564898
1554788705442,25.067,121.0,0.00579,0.422,0.29564898
1554788705488,25.113,121.0,0.00579,0.422,0.29564898
1554788705534,25.159,121.0,0.00579,0.422,0.29564898
1554788705580,25.205,121.0,0.00579,0.422,0.29564898
1554788705641,25.266,121.0,0.00579,0.421,0.29494839
1554788705687,25.312,121.0,0.00579,0.421,0.29494839
1554788705733,25.358,121.0,0.00579,0.421,0.29494839
1554788705779,25.404,121.0,0.00579,0.421,0.29494839
1554788705842,25.467,121.0,0.00575,0.421,0.29291075
1554788705888,25.513,121.0,0.00575,0.421,0.29291075
1554788705934,25.559,121.0,0.00575,0.421,0.29291075
1554788705980,25.605,121.0,0.00575,0.421,0.29291075
1554788706041,25.666,121.0,0.00573,0.425,0.29466525
1554788706087,25.712,121.0,0.00573,0.425,0.29466525
1554788706133,25.758,121.0,0.00573,0.425,0.29466525
1554788706179,25.804,121.0,0.00573,0.425,0.29466525
1554788706241,25.866,121.0,0.00577,0.42,0.2932314
1554788706288,25.913,121.0,0.00577,0.42,0.2932314
1554788706334,25.959,121.0,0.00577,0.42,0.2932314
1554788706380,26.005,121.0,0.00577,0.42,0.2932314
1554788706441,26.066,121.0,0.00579,0.417,0.29214603
1554788706487,26.112,121.0,0.00579,0.417,0.29214603
1554788706534,26.159,121.0,0.00579,0.417,0.29214603
1554788706581,26.206,121.0,0.00579,0.417,0.29214603
1554788706642,26.267,121.0,0.00578,0.419,0.29304022
1554788706688,26.313,121.0,0.00578,0.419,0.29304022
1554788706734,26.359,121.0,0.00578,0.419,0.29304022
1554788706780,26.405,121.0,0.00578,0.419,0.29304022
1554788706841,26.466,121.0,0.00575,0.42,0.292215
1554788706887,26.512,121.0,0.00575,0.42,0.292215
1554788706933,26.558,121.0,0.00575,0.42,0.292215
1554788706979,26.604,121.0,0.00575,0.42,0.292215
1554788707042,26.667,121.0,0.00576,0.42,0.2927232
1554788707088,26.713,121.0,0.00576,0.42,0.2927232
1554788707134,26.759,121.0,0.00576,0.42,0.2927232
1554788707180,26.805,121.0,0.00576,0.42,0.2927232
1554788707241,26.866,121.0,0.0058,0.419,0.2940542
1554788707287,26.912,121.0,0.0058,0.419,0.2940542
1554788707333,26.958,121.0,0.0058,0.419,0.2940542
1554788707380,27.005,121.0,0.0058,0.419,0.2940542
1554788707442,27.067,120.9,0.00579,0.42,0.29400462
1554788707488,27.113,120.9,0.00579,0.42,0.29400462
1554788707534,27.159,120.9,0.00579,0.42,0.29400462
1554788707580,27.205,120.9,0.00579,0.42,0.29400462
1554788707641,27.266,121.0,0.00583,0.422,0.29769146
1554788707687,27.312,121.0,0.00583,0.422,0.29769146
1554788707734,27.359,121.0,0.00583,0.422,0.29769146
1554788707780,27.405,121.0,0.00583,0.422,0.29769146
1554788707842,27.467,120.9,0.00582,0.42,0.29552796
1554788707888,27.513,120.9,0.00582,0.42,0.29552796
1554788707934,27.559,120.9,0.00582,0.42,0.29552796
1554788707980,27.605,120.9,0.00582,0.42,0.29552796
1554788708041,27.666,120.9,0.00581,0.422,0.296425038
1554788708087,27.712,120.9,0.00581,0.422,0.296425038
1554788708134,27.759,120.9,0.00581,0.422,0.296425038
1554788708180,27.805,120.9,0.00581,0.422,0.296425038
1554788708241,27.866,120.9,0.00584,0.424,0.299367744
1554788708287,27.912,120.9,0.00584,0.424,0.299367744
1554788708333,27.958,120.9,0.00584,0.424,0.299367744
1554788708379,28.004,120.9,0.00584,0.424,0.299367744
1554788708442,28.067,120.9,0.00583,0.423,0.298150281
1554788708488,28.113,120.9,0.00583,0.423,0.298150281
1554788708534,28.159,120.9,0.00583,0.423,0.298150281
1554788708580,28.205,120.9,0.00583,0.423,0.298150281
1554788708641,28.266,120.9,0.00584,0.422,0.297955632
1554788708687,28.312,120.9,0.00584,0.422,0.297955632
1554788708733,28.358,120.9,0.00584,0.422,0.297955632
1554788708780,28.405,120.9,0.00584,0.422,0.297955632
1554788708842,28.467,120.9,0.00586,0.42,0.29755908
1554788708888,28.513,120.9,0.00586,0.42,0.29755908
1554788708934,28.559,120.9,0.00586,0.42,0.29755908
1554788708980,28.605,120.9,0.00586,0.42,0.29755908
1554788709041,28.666,120.9,0.00578,0.423,0.295593246
1554788709087,28.712,120.9,0.00578,0.423,0.295593246
1554788709134,28.759,120.9,0.00578,0.423,0.295593246
1554788709180,28.805,120.9,0.00578,0.423,0.295593246
1554788709242,28.867,120.9,0.00577,0.423,0.295081839
1554788709288,28.913,120.9,0.00577,0.423,0.295081839
1554788709334,28.959,120.9,0.00577,0.423,0.295081839
1554788709380,29.005,120.9,0.00577,0.423,0.295081839
1554788709442,29.067,121.0,0.00579,0.424,0.29705016
1554788709488,29.113,121.0,0.00579,0.424,0.29705016
1554788709534,29.159,121.0,0.00579,0.424,0.29705016
1554788709580,29.205,121.0,0.00579,0.424,0.29705016
1554788709641,29.266,121.0,0.00579,0.424,0.29705016
1554788709687,29.312,121.0,0.00579,0.424,0.29705016
1554788709733,29.358,121.0,0.00579,0.424,0.29705016
1554788709780,29.405,121.0,0.00579,0.424,0.29705016
1554788709841,29.466,121.0,0.00573,0.423,0.29327859
1554788709887,29.512,121.0,0.00573,0.423,0.29327859
1554788709933,29.558,121.0,0.00573,0.423,0.29327859
1554788709979,29.604,121.0,0.00573,0.423,0.29327859
1554788710041,29.666,121.0,0.00572,0.423,0.29276676
1554788710087,29.712,121.0,0.00572,0.423,0.29276676
1554788710133,29.758,121.0,0.00572,0.423,0.29276676
1554788710179,29.804,121.0,0.00572,0.423,0.29276676
1554788710242,29.867,121.0,0.00572,0.42,0.2906904
1554788710288,29.913,121.0,0.00572,0.42,0.2906904
1554788710334,29.959,121.0,0.00572,0.42,0.2906904
1554788710380,30.005,121.0,0.00572,0.42,0.2906904
1554788710441,30.066,121.0,0.00572,0.421,0.29138252
1554788710487,30.112,121.0,0.00572,0.421,0.29138252
1554788710533,30.158,121.0,0.00572,0.421,0.29138252
1554788710579,30.204,121.0,0.00572,0.421,0.29138252
1554788710642,30.267,121.0,0.00575,0.423,0.29430225
1554788710688,30.313,121.0,0.00575,0.423,0.29430225
1554788710734,30.359,121.0,0.00575,0.423,0.29430225
1554788710780,30.405,121.0,0.00575,0.423,0.29430225
1554788710841,30.466,121.1,0.00574,0.422,0.293338108
1554788710887,30.512,121.1,0.00574,0.422,0.293338108
1554788710933,30.558,121.1,0.00574,0.422,0.293338108
1554788710979,30.604,121.1,0.00574,0.422,0.293338108
1554788711042,30.667,121.0,0.00575,0.419,0.29151925
1554788711088,30.713,121.0,0.00575,0.419,0.29151925
1554788711134,30.759,121.0,0.00575,0.419,0.29151925
1554788711180,30.805,121.0,0.00575,0.419,0.29151925
1554788711241,30.866,121.0,0.00582,0.42,0.2957724
1554788711287,30.912,121.0,0.00582,0.42,0.2957724
1554788711333,30.958,121.0,0.00582,0.42,0.2957724
1554788711380,31.005,121.0,0.00582,0.42,0.2957724
1554788711441,31.066,120.9,0.0058,0.419,0.29381118
1554788711487,31.112,120.9,0.0058,0.419,0.29381118
1554788711533,31.158,120.9,0.0058,0.419,0.29381118
1554788711579,31.204,120.9,0.0058,0.419,0.29381118
1554788711642,31.267,121.0,0.00582,0.421,0.29647662
1554788711688,31.313,121.0,0.00582,0.421,0.29647662
1554788711734,31.359,121.0,0.00582,0.421,0.29647662
1554788711780,31.405,121.0,0.00582,0.421,0.29647662
1554788711841,31.466,121.0,0.00582,0.421,0.29647662
1554788711887,31.512,121.0,0.00582,0.421,0.29647662
1554788711933,31.558,121.0,0.00582,0.421,0.29647662
1554788711979,31.604,121.0,0.00582,0.421,0.29647662
1554788712041,31.666,121.0,0.00581,0.421,0.29596721
1554788712086,31.711,121.0,0.00581,0.421,0.29596721
1554788712133,31.758,121.0,0.00581,0.421,0.29596721
1554788712179,31.804,121.0,0.00581,0.421,0.29596721
1554788712241,31.866,120.9,0.00583,0.421,0.296740587
1554788712287,31.912,120.9,0.00583,0.421,0.296740587
1554788712333,31.958,120.9,0.00583,0.421,0.296740587
1554788712379,32.004,120.9,0.00583,0.421,0.296740587
1554788712441,32.066,120.9,0.00583,0.422,0.297445434
1554788712488,32.113,120.9,0.00583,0.422,0.297445434
1554788712534,32.159,120.9,0.00583,0.422,0.297445434
1554788712580,32.205,120.9,0.00583,0.422,0.297445434
1554788712641,32.266,120.9,0.00585,0.421,0.297758565
1554788712687,32.312,120.9,0.00585,0.421,0.297758565
1554788712734,32.359,120.9,0.00585,0.421,0.297758565
1554788712780,32.405,120.9,0.00585,0.421,0.297758565
1554788712841,32.466,120.9,0.00578,0.421,0.294195642
1554788712887,32.512,120.9,0.00578,0.421,0.294195642
1554788712933,32.558,120.9,0.00578,0.421,0.294195642
1554788712979,32.604,120.9,0.00578,0.421,0.294195642
1554788713041,32.666,120.9,0.00579,0.42,0.29400462
1554788713088,32.713,120.9,0.00579,0.42,0.29400462
1554788713134,32.759,120.9,0.00579,0.42,0.29400462
1554788713180,32.805,120.9,0.00579,0.42,0.29400462
1554788713241,32.866,120.9,0.00581,0.421,0.295722609
1554788713287,32.912,120.9,0.00581,0.421,0.295722609
1554788713333,32.958,120.9,0.00581,0.421,0.295722609
1554788713380,33.005,120.9,0.00581,0.421,0.295722609
1554788713441,33.066,120.9,0.00583,0.421,0.296740587
1554788713486,33.111,120.9,0.00583,0.421,0.296740587
1554788713533,33.158,120.9,0.00583,0.421,0.296740587
1554788713579,33.204,120.9,0.00583,0.421,0.296740587
1554788713641,33.266,121.0,0.00584,0.416,0.29396224
1554788713687,33.312,121.0,0.00584,0.416,0.29396224
1554788713733,33.358,121.0,0.00584,0.416,0.29396224
1554788713779,33.404,121.0,0.00584,0.416,0.29396224
1554788713840,33.465,121.0,0.00578,0.42,0.2937396
1554788713886,33.511,121.0,0.00578,0.42,0.2937396
1554788713932,33.557,121.0,0.00578,0.42,0.2937396
1554788713978,33.603,121.0,0.00578,0.42,0.2937396
1554788714041,33.666,121.0,0.00573,0.421,0.29189193
1554788714087,33.712,121.0,0.00573,0.421,0.29189193
1554788714133,33.758,121.0,0.00573,0.421,0.29189193
1554788714179,33.804,121.0,0.00573,0.421,0.29189193
1554788714240,33.865,121.0,0.0057,0.422,0.2910534
1554788714286,33.911,121.0,0.0057,0.422,0.2910534
1554788714332,33.957,121.0,0.0057,0.422,0.2910534
1554788714378,34.003,121.0,0.0057,0.422,0.2910534
1554788714441,34.066,121.0,0.00572,0.425,0.294151
1554788714487,34.112,121.0,0.00572,0.425,0.294151
1554788714533,34.158,121.0,0.00572,0.425,0.294151
1554788714579,34.204,121.0,0.00572,0.425,0.294151
1554788714640,34.265,121.1,0.00572,0.423,0.293008716
1554788714686,34.311,121.1,0.00572,0.423,0.293008716
1554788714732,34.357,121.1,0.00572,0.423,0.293008716
1554788714778,34.403,121.1,0.00572,0.423,0.293008716
1554788714840,34.465,121.1,0.0057,0.426,0.29405502
1554788714886,34.511,121.1,0.0057,0.426,0.29405502
1554788714932,34.557,121.1,0.0057,0.426,0.29405502
1554788714979,34.604,121.1,0.0057,0.426,0.29405502
1554788715041,34.666,121.0,0.00569,0.424,0.29191976
1554788715087,34.712,121.0,0.00569,0.424,0.29191976
1554788715133,34.758,121.0,0.00569,0.424,0.29191976
1554788715179,34.804,121.0,0.00569,0.424,0.29191976
1554788715240,34.865,121.0,0.00572,0.425,0.294151
1554788715286,34.911,121.0,0.00572,0.425,0.294151
1554788715332,34.957,121.0,0.00572,0.425,0.294151
1554788715378,35.003,121.0,0.00572,0.425,0.294151
1554788715441,35.066,121.0,0.00575,0.425,0.29569375
1554788715487,35.112,121.0,0.00575,0.425,0.29569375
1554788715533,35.158,121.0,0.00575,0.425,0.29569375
1554788715579,35.204,121.0,0.00575,0.425,0.29569375
1554788715640,35.265,121.0,0.00578,0.424,0.29653712
1554788715686,35.311,121.0,0.00578,0.424,0.29653712
1554788715732,35.357,121.0,0.00578,0.424,0.29653712
1554788715778,35.403,121.0,0.00578,0.424,0.29653712
1554788715841,35.466,121.0,0.0058,0.423,0.2968614
1554788715887,35.512,121.0,0.0058,0.423,0.2968614
1554788715933,35.558,121.0,0.0058,0.423,0.2968614
1554788715979,35.604,121.0,0.0058,0.423,0.2968614
1554788716041,35.666,120.9,0.00579,0.425,0.297504675
1554788716087,35.712,120.9,0.00579,0.425,0.297504675
1554788716133,35.758,120.9,0.00579,0.425,0.297504675
1554788716179,35.804,120.9,0.00579,0.425,0.297504675
1554788716240,35.865,120.9,0.00581,0.423,0.297127467
1554788716287,35.912,120.9,0.00581,0.423,0.297127467
1554788716333,35.958,120.9,0.00581,0.423,0.297127467
1554788716379,36.004,120.9,0.00581,0.423,0.297127467
1554788716440,36.065,120.9,0.00582,0.422,0.296935236
1554788716486,36.111,120.9,0.00582,0.422,0.296935236
1554788716532,36.157,120.9,0.00582,0.422,0.296935236
1554788716578,36.203,120.9,0.00582,0.422,0.296935236
1554788716641,36.266,120.9,0.00579,0.425,0.297504675
1554788716687,36.312,120.9,0.00579,0.425,0.297504675
1554788716733,36.358,120.9,0.00579,0.425,0.297504675
1554788716779,36.404,120.9,0.00579,0.425,0.297504675
1554788716840,36.465,120.9,0.00577,0.426,0.297174618
1554788716886,36.511,120.9,0.00577,0.426,0.297174618
1554788716932,36.557,120.9,0.00577,0.426,0.297174618
1554788716978,36.603,120.9,0.00577,0.426,0.297174618
1554788717040,36.665,120.9,0.00575,0.424,0.2947542
1554788717087,36.712,120.9,0.00575,0.424,0.2947542
1554788717133,36.758,120.9,0.00575,0.424,0.2947542
1554788717179,36.804,120.9,0.00575,0.424,0.2947542
1554788717241,36.866,120.8,0.00574,0.423,0.293304816
1554788717287,36.912,120.8,0.00574,0.423,0.293304816
1554788717333,36.958,120.8,0.00574,0.423,0.293304816
1554788717379,37.004,120.8,0.00574,0.423,0.293304816
1554788717440,37.065,120.9,0.00576,0.424,0.295266816
1554788717487,37.112,120.9,0.00576,0.424,0.295266816
1554788717533,37.158,120.9,0.00576,0.424,0.295266816
1554788717579,37.204,120.9,0.00576,0.424,0.295266816
1554788717640,37.265,120.9,0.00575,0.424,0.2947542
1554788717686,37.311,120.9,0.00575,0.424,0.2947542
1554788717732,37.357,120.9,0.00575,0.424,0.2947542
1554788717778,37.403,120.9,0.00575,0.424,0.2947542
1554788717841,37.466,120.9,0.00577,0.424,0.295779432
1554788717887,37.512,120.9,0.00577,0.424,0.295779432
1554788717933,37.558,120.9,0.00577,0.424,0.295779432
1554788717979,37.604,120.9,0.00577,0.424,0.295779432
1554788718040,37.665,120.9,0.00571,0.424,0.292703736
1554788718086,37.711,120.9,0.00571,0.424,0.292703736
1554788718132,37.757,120.9,0.00571,0.424,0.292703736
1554788718178,37.803,120.9,0.00571,0.424,0.292703736
1554788718241,37.866,120.9,0.00572,0.421,0.291141708
1554788718287,37.912,120.9,0.00572,0.421,0.291141708
1554788718333,37.958,120.9,0.00572,0.421,0.291141708
1554788718379,38.004,120.9,0.00572,0.421,0.291141708
1554788718441,38.066,120.9,0.00573,0.425,0.294421725
1554788718487,38.112,120.9,0.00573,0.425,0.294421725
1554788718533,38.158,120.9,0.00573,0.425,0.294421725
1554788718579,38.204,120.9,0.00573,0.425,0.294421725
1554788718642,38.267,121.0,0.00575,0.422,0.2936065
1554788718688,38.313,121.0,0.00575,0.422,0.2936065
1554788718734,38.359,121.0,0.00575,0.422,0.2936065
1554788718780,38.405,121.0,0.00575,0.422,0.2936065
1554788718841,38.466,121.0,0.00575,0.422,0.2936065
1554788718887,38.512,121.0,0.00575,0.422,0.2936065
1554788718934,38.559,121.0,0.00575,0.422,0.2936065
1554788718980,38.605,121.0,0.00575,0.422,0.2936065
1554788719041,38.666,121.0,0.00574,0.422,0.29309588
1554788719087,38.712,121.0,0.00574,0.422,0.29309588
1554788719133,38.758,121.0,0.00574,0.422,0.29309588
1554788719179,38.804,121.0,0.00574,0.422,0.29309588
1554788719240,38.865,121.0,0.00579,0.422,0.29564898
1554788719286,38.911,121.0,0.00579,0.422,0.29564898
1554788719332,38.957,121.0,0.00579,0.422,0.29564898
1554788719378,39.003,121.0,0.00579,0.422,0.29564898
1554788719441,39.066,121.0,0.00577,0.421,0.29392957
1554788719487,39.112,121.0,0.00577,0.421,0.29392957
1554788719533,39.158,121.0,0.00577,0.421,0.29392957
1554788719579,39.204,121.0,0.00577,0.421,0.29392957
1554788719640,39.265,121.0,0.00576,0.425,0.296208
1554788719686,39.311,121.0,0.00576,0.425,0.296208
1554788719732,39.357,121.0,0.00576,0.425,0.296208
1554788719778,39.403,121.0,0.00576,0.425,0.296208
1554788719841,39.466,121.0,0.00576,0.427,0.29760192
1554788719887,39.512,121.0,0.00576,0.427,0.29760192
1554788719933,39.558,121.0,0.00576,0.427,0.29760192
1554788719979,39.604,121.0,0.00576,0.427,0.29760192
1554788720040,39.665,120.9,0.00576,0.424,0.295266816
1554788720086,39.711,120.9,0.00576,0.424,0.295266816
1554788720132,39.757,120.9,0.00576,0.424,0.295266816
1554788720178,39.803,120.9,0.00576,0.424,0.295266816
1554788720240,39.865,120.9,0.00578,0.423,0.295593246
1554788720286,39.911,120.9,0.00578,0.423,0.295593246
1554788720332,39.957,120.9,0.00578,0.423,0.295593246
1554788720379,40.004,120.9,0.00578,0.423,0.295593246
1554788720440,40.065,120.9,0.00579,0.424,0.296804664
1554788720486,40.111,120.9,0.00579,0.424,0.296804664
1554788720532,40.157,120.9,0.00579,0.424,0.296804664
1554788720578,40.203,120.9,0.00579,0.424,0.296804664
1554788720640,40.265,120.9,0.00578,0.423,0.295593246
1554788720686,40.311,120.9,0.00578,0.423,0.295593246
1554788720732,40.357,120.9,0.00578,0.423,0.295593246
1554788720778,40.403,120.9,0.00578,0.423,0.295593246
1554788720840,40.465,120.9,0.00578,0.425,0.29699085
1554788720885,40.51,120.9,0.00578,0.425,0.29699085
1554788720931,40.556,120.9,0.00578,0.425,0.29699085
1554788720978,40.603,120.9,0.00578,0.425,0.29699085
1554788721040,40.665,120.8,0.00575,0.424,0.2945104
1554788721086,40.711,120.8,0.00575,0.424,0.2945104
1554788721132,40.757,120.8,0.00575,0.424,0.2945104
1554788721178,40.803,120.8,0.00575,0.424,0.2945104
1554788721240,40.865,120.8,0.00575,0.424,0.2945104
1554788721286,40.911,120.8,0.00575,0.424,0.2945104
1554788721332,40.958,120.8,0.00575,0.424,0.2945104
1554788721379,41.004,120.8,0.00575,0.424,0.2945104
1554788721440,41.065,120.8,0.00577,0.424,0.295534784
1554788721486,41.111,120.8,0.00577,0.424,0.295534784
1554788721532,41.157,120.8,0.00577,0.424,0.295534784
1554788721578,41.203,120.8,0.00577,0.424,0.295534784
1554788721640,41.265,120.8,0.00578,0.422,0.294650528
1554788721686,41.311,120.8,0.00578,0.422,0.294650528
1554788721732,41.357,120.8,0.00578,0.422,0.294650528
1554788721779,41.404,120.8,0.00578,0.422,0.294650528
1554788721840,41.465,120.9,0.00574,0.423,0.293547618
1554788721886,41.511,120.9,0.00574,0.423,0.293547618
1554788721932,41.557,120.9,0.00574,0.423,0.293547618
1554788721978,41.603,120.9,0.00574,0.423,0.293547618
1554788722040,41.665,120.9,0.00575,0.422,0.29336385
1554788722086,41.711,120.9,0.00575,0.422,0.29336385
1554788722132,41.757,120.9,0.00575,0.422,0.29336385
1554788722179,41.804,120.9,0.00575,0.422,0.29336385
1554788722240,41.865,120.9,0.00577,0.42,0.29298906
1554788722286,41.911,120.9,0.00577,0.42,0.29298906
1554788722332,41.957,120.9,0.00577,0.42,0.29298906
1554788722378,42.003,120.9,0.00577,0.42,0.29298906
1554788722440,42.065,120.9,0.00576,0.421,0.293177664
1554788722487,42.112,120.9,0.00576,0.421,0.293177664
1554788722533,42.158,120.9,0.00576,0.421,0.293177664
1554788722579,42.204,120.9,0.00576,0.421,0.293177664
1554788722640,42.265,120.9,0.00577,0.421,0.293686653
1554788722686,42.311,120.9,0.00577,0.421,0.293686653
1554788722732,42.357,120.9,0.00577,0.421,0.293686653
1554788722778,42.403,120.9,0.00577,0.421,0.293686653
1554788722840,42.465,120.9,0.00578,0.424,0.296292048
1554788722885,42.51,120.9,0.00578,0.424,0.296292048
1554788722932,42.557,120.9,0.00578,0.424,0.296292048
1554788722978,42.603,120.9,0.00578,0.424,0.296292048
1554788723041,42.666,121.0,0.00579,0.421,0.29494839
1554788723087,42.712,121.0,0.00579,0.421,0.29494839
1554788723133,42.758,121.0,0.00579,0.421,0.29494839
1554788723179,42.804,121.0,0.00579,0.421,0.29494839
1554788723240,42.865,121.0,0.00577,0.421,0.29392957
1554788723287,42.912,121.0,0.00577,0.421,0.29392957
1554788723333,42.958,121.0,0.00577,0.421,0.29392957
1554788723379,43.004,121.0,0.00577,0.421,0.29392957
1554788723440,43.065,121.0,0.00578,0.422,0.29513836
1554788723487,43.112,121.0,0.00578,0.422,0.29513836
1554788723534,43.159,121.0,0.00578,0.422,0.29513836
1554788723580,43.205,121.0,0.00578,0.422,0.29513836
1554788723639,43.265,121.0,0.00581,0.422,0.29667022
1554788723685,43.31,121.0,0.00581,0.422,0.29667022
1554788723732,43.357,121.0,0.00581,0.422,0.29667022
1554788723778,43.403,121.0,0.00581,0.422,0.29667022
1554788723840,43.465,121.0,0.00582,0.421,0.29647662
1554788723886,43.511,121.0,0.00582,0.421,0.29647662
1554788723932,43.557,121.0,0.00582,0.421,0.29647662
1554788723978,43.603,121.0,0.00582,0.421,0.29647662
1554788724039,43.664,121.0,0.00581,0.422,0.29667022
1554788724085,43.71,121.0,0.00581,0.422,0.29667022
1554788724132,43.757,121.0,0.00581,0.422,0.29667022
1554788724177,43.802,121.0,0.00581,0.422,0.29667022
1554788724240,43.865,120.9,0.0058,0.423,0.29661606
1554788724286,43.911,120.9,0.0058,0.423,0.29661606
1554788724332,43.957,120.9,0.0058,0.423,0.29661606
1554788724379,44.004,120.9,0.0058,0.423,0.29661606
1554788724440,44.065,120.9,0.0058,0.421,0.29521362
1554788724486,44.111,120.9,0.0058,0.421,0.29521362
1554788724532,44.157,120.9,0.0058,0.421,0.29521362
1554788724578,44.203,120.9,0.0058,0.421,0.29521362
1554788724640,44.265,120.9,0.0058,0.423,0.29661606
1554788724686,44.311,120.9,0.0058,0.423,0.29661606
1554788724732,44.357,120.9,0.0058,0.423,0.29661606
1554788724778,44.403,120.9,0.0058,0.423,0.29661606
1554788724840,44.465,120.9,0.00581,0.424,0.297829896
1554788724887,44.512,120.9,0.00581,0.424,0.297829896
1554788724934,44.559,120.9,0.00581,0.424,0.297829896
1554788724980,44.605,120.9,0.00581,0.424,0.297829896
1554788725040,44.665,120.9,0.00581,0.421,0.295722609
1554788725086,44.711,120.9,0.00581,0.421,0.295722609
1554788725132,44.757,120.9,0.00581,0.421,0.295722609
1554788725178,44.803,120.9,0.00581,0.421,0.295722609
1554788725239,44.864,120.8,0.00583,0.418,0.294382352
1554788725285,44.91,120.8,0.00583,0.418,0.294382352
1554788725331,44.956,120.8,0.00583,0.418,0.294382352
1554788725377,45.002,120.8,0.00583,0.418,0.294382352
1554788725440,45.065,120.8,0.00583,0.418,0.294382352
1554788725486,45.111,120.8,0.00583,0.418,0.294382352
1554788725532,45.157,120.8,0.00583,0.418,0.294382352
1554788725578,45.203,120.8,0.00583,0.418,0.294382352
1554788725640,45.265,120.8,0.0058,0.42,0.2942688
1554788725686,45.311,120.8,0.0058,0.42,0.2942688
1554788725732,45.357,120.8,0.0058,0.42,0.2942688
1554788725777,45.402,120.8,0.0058,0.42,0.2942688
1554788725839,45.464,120.9,0.00579,0.421,0.294704631
1554788725885,45.51,120.9,0.00579,0.421,0.294704631
1554788725930,45.555,120.9,0.00579,0.421,0.294704631
1554788725975,45.6,120.9,0.00579,0.421,0.294704631
1554788726040,45.665,120.9,0.00576,0.42,0.29248128
1554788726086,45.711,120.9,0.00576,0.42,0.29248128
1554788726131,45.756,120.9,0.00576,0.42,0.29248128
1554788726175,45.8,120.9,0.00576,0.42,0.29248128
1554788726239,45.864,120.9,0.00572,0.423,0.292524804
1554788726285,45.91,120.9,0.00572,0.423,0.292524804
1554788726330,45.955,120.9,0.00572,0.423,0.292524804
1554788726376,46.001,120.9,0.00572,0.423,0.292524804
1554788726440,46.065,120.9,0.00578,0.421,0.294195642
1554788726486,46.111,120.9,0.00578,0.421,0.294195642
1554788726532,46.157,120.9,0.00578,0.421,0.294195642
1554788726578,46.203,120.9,0.00578,0.421,0.294195642
1554788726640,46.265,120.9,0.00576,0.421,0.293177664
1554788726686,46.311,120.9,0.00576,0.421,0.293177664
1554788726732,46.357,120.9,0.00576,0.421,0.293177664
1554788726778,46.403,120.9,0.00576,0.421,0.293177664
1554788726839,46.464,121.0,0.00576,0.423,0.29481408
1554788726886,46.511,121.0,0.00576,0.423,0.29481408
1554788726932,46.557,121.0,0.00576,0.423,0.29481408
1554788726978,46.603,121.0,0.00576,0.423,0.29481408
1554788727039,46.664,121.0,0.00577,0.421,0.29392957
1554788727085,46.71,121.0,0.00577,0.421,0.29392957
1554788727131,46.756,121.0,0.00577,0.421,0.29392957
1554788727177,46.802,121.0,0.00577,0.421,0.29392957
1554788727240,46.865,121.0,0.00579,0.422,0.29564898
1554788727286,46.911,121.0,0.00579,0.422,0.29564898
1554788727332,46.957,121.0,0.00579,0.422,0.29564898
1554788727378,47.003,121.0,0.00579,0.422,0.29564898
1554788727439,47.064,121.0,0.00578,0.423,0.29583774
1554788727485,47.11,121.0,0.00578,0.423,0.29583774
1554788727531,47.156,121.0,0.00578,0.423,0.29583774
1554788727578,47.203,121.0,0.00578,0.423,0.29583774
1554788727640,47.265,121.0,0.00582,0.421,0.29647662
1554788727686,47.311,121.0,0.00582,0.421,0.29647662
1554788727732,47.357,121.0,0.00582,0.421,0.29647662
1554788727778,47.403,121.0,0.00582,0.421,0.29647662
1554788727839,47.464,121.0,0.00582,0.42,0.2957724
1554788727885,47.51,121.0,0.00582,0.42,0.2957724
1554788727931,47.556,121.0,0.00582,0.42,0.2957724
1554788727978,47.603,121.0,0.00582,0.42,0.2957724
1554788728039,47.664,121.0,0.00583,0.421,0.29698603
1554788728085,47.71,121.0,0.00583,0.421,0.29698603
1554788728131,47.756,121.0,0.00583,0.421,0.29698603
1554788728177,47.802,121.0,0.00583,0.421,0.29698603
1554788728239,47.864,121.0,0.00585,0.419,0.29658915
1554788728285,47.91,121.0,0.00585,0.419,0.29658915
1554788728331,47.956,121.0,0.00585,0.419,0.29658915
1554788728378,48.003,121.0,0.00585,0.419,0.29658915
1554788728440,48.065,121.0,0.00586,0.418,0.29638708
1554788728486,48.111,121.0,0.00586,0.418,0.29638708
1554788728532,48.157,121.0,0.00586,0.418,0.29638708
1554788728578,48.203,121.0,0.00586,0.418,0.29638708
1554788728639,48.264,120.9,0.00589,0.417,0.296946117
1554788728685,48.31,120.9,0.00589,0.417,0.296946117
1554788728731,48.356,120.9,0.00589,0.417,0.296946117
1554788728778,48.403,120.9,0.00589,0.417,0.296946117
1554788728839,48.464,120.9,0.0058,0.421,0.29521362
1554788728885,48.51,120.9,0.0058,0.421,0.29521362
1554788728931,48.556,120.9,0.0058,0.421,0.29521362
1554788728977,48.602,120.9,0.0058,0.421,0.29521362
1554788729039,48.664,120.9,0.00578,0.422,0.294894444
1554788729085,48.71,120.9,0.00578,0.422,0.294894444
1554788729131,48.756,120.9,0.00578,0.422,0.294894444
1554788729177,48.803,120.9,0.00578,0.422,0.294894444
1554788729239,48.864,120.9,0.00575,0.424,0.2947542
1554788729285,48.91,120.9,0.00575,0.424,0.2947542
1554788729331,48.956,120.9,0.00575,0.424,0.2947542
1554788729377,49.002,120.9,0.00575,0.424,0.2947542
1554788729439,49.064,120.9,0.00576,0.42,0.29248128
1554788729485,49.11,120.9,0.00576,0.42,0.29248128
1554788729531,49.156,120.9,0.00576,0.42,0.29248128
1554788729577,49.202,120.9,0.00576,0.42,0.29248128
1554788729640,49.265,120.8,0.00579,0.422,0.295160304
1554788729686,49.311,120.8,0.00579,0.422,0.295160304
1554788729732,49.357,120.8,0.00579,0.422,0.295160304
1554788729778,49.403,120.8,0.00579,0.422,0.295160304
1554788729839,49.464,120.9,0.00581,0.418,0.293615322
1554788729886,49.511,120.9,0.00581,0.418,0.293615322
1554788729932,49.557,120.9,0.00581,0.418,0.293615322
1554788729978,49.603,120.9,0.00581,0.418,0.293615322
1554788730039,49.664,120.9,0.00575,0.422,0.29336385
1554788730085,49.71,120.9,0.00575,0.422,0.29336385
1554788730131,49.756,120.9,0.00575,0.422,0.29336385
1554788730177,49.802,120.9,0.00575,0.422,0.29336385
1554788730239,49.864,120.9,0.00572,0.419,0.289758612
1554788730284,49.909,120.9,0.00572,0.419,0.289758612
1554788730330,49.955,120.9,0.00572,0.419,0.289758612
1554788730377,50.002,120.9,0.00572,0.419,0.289758612
1554788730439,50.064,120.9,0.00574,0.421,0.292159686
1554788730485,50.11,120.9,0.00574,0.421,0.292159686
1554788730531,50.156,120.9,0.00574,0.421,0.292159686
1554788730577,50.202,120.9,0.00574,0.421,0.292159686
1554788730640,50.265,120.9,0.00576,0.421,0.293177664
1554788730686,50.311,120.9,0.00576,0.421,0.293177664
1554788730732,50.357,120.9,0.00576,0.421,0.293177664
1554788730778,50.403,120.9,0.00576,0.421,0.293177664
1554788730839,50.464,120.9,0.00574,0.423,0.293547618
1554788730885,50.51,120.9,0.00574,0.423,0.293547618
1554788730931,50.556,120.9,0.00574,0.423,0.293547618
1554788730977,50.602,120.9,0.00574,0.423,0.293547618
1554788731039,50.664,121.0,0.00576,0.424,0.29551104
1554788731086,50.711,121.0,0.00576,0.424,0.29551104
1554788731132,50.757,121.0,0.00576,0.424,0.29551104
1554788731178,50.803,121.0,0.00576,0.424,0.29551104
1554788731239,50.864,121.0,0.00578,0.423,0.29583774
1554788731285,50.91,121.0,0.00578,0.423,0.29583774
1554788731331,50.956,121.0,0.00578,0.423,0.29583774
1554788731377,51.002,121.0,0.00578,0.423,0.29583774
1554788731439,51.064,121.0,0.00581,0.421,0.29596721
1554788731485,51.11,121.0,0.00581,0.421,0.29596721
1554788731531,51.156,121.0,0.00581,0.421,0.29596721
1554788731577,51.203,121.0,0.00581,0.421,0.29596721
1554788731639,51.264,121.0,0.00585,0.421,0.29800485
1554788731684,51.31,121.0,0.00585,0.421,0.29800485
1554788731731,51.356,121.0,0.00585,0.421,0.29800485
1554788731777,51.402,121.0,0.00585,0.421,0.29800485
1554788731839,51.464,121.0,0.00582,0.421,0.29647662
1554788731885,51.51,121.0,0.00582,0.421,0.29647662
1554788731931,51.556,121.0,0.00582,0.421,0.29647662
1554788731977,51.603,121.0,0.00582,0.421,0.29647662
1554788732039,51.664,121.0,0.00579,0.423,0.29634957
1554788732084,51.709,121.0,0.00579,0.423,0.29634957
1554788732131,51.756,121.0,0.00579,0.423,0.29634957
1554788732177,51.802,121.0,0.00579,0.423,0.29634957
1554788732239,51.864,121.0,0.00579,0.423,0.29634957
1554788732285,51.91,121.0,0.00579,0.423,0.29634957
1554788732331,51.956,121.0,0.00579,0.423,0.29634957
1554788732377,52.003,121.0,0.00579,0.423,0.29634957
1554788732439,52.064,121.0,0.00577,0.421,0.29392957
1554788732484,52.109,121.0,0.00577,0.421,0.29392957
1554788732530,52.156,121.0,0.00577,0.421,0.29392957
1554788732577,52.202,121.0,0.00577,0.421,0.29392957
1554788732639,52.264,121.0,0.00581,0.422,0.29667022
1554788732685,52.31,121.0,0.00581,0.422,0.29667022
1554788732731,52.356,121.0,0.00581,0.422,0.29667022
1554788732777,52.402,121.0,0.00581,0.422,0.29667022
1554788732838,52.463,121.0,0.0058,0.422,0.2961596
1554788732884,52.509,121.0,0.0058,0.422,0.2961596
1554788732930,52.556,121.0,0.0058,0.422,0.2961596
1554788732977,52.602,121.0,0.0058,0.422,0.2961596
1554788733039,52.664,121.0,0.00577,0.424,0.29602408
1554788733085,52.71,121.0,0.00577,0.424,0.29602408
1554788733131,52.756,121.0,0.00577,0.424,0.29602408
1554788733177,52.802,121.0,0.00577,0.424,0.29602408
1554788733238,52.863,121.0,0.00577,0.422,0.29462774
1554788733284,52.909,121.0,0.00577,0.422,0.29462774
1554788733330,52.955,121.0,0.00577,0.422,0.29462774
1554788733376,53.001,121.0,0.00577,0.422,0.29462774
1554788733439,53.064,120.9,0.00575,0.422,0.29336385
1554788733485,53.11,120.9,0.00575,0.422,0.29336385
1554788733531,53.156,120.9,0.00575,0.422,0.29336385
1554788733577,53.202,120.9,0.00575,0.422,0.29336385
1554788733638,53.263,120.9,0.00574,0.423,0.293547618
1554788733684,53.309,120.9,0.00574,0.423,0.293547618
1554788733730,53.355,120.9,0.00574,0.423,0.293547618
1554788733776,53.401,120.9,0.00574,0.423,0.293547618
1554788733839,53.464,120.9,0.00576,0.421,0.293177664
1554788733885,53.51,120.9,0.00576,0.421,0.293177664
1554788733931,53.556,120.9,0.00576,0.421,0.293177664
1554788733977,53.602,120.9,0.00576,0.421,0.293177664
1554788734038,53.663,120.9,0.00575,0.42,0.2919735
1554788734084,53.709,120.9,0.00575,0.42,0.2919735
1554788734130,53.755,120.9,0.00575,0.42,0.2919735
1554788734176,53.801,120.9,0.00575,0.42,0.2919735
1554788734238,53.863,120.9,0.00574,0.421,0.292159686
1554788734285,53.91,120.9,0.00574,0.421,0.292159686
1554788734331,53.956,120.9,0.00574,0.421,0.292159686
1554788734377,54.002,120.9,0.00574,0.421,0.292159686
1554788734439,54.064,120.9,0.00574,0.42,0.29146572
1554788734485,54.11,120.9,0.00574,0.42,0.29146572
1554788734531,54.156,120.9,0.00574,0.42,0.29146572
1554788734577,54.203,120.9,0.00574,0.42,0.29146572
1554788734639,54.264,120.9,0.00578,0.419,0.292798038
1554788734684,54.31,120.9,0.00578,0.419,0.292798038
1554788734731,54.356,120.9,0.00578,0.419,0.292798038
1554788734777,54.402,120.9,0.00578,0.419,0.292798038
1554788734839,54.464,120.9,0.00578,0.421,0.294195642
1554788734885,54.51,120.9,0.00578,0.421,0.294195642
1554788734931,54.556,120.9,0.00578,0.421,0.294195642
1554788734977,54.603,120.9,0.00578,0.421,0.294195642
1554788735038,54.663,120.9,0.00576,0.423,0.294570432
1554788735084,54.71,120.9,0.00576,0.423,0.294570432
1554788735130,54.756,120.9,0.00576,0.423,0.294570432
1554788735177,54.802,120.9,0.00576,0.423,0.294570432
1554788735239,54.864,120.9,0.00576,0.424,0.295266816
1554788735285,54.91,120.9,0.00576,0.424,0.295266816
1554788735331,54.956,120.9,0.00576,0.424,0.295266816
1554788735377,55.003,120.9,0.00576,0.424,0.295266816
1554788735439,55.064,120.9,0.00574,0.424,0.294241584
1554788735485,55.11,120.9,0.00574,0.424,0.294241584
1554788735531,55.156,120.9,0.00574,0.424,0.294241584
1554788735577,55.202,120.9,0.00574,0.424,0.294241584
1554788735638,55.263,120.9,0.00577,0.425,0.296477025
1554788735684,55.309,120.9,0.00577,0.425,0.296477025
1554788735730,55.355,120.9,0.00577,0.425,0.296477025
1554788735776,55.401,120.9,0.00577,0.425,0.296477025
1554788735838,55.463,120.9,0.00578,0.425,0.29699085
1554788735884,55.509,120.9,0.00578,0.425,0.29699085
1554788735931,55.556,120.9,0.00578,0.425,0.29699085
1554788735977,55.602,120.9,0.00578,0.425,0.29699085
1554788736038,55.663,121.0,0.00579,0.423,0.29634957
1554788736084,55.709,121.0,0.00579,0.423,0.29634957
1554788736130,55.755,121.0,0.00579,0.423,0.29634957
1554788736176,55.801,121.0,0.00579,0.423,0.29634957
1554788736239,55.864,121.0,0.00581,0.423,0.29737323
1554788736285,55.91,121.0,0.00581,0.423,0.29737323
1554788736331,55.956,121.0,0.00581,0.423,0.29737323
1554788736377,56.002,121.0,0.00581,0.423,0.29737323
1554788736438,56.063,121.0,0.00581,0.421,0.29596721
1554788736484,56.109,121.0,0.00581,0.421,0.29596721
1554788736530,56.156,121.0,0.00581,0.421,0.29596721
1554788736577,56.202,121.0,0.00581,0.421,0.29596721
1554788736639,56.264,121.0,0.00582,0.42,0.2957724
1554788736685,56.31,121.0,0.00582,0.42,0.2957724
1554788736731,56.356,121.0,0.00582,0.42,0.2957724
1554788736777,56.402,121.0,0.00582,0.42,0.2957724
1554788736838,56.463,121.0,0.00579,0.422,0.29564898
1554788736884,56.509,121.0,0.00579,0.422,0.29564898
1554788736930,56.555,121.0,0.00579,0.422,0.29564898
1554788736976,56.601,121.0,0.00579,0.422,0.29564898
1554788737039,56.664,121.0,0.00579,0.422,0.29564898
1554788737085,56.71,121.0,0.00579,0.422,0.29564898
1554788737131,56.756,121.0,0.00579,0.422,0.29564898
1554788737177,56.802,121.0,0.00579,0.422,0.29564898
1554788737238,56.863,121.0,0.00577,0.422,0.29462774
1554788737284,56.909,121.0,0.00577,0.422,0.29462774
1554788737330,56.956,121.0,0.00577,0.422,0.29462774
1554788737377,57.002,121.0,0.00577,0.422,0.29462774
1554788737439,57.064,121.0,0.00577,0.42,0.2932314
1554788737485,57.11,121.0,0.00577,0.42,0.2932314
1554788737531,57.156,121.0,0.00577,0.42,0.2932314
1554788737577,57.202,121.0,0.00577,0.42,0.2932314
1554788737638,57.263,120.9,0.00579,0.418,0.292604598
1554788737684,57.309,120.9,0.00579,0.418,0.292604598
1554788737730,57.355,120.9,0.00579,0.418,0.292604598
1554788737776,57.401,120.9,0.00579,0.418,0.292604598
1554788737839,57.464,120.9,0.00573,0.422,0.292343454
1554788737885,57.51,120.9,0.00573,0.422,0.292343454
1554788737931,57.556,120.9,0.00573,0.422,0.292343454
1554788737977,57.602,120.9,0.00573,0.422,0.292343454
1554788738038,57.663,120.9,0.00573,0.422,0.292343454
1554788738084,57.709,120.9,0.00573,0.422,0.292343454
1554788738130,57.755,120.9,0.00573,0.422,0.292343454
1554788738176,57.801,120.9,0.00573,0.422,0.292343454
1554788738238,57.863,120.9,0.00572,0.424,0.293216352
1554788738284,57.909,120.9,0.00572,0.424,0.293216352
1554788738330,57.956,120.9,0.00572,0.424,0.293216352
1554788738377,58.002,120.9,0.00572,0.424,0.293216352
1554788738438,58.063,120.9,0.00573,0.422,0.292343454
1554788738484,58.109,120.9,0.00573,0.422,0.292343454
1554788738530,58.155,120.9,0.00573,0.422,0.292343454
1554788738576,58.201,120.9,0.00573,0.422,0.292343454
1554788738638,58.263,120.9,0.00573,0.422,0.292343454
1554788738684,58.309,120.9,0.00573,0.422,0.292343454
1554788738730,58.355,120.9,0.00573,0.422,0.292343454
1554788738776,58.402,120.9,0.00573,0.422,0.292343454
1554788738839,58.464,120.9,0.00577,0.421,0.293686653
1554788738885,58.51,120.9,0.00577,0.421,0.293686653
1554788738931,58.556,120.9,0.00577,0.421,0.293686653
1554788738977,58.602,120.9,0.00577,0.421,0.293686653
1554788739038,58.663,120.9,0.0058,0.421,0.29521362
1554788739084,58.709,120.9,0.0058,0.421,0.29521362
1554788739130,58.756,120.9,0.0058,0.421,0.29521362
1554788739176,58.802,120.9,0.0058,0.421,0.29521362
1554788739238,58.863,120.9,0.00579,0.42,0.29400462
1554788739283,58.909,120.9,0.00579,0.42,0.29400462
1554788739330,58.955,120.9,0.00579,0.42,0.29400462
1554788739376,59.001,120.9,0.00579,0.42,0.29400462
1554788739438,59.063,120.9,0.00581,0.418,0.293615322
1554788739485,59.11,120.9,0.00581,0.418,0.293615322
1554788739531,59.156,120.9,0.00581,0.418,0.293615322
1554788739577,59.202,120.9,0.00581,0.418,0.293615322
1554788739638,59.263,120.9,0.00585,0.42,0.2970513
1554788739684,59.309,120.9,0.00585,0.42,0.2970513
1554788739730,59.356,120.9,0.00585,0.42,0.2970513
1554788739777,59.402,120.9,0.00585,0.42,0.2970513
1554788739838,59.463,120.9,0.00584,0.421,0.297249576
1554788739884,59.509,120.9,0.00584,0.421,0.297249576
1554788739930,59.555,120.9,0.00584,0.421,0.297249576
1554788739976,59.601,120.9,0.00584,0.421,0.297249576
1554788740038,59.663,121.0,0.00584,0.423,0.29890872
1554788740084,59.709,121.0,0.00584,0.423,0.29890872
1554788740131,59.756,121.0,0.00584,0.423,0.29890872
1554788740177,59.802,121.0,0.00584,0.423,0.29890872
1554788740238,59.863,121.0,0.00588,0.419,0.29811012
1554788740284,59.909,121.0,0.00588,0.419,0.29811012
1554788740330,59.955,121.0,0.00588,0.419,0.29811012
1554788740376,60.001,121.0,0.00588,0.419,0.29811012
1554788740438,60.063,121.0,0.00588,0.418,0.29739864
1554788740484,60.109,121.0,0.00588,0.418,0.29739864
1554788740530,60.155,121.0,0.00588,0.418,0.29739864
1554788740576,60.201,121.0,0.00588,0.418,0.29739864
1554788740638,60.263,121.0,0.00587,0.418,0.29689286
1554788740684,60.309,121.0,0.00587,0.418,0.29689286
1554788740730,60.355,121.0,0.00587,0.418,0.29689286
1554788740776,60.401,121.0,0.00587,0.418,0.29689286
1554788740838,60.463,121.0,0.00582,0.421,0.29647662
1554788740884,60.509,121.0,0.00582,0.421,0.29647662
1554788740931,60.556,121.0,0.00582,0.421,0.29647662
1554788740977,60.602,121.0,0.00582,0.421,0.29647662
1554788741038,60.663,121.0,0.00582,0.419,0.29506818
1554788741084,60.709,121.0,0.00582,0.419,0.29506818
1554788741130,60.755,121.0,0.00582,0.419,0.29506818
1554788741176,60.801,121.0,0.00582,0.419,0.29506818
1554788741238,60.863,121.1,0.00579,0.418,0.293088642
1554788741284,60.909,121.1,0.00579,0.418,0.293088642
1554788741330,60.955,121.1,0.00579,0.418,0.293088642
1554788741377,61.002,121.1,0.00579,0.418,0.293088642
1554788741438,61.063,121.0,0.00578,0.419,0.29304022
1554788741483,61.109,121.0,0.00578,0.419,0.29304022
1554788741530,61.155,121.0,0.00578,0.419,0.29304022
1554788741576,61.201,121.0,0.00578,0.419,0.29304022
1554788741638,61.263,121.0,0.0058,0.418,0.2933524
1554788741684,61.309,121.0,0.0058,0.418,0.2933524
1554788741730,61.356,121.0,0.0058,0.418,0.2933524
1554788741777,61.402,121.0,0.0058,0.418,0.2933524
1554788741838,61.463,121.0,0.00579,0.418,0.29284662
1554788741884,61.509,121.0,0.00579,0.418,0.29284662
1554788741930,61.555,121.0,0.00579,0.418,0.29284662
1554788741976,61.601,121.0,0.00579,0.418,0.29284662
1554788742037,61.662,121.0,0.00578,0.419,0.29304022
1554788742083,61.708,121.0,0.00578,0.419,0.29304022
1554788742129,61.754,121.0,0.00578,0.419,0.29304022
1554788742175,61.8,121.0,0.00578,0.419,0.29304022
1554788742237,61.863,121.0,0.00576,0.417,0.29063232
1554788742284,61.909,121.0,0.00576,0.417,0.29063232
1554788742330,61.955,121.0,0.00576,0.417,0.29063232
1554788742376,62.001,121.0,0.00576,0.417,0.29063232
1554788742438,62.063,120.9,0.00574,0.42,0.29146572
1554788742484,62.109,120.9,0.00574,0.42,0.29146572
1554788742531,62.156,120.9,0.00574,0.42,0.29146572
1554788742577,62.202,120.9,0.00574,0.42,0.29146572
1554788742638,62.263,120.9,0.00576,0.419,0.291784896
1554788742684,62.309,120.9,0.00576,0.419,0.291784896
1554788742730,62.355,120.9,0.00576,0.419,0.291784896
1554788742776,62.401,120.9,0.00576,0.419,0.291784896
1554788742837,62.462,120.9,0.00576,0.423,0.294570432
1554788742883,62.508,120.9,0.00576,0.423,0.294570432
1554788742929,62.554,120.9,0.00576,0.423,0.294570432
1554788742975,62.601,120.9,0.00576,0.423,0.294570432
1554788743038,62.663,120.9,0.00578,0.42,0.29349684
1554788743084,62.709,120.9,0.00578,0.42,0.29349684
1554788743130,62.755,120.9,0.00578,0.42,0.29349684
1554788743176,62.801,120.9,0.00578,0.42,0.29349684
1554788743238,62.863,120.9,0.00582,0.419,0.294824322
1554788743284,62.909,120.9,0.00582,0.419,0.294824322
1554788743330,62.955,120.9,0.00582,0.419,0.294824322
1554788743376,63.001,120.9,0.00582,0.419,0.294824322
1554788743438,63.063,120.9,0.00579,0.42,0.29400462
1554788743484,63.109,120.9,0.00579,0.42,0.29400462
1554788743530,63.156,120.9,0.00579,0.42,0.29400462
1554788743577,63.202,120.9,0.00579,0.42,0.29400462
1554788743638,63.263,120.8,0.00581,0.421,0.295478008
1554788743684,63.309,120.8,0.00581,0.421,0.295478008
1554788743730,63.355,120.8,0.00581,0.421,0.295478008
1554788743776,63.401,120.8,0.00581,0.421,0.295478008
1554788743838,63.463,120.9,0.00583,0.419,0.295330893
1554788743884,63.509,120.9,0.00583,0.419,0.295330893
1554788743930,63.556,120.9,0.00583,0.419,0.295330893
1554788743977,63.602,120.9,0.00583,0.419,0.295330893
1554788744038,63.663,120.9,0.00581,0.421,0.295722609
1554788744084,63.709,120.9,0.00581,0.421,0.295722609
1554788744130,63.755,120.9,0.00581,0.421,0.295722609
1554788744176,63.801,120.9,0.00581,0.421,0.295722609
1554788744237,63.862,120.9,0.00586,0.421,0.298267554
1554788744283,63.908,120.9,0.00586,0.421,0.298267554
1554788744329,63.954,120.9,0.00586,0.421,0.298267554
1554788744375,64.0,120.9,0.00586,0.421,0.298267554
1554788744438,64.063,120.9,0.00579,0.423,0.296104653
1554788744484,64.109,120.9,0.00579,0.423,0.296104653
1554788744530,64.155,120.9,0.00579,0.423,0.296104653
1554788744576,64.201,120.9,0.00579,0.423,0.296104653
1554788744637,64.262,120.9,0.00578,0.423,0.295593246
1554788744683,64.308,120.9,0.00578,0.423,0.295593246
1554788744729,64.355,120.9,0.00578,0.423,0.295593246
1554788744776,64.401,120.9,0.00578,0.423,0.295593246
1554788744838,64.463,120.9,0.0058,0.422,0.29591484
1554788744884,64.509,120.9,0.0058,0.422,0.29591484
1554788744930,64.555,120.9,0.0058,0.422,0.29591484
1554788744976,64.601,120.9,0.0058,0.422,0.29591484
1554788745037,64.662,120.9,0.00583,0.42,0.29603574
1554788745083,64.709,120.9,0.00583,0.42,0.29603574
1554788745130,64.755,120.9,0.00583,0.42,0.29603574
1554788745176,64.801,120.9,0.00583,0.42,0.29603574
1554788745238,64.863,121.0,0.0058,0.421,0.2954578
1554788745284,64.909,121.0,0.0058,0.421,0.2954578
1554788745330,64.955,121.0,0.0058,0.421,0.2954578
1554788745377,65.002,121.0,0.0058,0.421,0.2954578
1554788745438,65.063,121.0,0.00578,0.419,0.29304022
1554788745484,65.109,121.0,0.00578,0.419,0.29304022
1554788745530,65.155,121.0,0.00578,0.419,0.29304022
1554788745576,65.201,121.0,0.00578,0.419,0.29304022
1554788745637,65.262,121.0,0.00579,0.417,0.29214603
1554788745683,65.308,121.0,0.00579,0.417,0.29214603
1554788745729,65.354,121.0,0.00579,0.417,0.29214603
1554788745775,65.4,121.0,0.00579,0.417,0.29214603
1554788745838,65.463,121.0,0.00579,0.417,0.29214603
1554788745884,65.509,121.0,0.00579,0.417,0.29214603
1554788745930,65.555,121.0,0.00579,0.417,0.29214603
1554788745976,65.601,121.0,0.00579,0.417,0.29214603
1554788746037,65.662,121.0,0.00583,0.416,0.29345888
1554788746083,65.708,121.0,0.00583,0.416,0.29345888
1554788746129,65.754,121.0,0.00583,0.416,0.29345888
1554788746175,65.8,121.0,0.00583,0.416,0.29345888
1554788746237,65.862,121.0,0.00582,0.412,0.29013864
1554788746283,65.909,121.0,0.00582,0.412,0.29013864
1554788746330,65.955,121.0,0.00582,0.412,0.29013864
1554788746376,66.001,121.0,0.00582,0.412,0.29013864
1554788746437,66.062,121.0,0.00579,0.414,0.29004426
1554788746483,66.108,121.0,0.00579,0.414,0.29004426
1554788746529,66.154,121.0,0.00579,0.414,0.29004426
1554788746575,66.2,121.0,0.00579,0.414,0.29004426
1554788746637,66.262,120.9,0.00576,0.419,0.291784896
1554788746683,66.308,120.9,0.00576,0.419,0.291784896
1554788746729,66.355,120.9,0.00576,0.419,0.291784896
1554788746776,66.401,120.9,0.00576,0.419,0.291784896
1554788746837,66.462,120.9,0.0058,0.417,0.29240874
1554788746883,66.508,120.9,0.0058,0.417,0.29240874
1554788746929,66.554,120.9,0.0058,0.417,0.29240874
1554788746975,66.6,120.9,0.0058,0.417,0.29240874
1554788747037,66.662,120.9,0.00581,0.418,0.293615322
1554788747083,66.708,120.9,0.00581,0.418,0.293615322
1554788747129,66.754,120.9,0.00581,0.418,0.293615322
1554788747175,66.8,120.9,0.00581,0.418,0.293615322
1554788747237,66.862,120.9,0.00581,0.42,0.29502018
1554788747283,66.909,120.9,0.00581,0.42,0.29502018
1554788747330,66.955,120.9,0.00581,0.42,0.29502018
1554788747376,67.001,120.9,0.00581,0.42,0.29502018
1554788747437,67.062,120.9,0.0058,0.42,0.2945124
1554788747483,67.108,120.9,0.0058,0.42,0.2945124
1554788747529,67.154,120.9,0.0058,0.42,0.2945124
1554788747575,67.2,120.9,0.0058,0.42,0.2945124
1554788747637,67.263,120.9,0.0058,0.42,0.2945124
1554788747684,67.309,120.9,0.0058,0.42,0.2945124
1554788747730,67.355,120.9,0.0058,0.42,0.2945124
1554788747776,67.401,120.9,0.0058,0.42,0.2945124
1554788747837,67.462,120.9,0.00584,0.42,0.29654352
1554788747883,67.508,120.9,0.00584,0.42,0.29654352
1554788747929,67.554,120.9,0.00584,0.42,0.29654352
1554788747975,67.6,120.9,0.00584,0.42,0.29654352
1554788748037,67.662,120.9,0.00582,0.42,0.29552796
1554788748083,67.709,120.9,0.00582,0.42,0.29552796
1554788748130,67.755,120.9,0.00582,0.42,0.29552796
1554788748176,67.801,120.9,0.00582,0.42,0.29552796
1554788748237,67.862,120.9,0.00585,0.421,0.297758565
1554788748283,67.908,120.9,0.00585,0.421,0.297758565
1554788748329,67.954,120.9,0.00585,0.421,0.297758565
1554788748375,68.0,120.9,0.00585,0.421,0.297758565
1554788748437,68.062,120.9,0.00581,0.423,0.297127467
1554788748483,68.108,120.9,0.00581,0.423,0.297127467
1554788748529,68.154,120.9,0.00581,0.423,0.297127467
1554788748576,68.201,120.9,0.00581,0.423,0.297127467
1554788748637,68.262,120.9,0.00582,0.42,0.29552796
1554788748683,68.308,120.9,0.00582,0.42,0.29552796
1554788748729,68.354,120.9,0.00582,0.42,0.29552796
1554788748775,68.4,120.9,0.00582,0.42,0.29552796
1554788748837,68.462,120.9,0.00588,0.419,0.297863748
1554788748884,68.509,120.9,0.00588,0.419,0.297863748
1554788748930,68.555,120.9,0.00588,0.419,0.297863748
1554788748976,68.601,120.9,0.00588,0.419,0.297863748
1554788749037,68.662,120.9,0.00585,0.42,0.2970513
1554788749083,68.708,120.9,0.00585,0.42,0.2970513
1554788749129,68.754,120.9,0.00585,0.42,0.2970513
1554788749175,68.8,120.9,0.00585,0.42,0.2970513
1554788749237,68.862,121.0,0.0058,0.421,0.2954578
1554788749282,68.908,121.0,0.0058,0.421,0.2954578
1554788749329,68.954,121.0,0.0058,0.421,0.2954578
1554788749375,69.0,121.0,0.0058,0.421,0.2954578
1554788749437,69.062,121.0,0.00576,0.42,0.2927232
1554788749483,69.108,121.0,0.00576,0.42,0.2927232
1554788749529,69.154,121.0,0.00576,0.42,0.2927232
1554788749576,69.201,121.0,0.00576,0.42,0.2927232
1554788749637,69.262,121.0,0.00577,0.418,0.29183506
1554788749682,69.308,121.0,0.00577,0.418,0.29183506
1554788749728,69.354,121.0,0.00577,0.418,0.29183506
1554788749775,69.4,121.0,0.00577,0.418,0.29183506
1554788749837,69.462,121.0,0.00579,0.419,0.29354721
1554788749883,69.508,121.0,0.00579,0.419,0.29354721
1554788749929,69.554,121.0,0.00579,0.419,0.29354721
1554788749975,69.601,121.0,0.00579,0.419,0.29354721
1554788750037,69.662,120.9,0.00572,0.422,0.291833256
1554788750082,69.707,120.9,0.00572,0.422,0.291833256
1554788750128,69.753,120.9,0.00572,0.422,0.291833256
1554788750174,69.8,120.9,0.00572,0.422,0.291833256
1554788750237,69.862,120.9,0.00573,0.42,0.29095794
1554788750283,69.908,120.9,0.00573,0.42,0.29095794
1554788750329,69.954,120.9,0.00573,0.42,0.29095794
1554788750375,70.0,120.9,0.00573,0.42,0.29095794
1554788750437,70.062,121.0,0.00573,0.421,0.29189193
1554788750482,70.107,121.0,0.00573,0.421,0.29189193
1554788750528,70.154,121.0,0.00573,0.421,0.29189193
1554788750574,70.2,121.0,0.00573,0.421,0.29189193
1554788750637,70.262,120.9,0.00571,0.419,0.289252041
1554788750683,70.308,120.9,0.00571,0.419,0.289252041
1554788750729,70.354,120.9,0.00571,0.419,0.289252041
1554788750775,70.4,120.9,0.00571,0.419,0.289252041
1554788750837,70.462,120.9,0.00579,0.418,0.292604598
1554788750883,70.509,120.9,0.00579,0.418,0.292604598
1554788750930,70.555,120.9,0.00579,0.418,0.292604598
1554788750975,70.601,120.9,0.00579,0.418,0.292604598
1554788751036,70.662,120.9,0.00581,0.419,0.294317751
1554788751082,70.707,120.9,0.00581,0.419,0.294317751
1554788751128,70.754,120.9,0.00581,0.419,0.294317751
1554788751175,70.8,120.9,0.00581,0.419,0.294317751
1554788751237,70.862,120.9,0.00582,0.417,0.293417046
1554788751283,70.908,120.9,0.00582,0.417,0.293417046
1554788751329,70.954,120.9,0.00582,0.417,0.293417046
1554788751375,71.0,120.9,0.00582,0.417,0.293417046
1554788751437,71.062,120.9,0.00584,0.414,0.292307184
1554788751483,71.109,120.9,0.00584,0.414,0.292307184
1554788751530,71.155,120.9,0.00584,0.414,0.292307184
1554788751576,71.201,120.9,0.00584,0.414,0.292307184
1554788751637,71.262,120.9,0.00586,0.415,0.29401671
1554788751683,71.308,120.9,0.00586,0.415,0.29401671
1554788751729,71.354,120.9,0.00586,0.415,0.29401671
1554788751775,71.4,120.9,0.00586,0.415,0.29401671
1554788751836,71.461,120.8,0.00583,0.417,0.293678088
1554788751882,71.507,120.8,0.00583,0.417,0.293678088
1554788751928,71.553,120.8,0.00583,0.417,0.293678088
1554788751974,71.6,120.8,0.00583,0.417,0.293678088
1554788752037,71.662,120.8,0.00584,0.422,0.297709184
1554788752083,71.708,120.8,0.00584,0.422,0.297709184
1554788752129,71.754,120.8,0.00584,0.422,0.297709184
1554788752175,71.8,120.8,0.00584,0.422,0.297709184
1554788752236,71.861,120.8,0.00586,0.421,0.298020848
1554788752282,71.907,120.8,0.00586,0.421,0.298020848
1554788752328,71.953,120.8,0.00586,0.421,0.298020848
1554788752375,72.0,120.8,0.00586,0.421,0.298020848
1554788752437,72.062,120.8,0.00583,0.42,0.29579088
1554788752483,72.108,120.8,0.00583,0.42,0.29579088
1554788752529,72.154,120.8,0.00583,0.42,0.29579088
1554788752575,72.2,120.8,0.00583,0.42,0.29579088
1554788752636,72.261,120.8,0.00582,0.422,0.296689632
1554788752682,72.307,120.8,0.00582,0.422,0.296689632
1554788752728,72.353,120.8,0.00582,0.422,0.296689632
1554788752774,72.399,120.8,0.00582,0.422,0.296689632
1554788752837,72.462,120.8,0.00701,0.429,0.363280632
1554788752883,72.508,120.8,0.00701,0.429,0.363280632
1554788752929,72.554,120.8,0.00701,0.429,0.363280632
1554788752975,72.6,120.8,0.00701,0.429,0.363280632
1554788753037,72.662,120.8,0.00743,0.432,0.387739008
1554788753083,72.708,120.8,0.00743,0.432,0.387739008
1554788753129,72.754,120.8,0.00743,0.432,0.387739008
1554788753175,72.801,120.8,0.00743,0.432,0.387739008
1554788753236,72.861,120.9,0.0074,0.431,0.38559846
1554788753283,72.908,120.9,0.0074,0.431,0.38559846
1554788753329,72.954,120.9,0.0074,0.431,0.38559846
1554788753375,73.0,120.9,0.0074,0.431,0.38559846
1554788753437,73.062,120.9,0.00734,0.433,0.384246798
1554788753483,73.108,120.9,0.00734,0.433,0.384246798
1554788753530,73.155,120.9,0.00734,0.433,0.384246798
1554788753576,73.201,120.9,0.00734,0.433,0.384246798
1554788753637,73.262,120.9,0.00727,0.435,0.382340205
1554788753683,73.308,120.9,0.00727,0.435,0.382340205
1554788753729,73.354,120.9,0.00727,0.435,0.382340205
1554788753775,73.4,120.9,0.00727,0.435,0.382340205
1554788753836,73.461,120.9,0.00729,0.434,0.382510674
1554788753882,73.507,120.9,0.00729,0.434,0.382510674
1554788753928,73.553,120.9,0.00729,0.434,0.382510674
1554788753974,73.599,120.9,0.00729,0.434,0.382510674
1554788754037,73.662,121.0,0.00731,0.433,0.38299283
1554788754083,73.708,121.0,0.00731,0.433,0.38299283
1554788754129,73.754,121.0,0.00731,0.433,0.38299283
1554788754175,73.8,121.0,0.00731,0.433,0.38299283
1554788754236,73.861,121.0,0.00732,0.431,0.38174532
1554788754282,73.907,121.0,0.00732,0.431,0.38174532
1554788754328,73.953,121.0,0.00732,0.431,0.38174532
1554788754374,73.999,121.0,0.00732,0.431,0.38174532
1554788754437,74.062,121.0,0.00729,0.432,0.38106288
1554788754483,74.108,121.0,0.00729,0.432,0.38106288
1554788754529,74.154,121.0,0.00729,0.432,0.38106288
1554788754575,74.2,121.0,0.00729,0.432,0.38106288
1554788754636,74.261,121.0,0.00727,0.432,0.38001744
1554788754682,74.307,121.0,0.00727,0.432,0.38001744
1554788754728,74.353,121.0,0.00727,0.432,0.38001744
1554788754774,74.399,121.0,0.00727,0.432,0.38001744
1554788754837,74.462,121.0,0.00684,0.429,0.35505756
1554788754883,74.508,121.0,0.00684,0.429,0.35505756
1554788754929,74.554,121.0,0.00684,0.429,0.35505756
1554788754975,74.6,121.0,0.00684,0.429,0.35505756
1554788755036,74.661,121.0,0.00673,0.429,0.34934757
1554788755082,74.707,121.0,0.00673,0.429,0.34934757
1554788755128,74.753,121.0,0.00673,0.429,0.34934757
1554788755174,74.799,121.0,0.00673,0.429,0.34934757
1554788755236,74.861,120.9,0.00672,0.43,0.34935264
1554788755282,74.908,120.9,0.00672,0.43,0.34935264
1554788755328,74.953,120.9,0.00672,0.43,0.34935264
1554788755375,75.0,120.9,0.00672,0.43,0.34935264
1554788755437,75.062,120.9,0.00675,0.427,0.348464025
1554788755483,75.108,120.9,0.00675,0.427,0.348464025
1554788755529,75.154,120.9,0.00675,0.427,0.348464025
1554788755575,75.2,120.9,0.00675,0.427,0.348464025
1554788755636,75.261,120.9,0.00677,0.429,0.351133497
1554788755682,75.307,120.9,0.00677,0.429,0.351133497
1554788755728,75.353,120.9,0.00677,0.429,0.351133497
1554788755774,75.399,120.9,0.00677,0.429,0.351133497
1554788755837,75.462,120.9,0.00679,0.429,0.352170819
1554788755883,75.508,120.9,0.00679,0.429,0.352170819
1554788755929,75.554,120.9,0.00679,0.429,0.352170819
1554788755975,75.6,120.9,0.00679,0.429,0.352170819
1554788756036,75.661,120.9,0.00676,0.431,0.352249404
1554788756082,75.707,120.9,0.00676,0.431,0.352249404
1554788756128,75.753,120.9,0.00676,0.431,0.352249404
1554788756174,75.799,120.9,0.00676,0.431,0.352249404
1554788756238,75.863,120.9,0.00677,0.432,0.353588976
1554788756284,75.909,120.9,0.00677,0.432,0.353588976
1554788756330,75.955,120.9,0.00677,0.432,0.353588976
1554788756376,76.001,120.9,0.00677,0.432,0.353588976
1554788756438,76.063,120.9,0.00678,0.429,0.351652158
1554788756484,76.109,120.9,0.00678,0.429,0.351652158
1554788756530,76.155,120.9,0.00678,0.429,0.351652158
1554788756576,76.201,120.9,0.00678,0.429,0.351652158
1554788756637,76.262,120.9,0.00679,0.43,0.35299173
1554788756683,76.308,120.9,0.00679,0.43,0.35299173
1554788756729,76.355,120.9,0.00679,0.43,0.35299173
1554788756776,76.401,120.9,0.00679,0.43,0.35299173
1554788756837,76.462,120.9,0.00682,0.425,0.35042865
1554788756883,76.508,120.9,0.00682,0.425,0.35042865
1554788756929,76.554,120.9,0.00682,0.425,0.35042865
1554788756975,76.6,120.9,0.00682,0.425,0.35042865
1554788757037,76.662,120.9,0.00681,0.426,0.350738154
1554788757083,76.708,120.9,0.00681,0.426,0.350738154
1554788757129,76.754,120.9,0.00681,0.426,0.350738154
1554788757175,76.8,120.9,0.00681,0.426,0.350738154
1554788757236,76.861,121.0,0.00678,0.427,0.35030226
1554788757282,76.907,121.0,0.00678,0.427,0.35030226
1554788757328,76.953,121.0,0.00678,0.427,0.35030226
1554788757374,76.999,121.0,0.00678,0.427,0.35030226
1554788757436,77.062,121.0,0.00672,0.427,0.34720224
1554788757482,77.107,121.0,0.00672,0.427,0.34720224
1554788757528,77.153,121.0,0.00672,0.427,0.34720224
1554788757574,77.2,121.0,0.00672,0.427,0.34720224
1554788757637,77.262,120.9,0.00671,0.431,0.349644009
1554788757683,77.308,120.9,0.00671,0.431,0.349644009
1554788757729,77.354,120.9,0.00671,0.431,0.349644009
1554788757775,77.4,120.9,0.00671,0.431,0.349644009
1554788757836,77.461,120.9,0.00672,0.43,0.34935264
1554788757882,77.508,120.9,0.00672,0.43,0.34935264
1554788757929,77.554,120.9,0.00672,0.43,0.34935264
1554788757975,77.6,120.9,0.00672,0.43,0.34935264
1554788758036,77.661,121.0,0.0067,0.428,0.3469796
1554788758082,77.707,121.0,0.0067,0.428,0.3469796
1554788758128,77.753,121.0,0.0067,0.428,0.3469796
1554788758174,77.799,121.0,0.0067,0.428,0.3469796
1554788758236,77.861,121.0,0.00669,0.429,0.34727121
1554788758282,77.907,121.0,0.00669,0.429,0.34727121
1554788758328,77.954,121.0,0.00669,0.429,0.34727121
1554788758375,78.0,121.0,0.00669,0.429,0.34727121
1554788758436,78.061,121.0,0.00668,0.429,0.34675212
1554788758482,78.107,121.0,0.00668,0.429,0.34675212
1554788758527,78.152,121.0,0.00668,0.429,0.34675212
1554788758574,78.199,121.0,0.00668,0.429,0.34675212
1554788758636,78.261,121.0,0.0067,0.43,0.348601
1554788758682,78.307,121.0,0.0067,0.43,0.348601
1554788758728,78.353,121.0,0.0067,0.43,0.348601
1554788758774,78.399,121.0,0.0067,0.43,0.348601
1554788758837,78.462,121.0,0.00672,0.428,0.34801536
1554788758883,78.508,121.0,0.00672,0.428,0.34801536
1554788758929,78.554,121.0,0.00672,0.428,0.34801536
1554788758975,78.6,121.0,0.00672,0.428,0.34801536
1554788759036,78.661,121.0,0.00674,0.428,0.34905112
1554788759083,78.708,121.0,0.00674,0.428,0.34905112
1554788759129,78.754,121.0,0.00674,0.428,0.34905112
1554788759175,78.8,121.0,0.00674,0.428,0.34905112
1554788759236,78.861,121.0,0.00673,0.428,0.34853324
1554788759282,78.907,121.0,0.00673,0.428,0.34853324
1554788759328,78.953,121.0,0.00673,0.428,0.34853324
1554788759374,78.999,121.0,0.00673,0.428,0.34853324
1554788759436,79.061,120.9,0.00677,0.427,0.349496511
1554788759482,79.107,120.9,0.00677,0.427,0.349496511
1554788759529,79.154,120.9,0.00677,0.427,0.349496511
1554788759575,79.2,120.9,0.00677,0.427,0.349496511
1554788759636,79.261,120.9,0.00678,0.426,0.349193052
1554788759682,79.307,120.9,0.00678,0.426,0.349193052
1554788759728,79.353,120.9,0.00678,0.426,0.349193052
1554788759774,79.399,120.9,0.00678,0.426,0.349193052
1554788759836,79.462,120.9,0.00672,0.429,0.348540192
1554788759883,79.508,120.9,0.00672,0.429,0.348540192
1554788759928,79.553,120.9,0.00672,0.429,0.348540192
1554788759975,79.6,120.9,0.00672,0.429,0.348540192
1554788760036,79.661,120.9,0.00672,0.435,0.35341488
1554788760082,79.707,120.9,0.00672,0.435,0.35341488
1554788760128,79.753,120.9,0.00672,0.435,0.35341488
1554788760174,79.799,120.9,0.00672,0.435,0.35341488
1554788760236,79.861,120.9,0.00674,0.434,0.353651844
1554788760282,79.907,120.9,0.00674,0.434,0.353651844
1554788760329,79.954,120.9,0.00674,0.434,0.353651844
1554788760375,80.0,120.9,0.00674,0.434,0.353651844
1554788760436,80.061,120.9,0.00671,0.434,0.352077726
1554788760482,80.107,120.9,0.00671,0.434,0.352077726
1554788760528,80.153,120.9,0.00671,0.434,0.352077726
1554788760574,80.199,120.9,0.00671,0.434,0.352077726
1554788760636,80.261,120.8,0.00673,0.433,0.352022072
1554788760681,80.306,120.8,0.00673,0.433,0.352022072
1554788760727,80.352,120.8,0.00673,0.433,0.352022072
1554788760774,80.399,120.8,0.00673,0.433,0.352022072
1554788760836,80.461,120.8,0.00673,0.43,0.34958312
1554788760882,80.507,120.8,0.00673,0.43,0.34958312
1554788760928,80.553,120.8,0.00673,0.43,0.34958312
1554788760974,80.599,120.8,0.00673,0.43,0.34958312
1554788761036,80.661,120.8,0.00677,0.431,0.352478696
1554788761081,80.707,120.8,0.00677,0.431,0.352478696
1554788761128,80.753,120.8,0.00677,0.431,0.352478696
1554788761174,80.799,120.8,0.00677,0.431,0.352478696
1554788761235,80.86,120.9,0.00673,0.43,0.34987251
1554788761281,80.906,120.9,0.00673,0.43,0.34987251
1554788761327,80.952,120.9,0.00673,0.43,0.34987251
1554788761373,80.998,120.9,0.00673,0.43,0.34987251
1554788761436,81.061,120.9,0.00673,0.431,0.350686167
1554788761482,81.107,120.9,0.00673,0.431,0.350686167
1554788761528,81.153,120.9,0.00673,0.431,0.350686167
1554788761574,81.199,120.9,0.00673,0.431,0.350686167
1554788761636,81.261,120.9,0.0067,0.43,0.3483129
1554788761682,81.307,120.9,0.0067,0.43,0.3483129
1554788761729,81.354,120.9,0.0067,0.43,0.3483129
1554788761775,81.4,120.9,0.0067,0.43,0.3483129
1554788761836,81.461,120.9,0.00672,0.43,0.34935264
1554788761882,81.507,120.9,0.00672,0.43,0.34935264
1554788761928,81.553,120.9,0.00672,0.43,0.34935264
1554788761974,81.599,120.9,0.00672,0.43,0.34935264
1554788762035,81.66,121.0,0.00671,0.43,0.3491213
1554788762081,81.706,121.0,0.00671,0.43,0.3491213
1554788762127,81.752,121.0,0.00671,0.43,0.3491213
1554788762173,81.799,121.0,0.00671,0.43,0.3491213
1554788762236,81.861,121.0,0.00672,0.428,0.34801536
1554788762282,81.907,121.0,0.00672,0.428,0.34801536
1554788762328,81.953,121.0,0.00672,0.428,0.34801536
1554788762374,81.999,121.0,0.00672,0.428,0.34801536
1554788762435,82.06,121.0,0.00672,0.428,0.34801536
1554788762481,82.106,121.0,0.00672,0.428,0.34801536
1554788762527,82.152,121.0,0.00672,0.428,0.34801536
1554788762573,82.198,121.0,0.00672,0.428,0.34801536
1554788762635,82.26,121.0,0.00669,0.431,0.34889019
1554788762682,82.307,121.0,0.00669,0.431,0.34889019
1554788762728,82.353,121.0,0.00669,0.431,0.34889019
1554788762774,82.399,121.0,0.00669,0.431,0.34889019
You pressed Ctrl+C!
1554788762836,82.461,121.0,0.0067,0.428,0.3469796
