# Mon Apr 08 19:42:22 2019
abstime,time_stamp,volt,curr,pf,mul
1554777742459,0.08,121.3,0.00579,0.417,0.292870359
1554777742506,0.127,121.3,0.00579,0.417,0.292870359
1554777742561,0.182,121.3,0.00574,0.415,0.28894873
1554777742607,0.228,121.3,0.00574,0.415,0.28894873
1554777742653,0.274,121.3,0.00574,0.415,0.28894873
1554777742699,0.32,121.3,0.00574,0.415,0.28894873
1554777742761,0.382,121.3,0.0057,0.418,0.28900938
1554777742807,0.428,121.3,0.0057,0.418,0.28900938
1554777742853,0.474,121.3,0.0057,0.418,0.28900938
1554777742899,0.52,121.3,0.0057,0.418,0.28900938
1554777742961,0.582,121.3,0.0057,0.422,0.29177502
1554777743007,0.628,121.3,0.0057,0.422,0.29177502
1554777743053,0.674,121.3,0.0057,0.422,0.29177502
1554777743100,0.721,121.3,0.0057,0.422,0.29177502
1554777743162,0.783,121.4,0.00575,0.415,0.28969075
1554777743208,0.829,121.4,0.00575,0.415,0.28969075
1554777743254,0.875,121.4,0.00575,0.415,0.28969075
1554777743300,0.921,121.4,0.00575,0.415,0.28969075
1554777743361,0.982,121.4,0.00575,0.411,0.28689855
1554777743407,1.028,121.4,0.00575,0.411,0.28689855
1554777743453,1.074,121.4,0.00575,0.411,0.28689855
1554777743500,1.121,121.4,0.00575,0.411,0.28689855
1554777743562,1.183,121.3,0.00577,0.416,0.291158816
1554777743608,1.229,121.3,0.00577,0.416,0.291158816
1554777743655,1.276,121.3,0.00577,0.416,0.291158816
1554777743703,1.324,121.3,0.00577,0.416,0.291158816
1554777743762,1.383,121.3,0.00578,0.416,0.291663424
1554777743808,1.429,121.3,0.00578,0.416,0.291663424
1554777743854,1.475,121.3,0.00578,0.416,0.291663424
1554777743900,1.521,121.3,0.00578,0.416,0.291663424
1554777743961,1.582,121.3,0.00582,0.416,0.293681856
1554777744007,1.628,121.3,0.00582,0.416,0.293681856
1554777744054,1.675,121.3,0.00582,0.416,0.293681856
1554777744101,1.723,121.3,0.00582,0.416,0.293681856
1554777744161,1.782,121.4,0.00582,0.418,0.295337064
1554777744207,1.828,121.4,0.00582,0.418,0.295337064
1554777744253,1.874,121.4,0.00582,0.418,0.295337064
1554777744298,1.92,121.4,0.00582,0.418,0.295337064
1554777744361,1.982,121.4,0.00581,0.416,0.293418944
1554777744407,2.028,121.4,0.00581,0.416,0.293418944
1554777744453,2.074,121.4,0.00581,0.416,0.293418944
1554777744499,2.12,121.4,0.00581,0.416,0.293418944
1554777744561,2.182,121.3,0.00583,0.419,0.296308001
1554777744607,2.228,121.3,0.00583,0.419,0.296308001
1554777744653,2.274,121.3,0.00583,0.419,0.296308001
1554777744699,2.32,121.3,0.00583,0.419,0.296308001
1554777744762,2.383,121.3,0.0058,0.416,0.29267264
1554777744808,2.429,121.3,0.0058,0.416,0.29267264
1554777744854,2.475,121.3,0.0058,0.416,0.29267264
1554777744900,2.521,121.3,0.0058,0.416,0.29267264
1554777744961,2.582,121.4,0.00579,0.417,0.293111802
1554777745007,2.628,121.4,0.00579,0.417,0.293111802
1554777745053,2.674,121.4,0.00579,0.417,0.293111802
1554777745099,2.72,121.4,0.00579,0.417,0.293111802
1554777745161,2.783,121.4,0.00576,0.418,0.292292352
1554777745207,2.829,121.4,0.00576,0.418,0.292292352
1554777745253,2.875,121.4,0.00576,0.418,0.292292352
1554777745300,2.921,121.4,0.00576,0.418,0.292292352
1554777745361,2.982,121.4,0.00575,0.418,0.2917849
1554777745407,3.028,121.4,0.00575,0.418,0.2917849
1554777745453,3.074,121.4,0.00575,0.418,0.2917849
1554777745499,3.12,121.4,0.00575,0.418,0.2917849
1554777745561,3.182,121.3,0.00575,0.417,0.290847075
1554777745607,3.228,121.3,0.00575,0.417,0.290847075
1554777745653,3.274,121.3,0.00575,0.417,0.290847075
1554777745699,3.32,121.3,0.00575,0.417,0.290847075
1554777745761,3.382,121.3,0.00577,0.416,0.291158816
1554777745807,3.428,121.3,0.00577,0.416,0.291158816
1554777745852,3.473,121.3,0.00577,0.416,0.291158816
1554777745898,3.519,121.3,0.00577,0.416,0.291158816
1554777745961,3.582,121.4,0.00577,0.417,0.292099326
1554777746005,3.626,121.4,0.00577,0.417,0.292099326
1554777746051,3.672,121.4,0.00577,0.417,0.292099326
1554777746096,3.717,121.4,0.00577,0.417,0.292099326
1554777746161,3.782,121.4,0.00578,0.411,0.288395412
1554777746206,3.827,121.4,0.00578,0.411,0.288395412
1554777746252,3.873,121.4,0.00578,0.411,0.288395412
1554777746297,3.918,121.4,0.00578,0.411,0.288395412
1554777746361,3.982,121.4,0.00576,0.412,0.288096768
1554777746407,4.028,121.4,0.00576,0.412,0.288096768
1554777746453,4.074,121.4,0.00576,0.412,0.288096768
1554777746499,4.12,121.4,0.00576,0.412,0.288096768
1554777746561,4.182,121.3,0.0057,0.414,0.28624374
1554777746607,4.228,121.3,0.0057,0.414,0.28624374
1554777746654,4.275,121.3,0.0057,0.414,0.28624374
1554777746700,4.321,121.3,0.0057,0.414,0.28624374
1554777746761,4.382,121.3,0.0057,0.417,0.28831797
1554777746807,4.428,121.3,0.0057,0.417,0.28831797
1554777746853,4.474,121.3,0.0057,0.417,0.28831797
1554777746899,4.52,121.3,0.0057,0.417,0.28831797
1554777746960,4.581,121.3,0.00573,0.417,0.289835433
1554777747007,4.628,121.3,0.00573,0.417,0.289835433
1554777747053,4.674,121.3,0.00573,0.417,0.289835433
1554777747099,4.72,121.3,0.00573,0.417,0.289835433
1554777747161,4.782,121.3,0.00574,0.414,0.288252468
1554777747207,4.828,121.3,0.00574,0.414,0.288252468
1554777747253,4.874,121.3,0.00574,0.414,0.288252468
1554777747299,4.92,121.3,0.00574,0.414,0.288252468
1554777747360,4.981,121.3,0.00576,0.416,0.290654208
1554777747406,5.027,121.3,0.00576,0.416,0.290654208
1554777747452,5.073,121.3,0.00576,0.416,0.290654208
1554777747499,5.12,121.3,0.00576,0.416,0.290654208
1554777747561,5.182,121.3,0.00576,0.414,0.289256832
1554777747607,5.228,121.3,0.00576,0.414,0.289256832
1554777747653,5.274,121.3,0.00576,0.414,0.289256832
1554777747699,5.321,121.3,0.00576,0.414,0.289256832
1554777747761,5.382,121.3,0.00577,0.416,0.291158816
1554777747807,5.428,121.3,0.00577,0.416,0.291158816
1554777747853,5.474,121.3,0.00577,0.416,0.291158816
1554777747899,5.52,121.3,0.00577,0.416,0.291158816
1554777747960,5.581,121.3,0.00575,0.417,0.290847075
1554777748006,5.627,121.3,0.00575,0.417,0.290847075
1554777748053,5.674,121.3,0.00575,0.417,0.290847075
1554777748099,5.72,121.3,0.00575,0.417,0.290847075
1554777748161,5.782,121.3,0.00576,0.418,0.292051584
1554777748207,5.828,121.3,0.00576,0.418,0.292051584
1554777748253,5.874,121.3,0.00576,0.418,0.292051584
1554777748299,5.92,121.3,0.00576,0.418,0.292051584
1554777748360,5.981,121.4,0.00577,0.416,0.291398848
1554777748407,6.028,121.4,0.00577,0.416,0.291398848
1554777748453,6.074,121.4,0.00577,0.416,0.291398848
1554777748499,6.12,121.4,0.00577,0.416,0.291398848
1554777748561,6.182,121.4,0.00578,0.418,0.293307256
1554777748607,6.228,121.4,0.00578,0.418,0.293307256
1554777748653,6.274,121.4,0.00578,0.418,0.293307256
1554777748699,6.32,121.4,0.00578,0.418,0.293307256
1554777748760,6.381,121.3,0.00581,0.416,0.293177248
1554777748806,6.427,121.3,0.00581,0.416,0.293177248
1554777748852,6.473,121.3,0.00581,0.416,0.293177248
1554777748898,6.519,121.3,0.00581,0.416,0.293177248
1554777748961,6.582,121.3,0.00584,0.414,0.293274288
1554777749007,6.628,121.3,0.00584,0.414,0.293274288
1554777749053,6.674,121.3,0.00584,0.414,0.293274288
1554777749099,6.72,121.3,0.00584,0.414,0.293274288
1554777749160,6.781,121.3,0.00584,0.415,0.29398268
1554777749206,6.827,121.3,0.00584,0.415,0.29398268
1554777749252,6.873,121.3,0.00584,0.415,0.29398268
1554777749299,6.92,121.3,0.00584,0.415,0.29398268
1554777749361,6.982,121.3,0.00577,0.415,0.290458915
1554777749407,7.028,121.3,0.00577,0.415,0.290458915
1554777749453,7.074,121.3,0.00577,0.415,0.290458915
1554777749499,7.12,121.3,0.00577,0.415,0.290458915
1554777749560,7.181,121.3,0.00578,0.417,0.292364538
1554777749606,7.227,121.3,0.00578,0.417,0.292364538
1554777749652,7.273,121.3,0.00578,0.417,0.292364538
1554777749698,7.319,121.3,0.00578,0.417,0.292364538
1554777749760,7.381,121.3,0.00576,0.416,0.290654208
1554777749806,7.427,121.3,0.00576,0.416,0.290654208
1554777749853,7.474,121.3,0.00576,0.416,0.290654208
1554777749899,7.52,121.3,0.00576,0.416,0.290654208
1554777749960,7.581,121.3,0.00577,0.416,0.291158816
1554777750006,7.627,121.3,0.00577,0.416,0.291158816
1554777750052,7.673,121.3,0.00577,0.416,0.291158816
1554777750098,7.719,121.3,0.00577,0.416,0.291158816
1554777750160,7.781,121.3,0.00571,0.418,0.289516414
1554777750206,7.827,121.3,0.00571,0.418,0.289516414
1554777750252,7.874,121.3,0.00571,0.418,0.289516414
1554777750299,7.92,121.3,0.00571,0.418,0.289516414
1554777750360,7.981,121.3,0.00574,0.416,0.289644992
1554777750406,8.027,121.3,0.00574,0.416,0.289644992
1554777750452,8.073,121.3,0.00574,0.416,0.289644992
1554777750498,8.119,121.3,0.00574,0.416,0.289644992
1554777750560,8.181,121.3,0.00569,0.417,0.287812149
1554777750606,8.228,121.3,0.00569,0.417,0.287812149
1554777750653,8.274,121.3,0.00569,0.417,0.287812149
1554777750699,8.32,121.3,0.00569,0.417,0.287812149
1554777750760,8.381,121.3,0.00565,0.42,0.2878449
1554777750806,8.427,121.3,0.00565,0.42,0.2878449
1554777750852,8.473,121.3,0.00565,0.42,0.2878449
1554777750898,8.519,121.3,0.00565,0.42,0.2878449
1554777750960,8.581,121.3,0.00569,0.419,0.289192543
1554777751007,8.628,121.3,0.00569,0.419,0.289192543
1554777751053,8.674,121.3,0.00569,0.419,0.289192543
1554777751099,8.72,121.3,0.00569,0.419,0.289192543
1554777751160,8.781,121.3,0.00571,0.418,0.289516414
1554777751206,8.827,121.3,0.00571,0.418,0.289516414
1554777751252,8.873,121.3,0.00571,0.418,0.289516414
1554777751298,8.919,121.3,0.00571,0.418,0.289516414
1554777751360,8.981,121.3,0.00569,0.417,0.287812149
1554777751406,9.027,121.3,0.00569,0.417,0.287812149
1554777751453,9.074,121.3,0.00569,0.417,0.287812149
1554777751498,9.119,121.3,0.00569,0.417,0.287812149
1554777751560,9.181,121.3,0.00573,0.415,0.288445335
1554777751606,9.227,121.3,0.00573,0.415,0.288445335
1554777751652,9.273,121.3,0.00573,0.415,0.288445335
1554777751698,9.319,121.3,0.00573,0.415,0.288445335
1554777751760,9.381,121.3,0.0058,0.416,0.29267264
1554777751806,9.427,121.3,0.0058,0.416,0.29267264
1554777751852,9.473,121.3,0.0058,0.416,0.29267264
1554777751898,9.519,121.3,0.0058,0.416,0.29267264
1554777751961,9.582,121.3,0.0058,0.418,0.29407972
1554777752007,9.628,121.3,0.0058,0.418,0.29407972
1554777752053,9.674,121.3,0.0058,0.418,0.29407972
1554777752099,9.72,121.3,0.0058,0.418,0.29407972
1554777752160,9.781,121.3,0.00578,0.419,0.293766766
1554777752206,9.827,121.3,0.00578,0.419,0.293766766
1554777752253,9.874,121.3,0.00578,0.419,0.293766766
1554777752299,9.92,121.3,0.00578,0.419,0.293766766
1554777752360,9.981,121.4,0.00579,0.417,0.293111802
1554777752406,10.027,121.4,0.00579,0.417,0.293111802
1554777752452,10.073,121.4,0.00579,0.417,0.293111802
1554777752498,10.119,121.4,0.00579,0.417,0.293111802
1554777752560,10.181,121.3,0.00578,0.419,0.293766766
1554777752606,10.227,121.3,0.00578,0.419,0.293766766
1554777752652,10.273,121.3,0.00578,0.419,0.293766766
1554777752698,10.319,121.3,0.00578,0.419,0.293766766
1554777752761,10.382,121.3,0.00575,0.419,0.292242025
1554777752807,10.428,121.3,0.00575,0.419,0.292242025
1554777752853,10.474,121.3,0.00575,0.419,0.292242025
1554777752899,10.52,121.3,0.00575,0.419,0.292242025
1554777752960,10.581,121.3,0.00577,0.418,0.292558618
1554777753006,10.627,121.3,0.00577,0.418,0.292558618
1554777753052,10.673,121.3,0.00577,0.418,0.292558618
1554777753098,10.719,121.3,0.00577,0.418,0.292558618
1554777753160,10.781,121.3,0.00577,0.418,0.292558618
1554777753207,10.828,121.3,0.00577,0.418,0.292558618
1554777753254,10.875,121.3,0.00577,0.418,0.292558618
1554777753300,10.921,121.3,0.00577,0.418,0.292558618
1554777753360,10.981,121.3,0.00575,0.415,0.289452125
1554777753406,11.027,121.3,0.00575,0.415,0.289452125
1554777753452,11.073,121.3,0.00575,0.415,0.289452125
1554777753498,11.119,121.3,0.00575,0.415,0.289452125
1554777753559,11.18,121.3,0.00577,0.416,0.291158816
1554777753605,11.226,121.3,0.00577,0.416,0.291158816
1554777753651,11.272,121.3,0.00577,0.416,0.291158816
1554777753697,11.318,121.3,0.00577,0.416,0.291158816
1554777753759,11.38,121.3,0.00576,0.414,0.289256832
1554777753806,11.427,121.3,0.00576,0.414,0.289256832
1554777753852,11.473,121.3,0.00576,0.414,0.289256832
1554777753898,11.519,121.3,0.00576,0.414,0.289256832
1554777753960,11.581,121.3,0.00578,0.419,0.293766766
1554777754006,11.627,121.3,0.00578,0.419,0.293766766
1554777754053,11.674,121.3,0.00578,0.419,0.293766766
1554777754099,11.72,121.3,0.00578,0.419,0.293766766
1554777754161,11.782,121.3,0.00576,0.417,0.291352896
1554777754207,11.828,121.3,0.00576,0.417,0.291352896
1554777754253,11.874,121.3,0.00576,0.417,0.291352896
1554777754299,11.92,121.3,0.00576,0.417,0.291352896
1554777754360,11.981,121.4,0.00575,0.415,0.28969075
1554777754406,12.027,121.4,0.00575,0.415,0.28969075
1554777754452,12.073,121.4,0.00575,0.415,0.28969075
1554777754498,12.119,121.4,0.00575,0.415,0.28969075
1554777754561,12.182,121.3,0.00569,0.415,0.286431755
1554777754607,12.228,121.3,0.00569,0.415,0.286431755
1554777754653,12.274,121.3,0.00569,0.415,0.286431755
1554777754699,12.32,121.3,0.00569,0.415,0.286431755
1554777754760,12.381,121.3,0.00568,0.419,0.288684296
1554777754806,12.427,121.3,0.00568,0.419,0.288684296
1554777754853,12.474,121.3,0.00568,0.419,0.288684296
1554777754899,12.52,121.3,0.00568,0.419,0.288684296
1554777754961,12.582,121.2,0.0057,0.417,0.28808028
1554777755007,12.628,121.2,0.0057,0.417,0.28808028
1554777755053,12.674,121.2,0.0057,0.417,0.28808028
1554777755099,12.72,121.2,0.0057,0.417,0.28808028
1554777755160,12.781,121.2,0.00574,0.417,0.290101896
1554777755206,12.827,121.2,0.00574,0.417,0.290101896
1554777755252,12.873,121.2,0.00574,0.417,0.290101896
1554777755299,12.92,121.2,0.00574,0.417,0.290101896
1554777755360,12.981,121.2,0.00571,0.418,0.289277736
1554777755406,13.027,121.2,0.00571,0.418,0.289277736
1554777755452,13.073,121.2,0.00571,0.418,0.289277736
1554777755498,13.119,121.2,0.00571,0.418,0.289277736
1554777755560,13.181,121.3,0.00572,0.418,0.290023448
1554777755606,13.227,121.3,0.00572,0.418,0.290023448
1554777755652,13.273,121.3,0.00572,0.418,0.290023448
1554777755698,13.319,121.3,0.00572,0.418,0.290023448
1554777755761,13.382,121.3,0.00573,0.418,0.290530482
1554777755807,13.428,121.3,0.00573,0.418,0.290530482
1554777755853,13.474,121.3,0.00573,0.418,0.290530482
1554777755899,13.52,121.3,0.00573,0.418,0.290530482
1554777755960,13.581,121.3,0.00575,0.419,0.292242025
1554777756006,13.627,121.3,0.00575,0.419,0.292242025
1554777756052,13.673,121.3,0.00575,0.419,0.292242025
1554777756098,13.719,121.3,0.00575,0.419,0.292242025
1554777756160,13.781,121.3,0.00578,0.416,0.291663424
1554777756205,13.826,121.3,0.00578,0.416,0.291663424
1554777756251,13.872,121.3,0.00578,0.416,0.291663424
1554777756297,13.918,121.3,0.00578,0.416,0.291663424
1554777756360,13.981,121.3,0.00576,0.418,0.292051584
1554777756405,14.026,121.3,0.00576,0.418,0.292051584
1554777756451,14.072,121.3,0.00576,0.418,0.292051584
1554777756497,14.119,121.3,0.00576,0.418,0.292051584
1554777756560,14.181,121.3,0.00573,0.418,0.290530482
1554777756606,14.227,121.3,0.00573,0.418,0.290530482
1554777756652,14.274,121.3,0.00573,0.418,0.290530482
1554777756699,14.32,121.3,0.00573,0.418,0.290530482
1554777756760,14.381,121.2,0.00585,0.415,0.2942433
1554777756806,14.427,121.2,0.00585,0.415,0.2942433
1554777756852,14.473,121.2,0.00585,0.415,0.2942433
1554777756898,14.519,121.2,0.00585,0.415,0.2942433
1554777756959,14.58,121.2,0.00582,0.415,0.29273436
1554777757005,14.626,121.2,0.00582,0.415,0.29273436
1554777757051,14.672,121.2,0.00582,0.415,0.29273436
1554777757097,14.718,121.2,0.00582,0.415,0.29273436
1554777757159,14.781,121.3,0.00579,0.418,0.293572686
1554777757206,14.827,121.3,0.00579,0.418,0.293572686
1554777757252,14.873,121.3,0.00579,0.418,0.293572686
1554777757298,14.919,121.3,0.00579,0.418,0.293572686
1554777757360,14.981,121.3,0.00576,0.418,0.292051584
1554777757406,15.027,121.3,0.00576,0.418,0.292051584
1554777757452,15.073,121.3,0.00576,0.418,0.292051584
1554777757499,15.12,121.3,0.00576,0.418,0.292051584
1554777757560,15.181,121.2,0.00577,0.417,0.291618108
1554777757606,15.227,121.2,0.00577,0.417,0.291618108
1554777757652,15.273,121.2,0.00577,0.417,0.291618108
1554777757698,15.319,121.2,0.00577,0.417,0.291618108
1554777757759,15.38,121.2,0.00574,0.417,0.290101896
1554777757805,15.426,121.2,0.00574,0.417,0.290101896
1554777757851,15.472,121.2,0.00574,0.417,0.290101896
1554777757897,15.518,121.2,0.00574,0.417,0.290101896
1554777757959,15.58,121.2,0.00576,0.419,0.292508928
1554777758005,15.626,121.2,0.00576,0.419,0.292508928
1554777758052,15.673,121.2,0.00576,0.419,0.292508928
1554777758098,15.719,121.2,0.00576,0.419,0.292508928
1554777758159,15.78,121.2,0.00574,0.414,0.288014832
1554777758205,15.826,121.2,0.00574,0.414,0.288014832
1554777758251,15.872,121.2,0.00574,0.414,0.288014832
1554777758297,15.918,121.2,0.00574,0.414,0.288014832
1554777758359,15.98,121.3,0.00573,0.416,0.289140384
1554777758405,16.026,121.3,0.00573,0.416,0.289140384
1554777758452,16.073,121.3,0.00573,0.416,0.289140384
1554777758498,16.119,121.3,0.00573,0.416,0.289140384
1554777758559,16.18,121.2,0.00571,0.415,0.28720158
1554777758605,16.226,121.2,0.00571,0.415,0.28720158
1554777758651,16.272,121.2,0.00571,0.415,0.28720158
1554777758697,16.318,121.2,0.00571,0.415,0.28720158
1554777758759,16.38,121.3,0.00571,0.419,0.290209037
1554777758805,16.426,121.3,0.00571,0.419,0.290209037
1554777758851,16.472,121.3,0.00571,0.419,0.290209037
1554777758897,16.518,121.3,0.00571,0.419,0.290209037
1554777758960,16.581,121.3,0.00573,0.416,0.289140384
1554777759006,16.627,121.3,0.00573,0.416,0.289140384
1554777759052,16.673,121.3,0.00573,0.416,0.289140384
1554777759098,16.719,121.3,0.00573,0.416,0.289140384
1554777759159,16.78,121.3,0.00577,0.413,0.289059113
1554777759205,16.826,121.3,0.00577,0.413,0.289059113
1554777759252,16.873,121.3,0.00577,0.413,0.289059113
1554777759298,16.919,121.3,0.00577,0.413,0.289059113
1554777759359,16.98,121.3,0.00574,0.415,0.28894873
1554777759405,17.026,121.3,0.00574,0.415,0.28894873
1554777759450,17.072,121.3,0.00574,0.415,0.28894873
1554777759497,17.118,121.3,0.00574,0.415,0.28894873
1554777759559,17.18,121.3,0.00571,0.419,0.290209037
1554777759605,17.226,121.3,0.00571,0.419,0.290209037
1554777759651,17.272,121.3,0.00571,0.419,0.290209037
1554777759697,17.318,121.3,0.00571,0.419,0.290209037
1554777759760,17.381,121.3,0.00578,0.415,0.29096231
1554777759806,17.427,121.3,0.00578,0.415,0.29096231
1554777759852,17.473,121.3,0.00578,0.415,0.29096231
1554777759898,17.519,121.3,0.00578,0.415,0.29096231
1554777759959,17.58,121.3,0.0058,0.415,0.2919691
1554777760005,17.626,121.3,0.0058,0.415,0.2919691
1554777760051,17.673,121.3,0.0058,0.415,0.2919691
1554777760098,17.719,121.3,0.0058,0.415,0.2919691
1554777760159,17.78,121.3,0.00579,0.416,0.292168032
1554777760205,17.826,121.3,0.00579,0.416,0.292168032
1554777760250,17.871,121.3,0.00579,0.416,0.292168032
1554777760297,17.918,121.3,0.00579,0.416,0.292168032
1554777760359,17.98,121.4,0.00579,0.415,0.29170599
1554777760405,18.026,121.4,0.00579,0.415,0.29170599
1554777760451,18.072,121.4,0.00579,0.415,0.29170599
1554777760497,18.118,121.4,0.00579,0.415,0.29170599
1554777760559,18.18,121.4,0.00581,0.414,0.292008276
1554777760606,18.227,121.4,0.00581,0.414,0.292008276
1554777760652,18.273,121.4,0.00581,0.414,0.292008276
1554777760698,18.319,121.4,0.00581,0.414,0.292008276
1554777760759,18.38,121.2,0.00582,0.414,0.292028976
1554777760805,18.426,121.2,0.00582,0.414,0.292028976
1554777760852,18.473,121.2,0.00582,0.414,0.292028976
1554777760898,18.519,121.2,0.00582,0.414,0.292028976
1554777760959,18.58,121.3,0.00584,0.414,0.293274288
1554777761005,18.626,121.3,0.00584,0.414,0.293274288
1554777761051,18.672,121.3,0.00584,0.414,0.293274288
1554777761097,18.718,121.3,0.00584,0.414,0.293274288
1554777761159,18.78,121.3,0.00586,0.417,0.296411106
1554777761205,18.826,121.3,0.00586,0.417,0.296411106
1554777761251,18.872,121.3,0.00586,0.417,0.296411106
1554777761297,18.918,121.3,0.00586,0.417,0.296411106
1554777761359,18.98,121.4,0.00585,0.413,0.29330847
1554777761405,19.026,121.4,0.00585,0.413,0.29330847
1554777761451,19.072,121.4,0.00585,0.413,0.29330847
1554777761497,19.118,121.4,0.00585,0.413,0.29330847
1554777761559,19.18,121.4,0.00582,0.412,0.291097776
1554777761606,19.227,121.4,0.00582,0.412,0.291097776
1554777761652,19.273,121.4,0.00582,0.412,0.291097776
1554777761698,19.319,121.4,0.00582,0.412,0.291097776
1554777761759,19.38,121.3,0.00578,0.414,0.290261196
1554777761805,19.426,121.3,0.00578,0.414,0.290261196
1554777761851,19.472,121.3,0.00578,0.414,0.290261196
1554777761897,19.518,121.3,0.00578,0.414,0.290261196
1554777761959,19.58,121.3,0.00579,0.413,0.290061051
1554777762006,19.627,121.3,0.00579,0.413,0.290061051
1554777762052,19.673,121.3,0.00579,0.413,0.290061051
1554777762097,19.719,121.3,0.00579,0.413,0.290061051
1554777762159,19.78,121.3,0.0058,0.416,0.29267264
1554777762204,19.826,121.3,0.0058,0.416,0.29267264
1554777762250,19.871,121.3,0.0058,0.416,0.29267264
1554777762296,19.918,121.3,0.0058,0.416,0.29267264
1554777762359,19.98,121.3,0.00578,0.416,0.291663424
1554777762405,20.026,121.3,0.00578,0.416,0.291663424
1554777762451,20.072,121.3,0.00578,0.416,0.291663424
1554777762497,20.118,121.3,0.00578,0.416,0.291663424
1554777762558,20.179,121.3,0.00575,0.414,0.28875465
1554777762604,20.225,121.3,0.00575,0.414,0.28875465
1554777762650,20.271,121.3,0.00575,0.414,0.28875465
1554777762696,20.318,121.3,0.00575,0.414,0.28875465
1554777762759,20.38,121.3,0.00568,0.417,0.287306328
1554777762805,20.426,121.3,0.00568,0.417,0.287306328
1554777762851,20.472,121.3,0.00568,0.417,0.287306328
1554777762897,20.518,121.3,0.00568,0.417,0.287306328
1554777762959,20.58,121.2,0.00572,0.414,0.287011296
1554777763004,20.625,121.2,0.00572,0.414,0.287011296
1554777763050,20.671,121.2,0.00572,0.414,0.287011296
1554777763096,20.717,121.2,0.00572,0.414,0.287011296
1554777763159,20.78,121.2,0.00578,0.416,0.291422976
1554777763205,20.826,121.2,0.00578,0.416,0.291422976
1554777763251,20.872,121.2,0.00578,0.416,0.291422976
1554777763297,20.918,121.2,0.00578,0.416,0.291422976
1554777763358,20.979,121.3,0.00576,0.414,0.289256832
1554777763404,21.025,121.3,0.00576,0.414,0.289256832
1554777763450,21.071,121.3,0.00576,0.414,0.289256832
1554777763496,21.117,121.3,0.00576,0.414,0.289256832
1554777763559,21.18,121.3,0.0058,0.412,0.28985848
1554777763605,21.226,121.3,0.0058,0.412,0.28985848
1554777763651,21.272,121.3,0.0058,0.412,0.28985848
1554777763697,21.318,121.3,0.0058,0.412,0.28985848
1554777763759,21.38,121.3,0.00578,0.414,0.290261196
1554777763805,21.426,121.3,0.00578,0.414,0.290261196
1554777763851,21.472,121.3,0.00578,0.414,0.290261196
1554777763898,21.519,121.3,0.00578,0.414,0.290261196
1554777763959,21.58,121.3,0.00581,0.415,0.292472495
1554777764005,21.626,121.3,0.00581,0.415,0.292472495
1554777764051,21.672,121.3,0.00581,0.415,0.292472495
1554777764097,21.718,121.3,0.00581,0.415,0.292472495
1554777764159,21.78,121.3,0.0058,0.419,0.29478326
1554777764206,21.827,121.3,0.0058,0.419,0.29478326
1554777764252,21.873,121.3,0.0058,0.419,0.29478326
1554777764298,21.919,121.3,0.0058,0.419,0.29478326
1554777764359,21.98,121.4,0.00579,0.416,0.292408896
1554777764405,22.026,121.4,0.00579,0.416,0.292408896
1554777764451,22.072,121.4,0.00579,0.416,0.292408896
1554777764497,22.118,121.4,0.00579,0.416,0.292408896
1554777764558,22.179,121.4,0.00584,0.416,0.294934016
1554777764604,22.225,121.4,0.00584,0.416,0.294934016
1554777764650,22.271,121.4,0.00584,0.416,0.294934016
1554777764696,22.317,121.4,0.00584,0.416,0.294934016
1554777764759,22.38,121.3,0.00581,0.418,0.294586754
1554777764805,22.426,121.3,0.00581,0.418,0.294586754
1554777764851,22.472,121.3,0.00581,0.418,0.294586754
1554777764897,22.518,121.3,0.00581,0.418,0.294586754
1554777764958,22.579,121.3,0.00577,0.419,0.293258519
1554777765004,22.625,121.3,0.00577,0.419,0.293258519
1554777765050,22.671,121.3,0.00577,0.419,0.293258519
1554777765096,22.717,121.3,0.00577,0.419,0.293258519
1554777765159,22.78,121.3,0.00577,0.416,0.291158816
1554777765205,22.826,121.3,0.00577,0.416,0.291158816
1554777765251,22.872,121.3,0.00577,0.416,0.291158816
1554777765297,22.918,121.3,0.00577,0.416,0.291158816
1554777765358,22.979,121.4,0.00577,0.417,0.292099326
1554777765404,23.025,121.4,0.00577,0.417,0.292099326
1554777765450,23.072,121.4,0.00577,0.417,0.292099326
1554777765497,23.118,121.4,0.00577,0.417,0.292099326
1554777765559,23.18,121.4,0.00582,0.41,0.28968468
1554777765605,23.226,121.4,0.00582,0.41,0.28968468
1554777765651,23.272,121.4,0.00582,0.41,0.28968468
1554777765697,23.318,121.4,0.00582,0.41,0.28968468
1554777765759,23.38,121.3,0.00575,0.416,0.2901496
1554777765805,23.426,121.3,0.00575,0.416,0.2901496
1554777765851,23.472,121.3,0.00575,0.416,0.2901496
1554777765897,23.518,121.3,0.00575,0.416,0.2901496
1554777765959,23.58,121.3,0.00569,0.416,0.287121952
1554777766005,23.626,121.3,0.00569,0.416,0.287121952
1554777766051,23.672,121.3,0.00569,0.416,0.287121952
1554777766097,23.718,121.3,0.00569,0.416,0.287121952
1554777766158,23.779,121.4,0.00572,0.416,0.288873728
1554777766205,23.826,121.4,0.00572,0.416,0.288873728
1554777766251,23.872,121.4,0.00572,0.416,0.288873728
1554777766297,23.918,121.4,0.00572,0.416,0.288873728
1554777766359,23.98,121.4,0.00579,0.411,0.288894366
1554777766405,24.026,121.4,0.00579,0.411,0.288894366
1554777766451,24.072,121.4,0.00579,0.411,0.288894366
1554777766498,24.119,121.4,0.00579,0.411,0.288894366
1554777766559,24.18,121.4,0.00567,0.416,0.286348608
1554777766605,24.226,121.4,0.00567,0.416,0.286348608
1554777766651,24.272,121.4,0.00567,0.416,0.286348608
1554777766697,24.318,121.4,0.00567,0.416,0.286348608
1554777766759,24.38,121.3,0.00569,0.418,0.288502346
1554777766805,24.426,121.3,0.00569,0.418,0.288502346
1554777766851,24.472,121.3,0.00569,0.418,0.288502346
1554777766898,24.519,121.3,0.00569,0.418,0.288502346
1554777766959,24.58,121.3,0.00576,0.415,0.28995552
1554777767005,24.626,121.3,0.00576,0.415,0.28995552
1554777767051,24.672,121.3,0.00576,0.415,0.28995552
1554777767097,24.718,121.3,0.00576,0.415,0.28995552
1554777767159,24.78,121.3,0.00574,0.415,0.28894873
1554777767205,24.826,121.3,0.00574,0.415,0.28894873
1554777767251,24.872,121.3,0.00574,0.415,0.28894873
1554777767298,24.919,121.3,0.00574,0.415,0.28894873
1554777767359,24.98,121.3,0.00573,0.416,0.289140384
1554777767405,25.026,121.3,0.00573,0.416,0.289140384
1554777767451,25.072,121.3,0.00573,0.416,0.289140384
1554777767497,25.118,121.3,0.00573,0.416,0.289140384
1554777767558,25.179,121.3,0.00578,0.414,0.290261196
1554777767604,25.225,121.3,0.00578,0.414,0.290261196
1554777767650,25.271,121.3,0.00578,0.414,0.290261196
1554777767696,25.317,121.3,0.00578,0.414,0.290261196
1554777767758,25.379,121.3,0.00581,0.412,0.290358236
1554777767804,25.425,121.3,0.00581,0.412,0.290358236
1554777767850,25.471,121.3,0.00581,0.412,0.290358236
1554777767897,25.518,121.3,0.00581,0.412,0.290358236
1554777767959,25.58,121.3,0.00582,0.414,0.292269924
1554777768005,25.626,121.3,0.00582,0.414,0.292269924
1554777768051,25.672,121.3,0.00582,0.414,0.292269924
1554777768097,25.718,121.3,0.00582,0.414,0.292269924
1554777768158,25.779,121.3,0.00583,0.415,0.293479285
1554777768204,25.825,121.3,0.00583,0.415,0.293479285
1554777768250,25.871,121.3,0.00583,0.415,0.293479285
1554777768296,25.917,121.3,0.00583,0.415,0.293479285
1554777768358,25.979,121.4,0.00583,0.414,0.293013468
1554777768404,26.025,121.4,0.00583,0.414,0.293013468
1554777768450,26.071,121.4,0.00583,0.414,0.293013468
1554777768496,26.117,121.4,0.00583,0.414,0.293013468
1554777768559,26.18,121.3,0.00581,0.415,0.292472495
1554777768605,26.226,121.3,0.00581,0.415,0.292472495
1554777768651,26.272,121.3,0.00581,0.415,0.292472495
1554777768697,26.318,121.3,0.00581,0.415,0.292472495
1554777768759,26.38,121.4,0.00585,0.413,0.29330847
1554777768805,26.426,121.4,0.00585,0.413,0.29330847
1554777768851,26.472,121.4,0.00585,0.413,0.29330847
1554777768897,26.518,121.4,0.00585,0.413,0.29330847
1554777768958,26.579,121.3,0.00583,0.412,0.291357748
1554777769004,26.625,121.3,0.00583,0.412,0.291357748
1554777769050,26.671,121.3,0.00583,0.412,0.291357748
1554777769096,26.717,121.3,0.00583,0.412,0.291357748
1554777769159,26.78,121.4,0.00582,0.412,0.291097776
1554777769205,26.826,121.4,0.00582,0.412,0.291097776
1554777769251,26.872,121.4,0.00582,0.412,0.291097776
1554777769297,26.918,121.4,0.00582,0.412,0.291097776
1554777769358,26.979,121.4,0.00581,0.414,0.292008276
1554777769404,27.025,121.4,0.00581,0.414,0.292008276
1554777769450,27.071,121.4,0.00581,0.414,0.292008276
1554777769496,27.117,121.4,0.00581,0.414,0.292008276
1554777769558,27.179,121.4,0.00579,0.414,0.291003084
1554777769604,27.225,121.4,0.00579,0.414,0.291003084
1554777769650,27.271,121.4,0.00579,0.414,0.291003084
1554777769696,27.317,121.4,0.00579,0.414,0.291003084
1554777769758,27.379,121.4,0.00581,0.409,0.288481606
1554777769805,27.426,121.4,0.00581,0.409,0.288481606
1554777769851,27.472,121.4,0.00581,0.409,0.288481606
1554777769897,27.518,121.4,0.00581,0.409,0.288481606
1554777769958,27.579,121.3,0.00586,0.409,0.290724562
1554777770004,27.625,121.3,0.00586,0.409,0.290724562
1554777770050,27.671,121.3,0.00586,0.409,0.290724562
1554777770096,27.717,121.3,0.00586,0.409,0.290724562
1554777770158,27.779,121.4,0.0058,0.412,0.29009744
1554777770205,27.826,121.4,0.0058,0.412,0.29009744
1554777770251,27.872,121.4,0.0058,0.412,0.29009744
1554777770297,27.918,121.4,0.0058,0.412,0.29009744
1554777770358,27.979,121.4,0.00571,0.415,0.28767551
1554777770404,28.025,121.4,0.00571,0.415,0.28767551
1554777770450,28.071,121.4,0.00571,0.415,0.28767551
1554777770496,28.117,121.4,0.00571,0.415,0.28767551
1554777770559,28.18,121.4,0.0057,0.416,0.28786368
1554777770605,28.226,121.4,0.0057,0.416,0.28786368
1554777770651,28.272,121.4,0.0057,0.416,0.28786368
1554777770697,28.318,121.4,0.0057,0.416,0.28786368
1554777770758,28.379,121.3,0.0057,0.416,0.28762656
1554777770804,28.425,121.3,0.0057,0.416,0.28762656
1554777770851,28.472,121.3,0.0057,0.416,0.28762656
1554777770897,28.518,121.3,0.0057,0.416,0.28762656
1554777770958,28.579,121.3,0.00575,0.415,0.289452125
1554777771004,28.625,121.3,0.00575,0.415,0.289452125
1554777771049,28.67,121.3,0.00575,0.415,0.289452125
1554777771095,28.717,121.3,0.00575,0.415,0.289452125
1554777771158,28.779,121.3,0.00575,0.418,0.29154455
1554777771204,28.825,121.3,0.00575,0.418,0.29154455
1554777771250,28.871,121.3,0.00575,0.418,0.29154455
1554777771296,28.917,121.3,0.00575,0.418,0.29154455
1554777771358,28.979,121.3,0.00573,0.42,0.29192058
1554777771403,29.025,121.3,0.00573,0.42,0.29192058
1554777771449,29.07,121.3,0.00573,0.42,0.29192058
1554777771495,29.117,121.3,0.00573,0.42,0.29192058
1554777771558,29.179,121.3,0.00576,0.418,0.292051584
1554777771604,29.225,121.3,0.00576,0.418,0.292051584
1554777771650,29.271,121.3,0.00576,0.418,0.292051584
1554777771696,29.317,121.3,0.00576,0.418,0.292051584
1554777771757,29.379,121.3,0.00572,0.419,0.290717284
1554777771803,29.424,121.3,0.00572,0.419,0.290717284
1554777771849,29.47,121.3,0.00572,0.419,0.290717284
1554777771896,29.517,121.3,0.00572,0.419,0.290717284
1554777771958,29.579,121.3,0.00578,0.417,0.292364538
1554777772004,29.625,121.3,0.00578,0.417,0.292364538
1554777772050,29.671,121.3,0.00578,0.417,0.292364538
1554777772096,29.717,121.3,0.00578,0.417,0.292364538
1554777772158,29.779,121.3,0.00585,0.412,0.29235726
1554777772204,29.825,121.3,0.00585,0.412,0.29235726
1554777772251,29.872,121.3,0.00585,0.412,0.29235726
1554777772297,29.918,121.3,0.00585,0.412,0.29235726
1554777772358,29.979,121.4,0.00584,0.416,0.294934016
1554777772404,30.025,121.4,0.00584,0.416,0.294934016
1554777772450,30.071,121.4,0.00584,0.416,0.294934016
1554777772496,30.117,121.4,0.00584,0.416,0.294934016
1554777772557,30.178,121.4,0.00578,0.418,0.293307256
1554777772603,30.224,121.4,0.00578,0.418,0.293307256
1554777772649,30.27,121.4,0.00578,0.418,0.293307256
1554777772695,30.316,121.4,0.00578,0.418,0.293307256
1554777772757,30.378,121.3,0.00573,0.418,0.290530482
1554777772803,30.424,121.3,0.00573,0.418,0.290530482
1554777772849,30.47,121.3,0.00573,0.418,0.290530482
1554777772895,30.516,121.3,0.00573,0.418,0.290530482
1554777772958,30.579,121.3,0.00579,0.417,0.292870359
1554777773004,30.625,121.3,0.00579,0.417,0.292870359
1554777773050,30.671,121.3,0.00579,0.417,0.292870359
1554777773096,30.717,121.3,0.00579,0.417,0.292870359
1554777773157,30.778,121.4,0.00579,0.415,0.29170599
1554777773203,30.824,121.4,0.00579,0.415,0.29170599
1554777773249,30.87,121.4,0.00579,0.415,0.29170599
1554777773295,30.916,121.4,0.00579,0.415,0.29170599
1554777773358,30.979,121.4,0.00575,0.416,0.2903888
1554777773404,31.025,121.4,0.00575,0.416,0.2903888
1554777773450,31.071,121.4,0.00575,0.416,0.2903888
1554777773496,31.117,121.4,0.00575,0.416,0.2903888
1554777773557,31.178,121.4,0.00576,0.416,0.290893824
1554777773603,31.224,121.4,0.00576,0.416,0.290893824
1554777773649,31.27,121.4,0.00576,0.416,0.290893824
1554777773695,31.316,121.4,0.00576,0.416,0.290893824
1554777773758,31.379,121.4,0.00574,0.417,0.290580612
1554777773804,31.425,121.4,0.00574,0.417,0.290580612
1554777773850,31.471,121.4,0.00574,0.417,0.290580612
1554777773896,31.517,121.4,0.00574,0.417,0.290580612
1554777773957,31.578,121.4,0.00574,0.417,0.290580612
1554777774003,31.624,121.4,0.00574,0.417,0.290580612
1554777774049,31.67,121.4,0.00574,0.417,0.290580612
1554777774095,31.716,121.4,0.00574,0.417,0.290580612
1554777774157,31.778,121.3,0.00576,0.417,0.291352896
1554777774203,31.824,121.3,0.00576,0.417,0.291352896
1554777774249,31.871,121.3,0.00576,0.417,0.291352896
1554777774296,31.917,121.3,0.00576,0.417,0.291352896
1554777774357,31.978,121.4,0.00571,0.417,0.289061898
1554777774403,32.024,121.4,0.00571,0.417,0.289061898
1554777774449,32.07,121.4,0.00571,0.417,0.289061898
1554777774495,32.116,121.4,0.00571,0.417,0.289061898
1554777774557,32.179,121.4,0.00574,0.415,0.28918694
1554777774604,32.225,121.4,0.00574,0.415,0.28918694
1554777774650,32.271,121.4,0.00574,0.415,0.28918694
1554777774696,32.317,121.4,0.00574,0.415,0.28918694
1554777774757,32.378,121.3,0.00571,0.415,0.287438545
1554777774803,32.424,121.3,0.00571,0.415,0.287438545
1554777774849,32.47,121.3,0.00571,0.415,0.287438545
1554777774896,32.517,121.3,0.00571,0.415,0.287438545
1554777774957,32.578,121.3,0.00571,0.418,0.289516414
1554777775002,32.623,121.3,0.00571,0.418,0.289516414
1554777775048,32.669,121.3,0.00571,0.418,0.289516414
1554777775095,32.716,121.3,0.00571,0.418,0.289516414
1554777775157,32.778,121.3,0.00573,0.416,0.289140384
1554777775203,32.824,121.3,0.00573,0.416,0.289140384
1554777775249,32.87,121.3,0.00573,0.416,0.289140384
1554777775295,32.916,121.3,0.00573,0.416,0.289140384
1554777775356,32.977,121.3,0.00572,0.418,0.290023448
1554777775402,33.023,121.3,0.00572,0.418,0.290023448
1554777775449,33.07,121.3,0.00572,0.418,0.290023448
1554777775495,33.116,121.3,0.00572,0.418,0.290023448
1554777775557,33.178,121.4,0.00575,0.416,0.2903888
1554777775603,33.224,121.4,0.00575,0.416,0.2903888
1554777775649,33.27,121.4,0.00575,0.416,0.2903888
1554777775695,33.316,121.4,0.00575,0.416,0.2903888
1554777775756,33.377,121.3,0.00575,0.418,0.29154455
1554777775803,33.424,121.3,0.00575,0.418,0.29154455
1554777775849,33.47,121.3,0.00575,0.418,0.29154455
1554777775895,33.516,121.3,0.00575,0.418,0.29154455
1554777775956,33.577,121.3,0.00578,0.417,0.292364538
1554777776002,33.623,121.3,0.00578,0.417,0.292364538
1554777776048,33.669,121.3,0.00578,0.417,0.292364538
1554777776094,33.715,121.3,0.00578,0.417,0.292364538
1554777776157,33.778,121.3,0.00576,0.419,0.292750272
1554777776203,33.824,121.3,0.00576,0.419,0.292750272
1554777776249,33.87,121.3,0.00576,0.419,0.292750272
1554777776295,33.916,121.3,0.00576,0.419,0.292750272
1554777776356,33.977,121.4,0.00578,0.417,0.292605564
1554777776402,34.023,121.4,0.00578,0.417,0.292605564
1554777776448,34.069,121.4,0.00578,0.417,0.292605564
1554777776495,34.116,121.4,0.00578,0.417,0.292605564
1554777776557,34.178,121.4,0.00576,0.417,0.291593088
1554777776603,34.224,121.4,0.00576,0.417,0.291593088
1554777776649,34.27,121.4,0.00576,0.417,0.291593088
1554777776695,34.316,121.4,0.00576,0.417,0.291593088
1554777776756,34.377,121.4,0.00577,0.419,0.293500282
1554777776803,34.424,121.4,0.00577,0.419,0.293500282
1554777776849,34.47,121.4,0.00577,0.419,0.293500282
1554777776895,34.516,121.4,0.00577,0.419,0.293500282
1554777776957,34.578,121.4,0.00578,0.417,0.292605564
1554777777003,34.624,121.4,0.00578,0.417,0.292605564
1554777777049,34.67,121.4,0.00578,0.417,0.292605564
1554777777095,34.716,121.4,0.00578,0.417,0.292605564
1554777777157,34.778,121.4,0.00581,0.416,0.293418944
1554777777203,34.824,121.4,0.00581,0.416,0.293418944
1554777777249,34.87,121.4,0.00581,0.416,0.293418944
1554777777295,34.916,121.4,0.00581,0.416,0.293418944
1554777777356,34.977,121.4,0.00579,0.416,0.292408896
1554777777402,35.023,121.4,0.00579,0.416,0.292408896
1554777777448,35.069,121.4,0.00579,0.416,0.292408896
1554777777494,35.115,121.4,0.00579,0.416,0.292408896
1554777777556,35.178,121.4,0.00577,0.417,0.292099326
1554777777603,35.224,121.4,0.00577,0.417,0.292099326
1554777777649,35.27,121.4,0.00577,0.417,0.292099326
1554777777695,35.316,121.4,0.00577,0.417,0.292099326
1554777777756,35.377,121.4,0.00571,0.416,0.288368704
1554777777802,35.423,121.4,0.00571,0.416,0.288368704
1554777777848,35.469,121.4,0.00571,0.416,0.288368704
1554777777894,35.515,121.4,0.00571,0.416,0.288368704
1554777777956,35.577,121.4,0.0057,0.417,0.28855566
1554777778003,35.624,121.4,0.0057,0.417,0.28855566
1554777778049,35.67,121.4,0.0057,0.417,0.28855566
1554777778095,35.716,121.4,0.0057,0.417,0.28855566
1554777778156,35.777,121.4,0.00572,0.419,0.290956952
1554777778202,35.823,121.4,0.00572,0.419,0.290956952
1554777778248,35.869,121.4,0.00572,0.419,0.290956952
1554777778294,35.915,121.4,0.00572,0.419,0.290956952
1554777778356,35.977,121.4,0.00567,0.418,0.287725284
1554777778403,36.024,121.4,0.00567,0.418,0.287725284
1554777778448,36.069,121.4,0.00567,0.418,0.287725284
1554777778495,36.116,121.4,0.00567,0.418,0.287725284
1554777778556,36.177,121.4,0.00568,0.419,0.288922288
1554777778602,36.223,121.4,0.00568,0.419,0.288922288
1554777778648,36.269,121.4,0.00568,0.419,0.288922288
1554777778694,36.315,121.4,0.00568,0.419,0.288922288
1554777778756,36.377,121.3,0.00572,0.414,0.287248104
1554777778802,36.423,121.3,0.00572,0.414,0.287248104
1554777778848,36.469,121.3,0.00572,0.414,0.287248104
1554777778895,36.516,121.3,0.00572,0.414,0.287248104
1554777778956,36.577,121.3,0.00572,0.412,0.285860432
1554777779002,36.623,121.3,0.00572,0.412,0.285860432
1554777779048,36.669,121.3,0.00572,0.412,0.285860432
1554777779094,36.715,121.3,0.00572,0.412,0.285860432
1554777779156,36.777,121.3,0.00573,0.416,0.289140384
1554777779202,36.823,121.3,0.00573,0.416,0.289140384
1554777779249,36.87,121.3,0.00573,0.416,0.289140384
1554777779295,36.916,121.3,0.00573,0.416,0.289140384
1554777779356,36.977,121.3,0.00576,0.419,0.292750272
1554777779402,37.023,121.3,0.00576,0.419,0.292750272
1554777779448,37.069,121.3,0.00576,0.419,0.292750272
1554777779494,37.115,121.3,0.00576,0.419,0.292750272
1554777779556,37.177,121.4,0.00574,0.416,0.289883776
1554777779602,37.223,121.4,0.00574,0.416,0.289883776
1554777779649,37.27,121.4,0.00574,0.416,0.289883776
1554777779695,37.316,121.4,0.00574,0.416,0.289883776
1554777779756,37.377,121.3,0.00576,0.416,0.290654208
1554777779802,37.423,121.3,0.00576,0.416,0.290654208
1554777779848,37.469,121.3,0.00576,0.416,0.290654208
1554777779894,37.515,121.3,0.00576,0.416,0.290654208
1554777779956,37.577,121.3,0.00583,0.415,0.293479285
1554777780002,37.623,121.3,0.00583,0.415,0.293479285
1554777780048,37.669,121.3,0.00583,0.415,0.293479285
1554777780095,37.716,121.3,0.00583,0.415,0.293479285
1554777780156,37.777,121.3,0.00579,0.417,0.292870359
1554777780202,37.823,121.3,0.00579,0.417,0.292870359
1554777780248,37.869,121.3,0.00579,0.417,0.292870359
1554777780294,37.915,121.3,0.00579,0.417,0.292870359
1554777780356,37.977,121.3,0.00581,0.418,0.294586754
1554777780402,38.024,121.3,0.00581,0.418,0.294586754
1554777780448,38.069,121.3,0.00581,0.418,0.294586754
1554777780495,38.116,121.3,0.00581,0.418,0.294586754
1554777780556,38.177,121.4,0.00579,0.416,0.292408896
1554777780601,38.223,121.4,0.00579,0.416,0.292408896
1554777780648,38.269,121.4,0.00579,0.416,0.292408896
1554777780694,38.315,121.4,0.00579,0.416,0.292408896
1554777780756,38.377,121.4,0.00577,0.418,0.292799804
1554777780803,38.424,121.4,0.00577,0.418,0.292799804
1554777780849,38.47,121.4,0.00577,0.418,0.292799804
1554777780895,38.516,121.4,0.00577,0.418,0.292799804
1554777780956,38.577,121.4,0.00574,0.419,0.291974284
1554777781002,38.623,121.4,0.00574,0.419,0.291974284
1554777781048,38.669,121.4,0.00574,0.419,0.291974284
1554777781094,38.715,121.4,0.00574,0.419,0.291974284
1554777781155,38.776,121.4,0.00577,0.416,0.291398848
1554777781201,38.822,121.4,0.00577,0.416,0.291398848
1554777781247,38.868,121.4,0.00577,0.416,0.291398848
1554777781293,38.914,121.4,0.00577,0.416,0.291398848
1554777781356,38.977,121.4,0.00578,0.416,0.291903872
1554777781402,39.023,121.4,0.00578,0.416,0.291903872
1554777781448,39.069,121.4,0.00578,0.416,0.291903872
1554777781494,39.115,121.4,0.00578,0.416,0.291903872
1554777781556,39.177,121.4,0.00574,0.418,0.291277448
1554777781602,39.223,121.4,0.00574,0.418,0.291277448
1554777781648,39.269,121.4,0.00574,0.418,0.291277448
1554777781694,39.315,121.4,0.00574,0.418,0.291277448
1554777781755,39.376,121.4,0.00572,0.418,0.290262544
1554777781801,39.422,121.4,0.00572,0.418,0.290262544
1554777781847,39.468,121.4,0.00572,0.418,0.290262544
1554777781894,39.515,121.4,0.00572,0.418,0.290262544
1554777781956,39.577,121.4,0.00574,0.418,0.291277448
1554777782002,39.623,121.4,0.00574,0.418,0.291277448
1554777782048,39.669,121.4,0.00574,0.418,0.291277448
1554777782094,39.715,121.4,0.00574,0.418,0.291277448
1554777782155,39.776,121.4,0.00573,0.418,0.290769996
1554777782201,39.822,121.4,0.00573,0.418,0.290769996
1554777782247,39.868,121.4,0.00573,0.418,0.290769996
1554777782293,39.914,121.4,0.00573,0.418,0.290769996
1554777782356,39.977,121.4,0.0057,0.418,0.28924764
1554777782402,40.023,121.4,0.0057,0.418,0.28924764
1554777782448,40.069,121.4,0.0057,0.418,0.28924764
1554777782494,40.115,121.4,0.0057,0.418,0.28924764
1554777782555,40.176,121.4,0.00572,0.417,0.289568136
1554777782601,40.222,121.4,0.00572,0.417,0.289568136
1554777782647,40.268,121.4,0.00572,0.417,0.289568136
1554777782693,40.314,121.4,0.00572,0.417,0.289568136
1554777782755,40.376,121.4,0.0057,0.415,0.2871717
1554777782802,40.423,121.4,0.0057,0.415,0.2871717
1554777782848,40.469,121.4,0.0057,0.415,0.2871717
1554777782894,40.515,121.4,0.0057,0.415,0.2871717
1554777782956,40.577,121.3,0.00569,0.414,0.285741558
1554777783002,40.623,121.3,0.00569,0.414,0.285741558
1554777783048,40.669,121.3,0.00569,0.414,0.285741558
1554777783094,40.715,121.3,0.00569,0.414,0.285741558
1554777783155,40.776,121.3,0.00569,0.417,0.287812149
1554777783201,40.822,121.3,0.00569,0.417,0.287812149
1554777783248,40.869,121.3,0.00569,0.417,0.287812149
1554777783294,40.915,121.3,0.00569,0.417,0.287812149
1554777783356,40.977,121.3,0.0057,0.418,0.28900938
1554777783402,41.023,121.3,0.0057,0.418,0.28900938
1554777783448,41.069,121.3,0.0057,0.418,0.28900938
1554777783494,41.115,121.3,0.0057,0.418,0.28900938
1554777783555,41.176,121.3,0.0057,0.417,0.28831797
1554777783601,41.222,121.3,0.0057,0.417,0.28831797
1554777783647,41.268,121.3,0.0057,0.417,0.28831797
1554777783693,41.314,121.3,0.0057,0.417,0.28831797
1554777783756,41.377,121.3,0.00573,0.417,0.289835433
1554777783802,41.423,121.3,0.00573,0.417,0.289835433
1554777783848,41.469,121.3,0.00573,0.417,0.289835433
1554777783894,41.515,121.3,0.00573,0.417,0.289835433
1554777783955,41.576,121.3,0.00569,0.418,0.288502346
1554777784001,41.622,121.3,0.00569,0.418,0.288502346
1554777784047,41.668,121.3,0.00569,0.418,0.288502346
1554777784093,41.714,121.3,0.00569,0.418,0.288502346
1554777784156,41.777,121.3,0.00573,0.419,0.291225531
1554777784202,41.823,121.3,0.00573,0.419,0.291225531
1554777784248,41.869,121.3,0.00573,0.419,0.291225531
1554777784294,41.915,121.3,0.00573,0.419,0.291225531
1554777784355,41.976,121.3,0.00577,0.42,0.29395842
1554777784401,42.022,121.3,0.00577,0.42,0.29395842
1554777784447,42.068,121.3,0.00577,0.42,0.29395842
1554777784493,42.114,121.3,0.00577,0.42,0.29395842
1554777784555,42.176,121.4,0.00577,0.42,0.29420076
1554777784601,42.222,121.4,0.00577,0.42,0.29420076
1554777784647,42.268,121.4,0.00577,0.42,0.29420076
1554777784693,42.315,121.4,0.00577,0.42,0.29420076
1554777784756,42.377,121.4,0.00578,0.419,0.294008948
1554777784802,42.423,121.4,0.00578,0.419,0.294008948
1554777784848,42.469,121.4,0.00578,0.419,0.294008948
1554777784894,42.515,121.4,0.00578,0.419,0.294008948
1554777784955,42.576,121.4,0.00577,0.417,0.292099326
1554777785001,42.622,121.4,0.00577,0.417,0.292099326
1554777785047,42.668,121.4,0.00577,0.417,0.292099326
1554777785093,42.714,121.4,0.00577,0.417,0.292099326
1554777785155,42.776,121.3,0.00578,0.415,0.29096231
1554777785201,42.822,121.3,0.00578,0.415,0.29096231
1554777785247,42.868,121.3,0.00578,0.415,0.29096231
1554777785293,42.914,121.3,0.00578,0.415,0.29096231
1554777785356,42.977,121.4,0.00576,0.418,0.292292352
1554777785402,43.023,121.4,0.00576,0.418,0.292292352
1554777785448,43.069,121.4,0.00576,0.418,0.292292352
1554777785494,43.115,121.4,0.00576,0.418,0.292292352
1554777785555,43.176,121.4,0.00577,0.416,0.291398848
1554777785601,43.222,121.4,0.00577,0.416,0.291398848
1554777785647,43.268,121.4,0.00577,0.416,0.291398848
1554777785693,43.314,121.4,0.00577,0.416,0.291398848
1554777785756,43.377,121.4,0.00577,0.414,0.289997892
1554777785802,43.423,121.4,0.00577,0.414,0.289997892
1554777785848,43.469,121.4,0.00577,0.414,0.289997892
1554777785894,43.515,121.4,0.00577,0.414,0.289997892
1554777785955,43.576,121.4,0.00573,0.414,0.287987508
1554777786001,43.622,121.4,0.00573,0.414,0.287987508
1554777786047,43.668,121.4,0.00573,0.414,0.287987508
1554777786093,43.714,121.4,0.00573,0.414,0.287987508
1554777786156,43.777,121.3,0.00568,0.419,0.288684296
1554777786202,43.823,121.3,0.00568,0.419,0.288684296
1554777786248,43.869,121.3,0.00568,0.419,0.288684296
1554777786294,43.915,121.3,0.00568,0.419,0.288684296
1554777786356,43.977,121.4,0.00571,0.419,0.290448286
1554777786402,44.023,121.4,0.00571,0.419,0.290448286
1554777786448,44.069,121.4,0.00571,0.419,0.290448286
1554777786494,44.115,121.4,0.00571,0.419,0.290448286
1554777786555,44.176,121.4,0.0057,0.416,0.28786368
1554777786601,44.222,121.4,0.0057,0.416,0.28786368
1554777786647,44.268,121.4,0.0057,0.416,0.28786368
1554777786693,44.314,121.4,0.0057,0.416,0.28786368
1554777786756,44.377,121.4,0.00571,0.415,0.28767551
1554777786802,44.423,121.4,0.00571,0.415,0.28767551
1554777786848,44.469,121.4,0.00571,0.415,0.28767551
1554777786894,44.515,121.4,0.00571,0.415,0.28767551
1554777786955,44.576,121.4,0.00571,0.416,0.288368704
1554777787001,44.622,121.4,0.00571,0.416,0.288368704
1554777787047,44.668,121.4,0.00571,0.416,0.288368704
1554777787093,44.714,121.4,0.00571,0.416,0.288368704
1554777787155,44.776,121.3,0.00573,0.415,0.288445335
1554777787200,44.821,121.3,0.00573,0.415,0.288445335
1554777787246,44.867,121.3,0.00573,0.415,0.288445335
1554777787292,44.913,121.3,0.00573,0.415,0.288445335
1554777787355,44.976,121.3,0.00576,0.418,0.292051584
1554777787401,45.022,121.3,0.00576,0.418,0.292051584
1554777787447,45.068,121.3,0.00576,0.418,0.292051584
1554777787493,45.114,121.3,0.00576,0.418,0.292051584
1554777787555,45.176,121.4,0.00573,0.417,0.290074374
1554777787601,45.222,121.4,0.00573,0.417,0.290074374
1554777787648,45.269,121.4,0.00573,0.417,0.290074374
1554777787693,45.314,121.4,0.00573,0.417,0.290074374
1554777787754,45.376,121.4,0.00573,0.417,0.290074374
1554777787800,45.421,121.4,0.00573,0.417,0.290074374
1554777787846,45.467,121.4,0.00573,0.417,0.290074374
1554777787893,45.514,121.4,0.00573,0.417,0.290074374
1554777787955,45.576,121.3,0.00574,0.414,0.288252468
1554777788001,45.622,121.3,0.00574,0.414,0.288252468
1554777788047,45.668,121.3,0.00574,0.414,0.288252468
1554777788093,45.714,121.3,0.00574,0.414,0.288252468
1554777788155,45.776,121.3,0.00577,0.415,0.290458915
1554777788200,45.821,121.3,0.00577,0.415,0.290458915
1554777788246,45.867,121.3,0.00577,0.415,0.290458915
1554777788293,45.914,121.3,0.00577,0.415,0.290458915
1554777788355,45.976,121.3,0.00576,0.419,0.292750272
1554777788401,46.022,121.3,0.00576,0.419,0.292750272
1554777788447,46.068,121.3,0.00576,0.419,0.292750272
1554777788493,46.114,121.3,0.00576,0.419,0.292750272
1554777788554,46.175,121.3,0.00578,0.415,0.29096231
1554777788600,46.221,121.3,0.00578,0.415,0.29096231
1554777788646,46.267,121.3,0.00578,0.415,0.29096231
1554777788692,46.313,121.3,0.00578,0.415,0.29096231
1554777788755,46.376,121.4,0.00581,0.416,0.293418944
1554777788801,46.422,121.4,0.00581,0.416,0.293418944
1554777788847,46.468,121.4,0.00581,0.416,0.293418944
1554777788893,46.514,121.4,0.00581,0.416,0.293418944
1554777788954,46.575,121.3,0.00573,0.421,0.292615629
1554777789001,46.622,121.3,0.00573,0.421,0.292615629
1554777789047,46.668,121.3,0.00573,0.421,0.292615629
1554777789093,46.714,121.3,0.00573,0.421,0.292615629
1554777789155,46.776,121.3,0.00575,0.421,0.293636975
1554777789201,46.822,121.3,0.00575,0.421,0.293636975
1554777789247,46.868,121.3,0.00575,0.421,0.293636975
1554777789293,46.914,121.3,0.00575,0.421,0.293636975
1554777789354,46.975,121.3,0.00575,0.417,0.290847075
1554777789400,47.021,121.3,0.00575,0.417,0.290847075
1554777789446,47.067,121.3,0.00575,0.417,0.290847075
1554777789492,47.113,121.3,0.00575,0.417,0.290847075
1554777789555,47.176,121.4,0.00573,0.423,0.294248106
1554777789601,47.222,121.4,0.00573,0.423,0.294248106
1554777789647,47.268,121.4,0.00573,0.423,0.294248106
1554777789693,47.314,121.4,0.00573,0.423,0.294248106
1554777789754,47.375,121.4,0.00573,0.42,0.29216124
1554777789800,47.422,121.4,0.00573,0.42,0.29216124
1554777789847,47.468,121.4,0.00573,0.42,0.29216124
1554777789893,47.514,121.4,0.00573,0.42,0.29216124
1554777789955,47.576,121.4,0.00573,0.42,0.29216124
1554777790001,47.622,121.4,0.00573,0.42,0.29216124
1554777790047,47.669,121.4,0.00573,0.42,0.29216124
1554777790094,47.715,121.4,0.00573,0.42,0.29216124
1554777790155,47.776,121.3,0.00571,0.417,0.288823791
1554777790201,47.822,121.3,0.00571,0.417,0.288823791
1554777790247,47.868,121.3,0.00571,0.417,0.288823791
1554777790293,47.914,121.3,0.00571,0.417,0.288823791
1554777790354,47.975,121.3,0.00576,0.419,0.292750272
1554777790400,48.021,121.3,0.00576,0.419,0.292750272
1554777790446,48.067,121.3,0.00576,0.419,0.292750272
1554777790492,48.113,121.3,0.00576,0.419,0.292750272
1554777790555,48.176,121.4,0.00572,0.414,0.287484912
1554777790601,48.222,121.4,0.00572,0.414,0.287484912
1554777790647,48.268,121.4,0.00572,0.414,0.287484912
1554777790693,48.314,121.4,0.00572,0.414,0.287484912
1554777790754,48.375,121.4,0.00574,0.415,0.28918694
1554777790800,48.421,121.4,0.00574,0.415,0.28918694
1554777790846,48.467,121.4,0.00574,0.415,0.28918694
1554777790892,48.513,121.4,0.00574,0.415,0.28918694
1554777790954,48.575,121.4,0.00571,0.417,0.289061898
1554777791001,48.622,121.4,0.00571,0.417,0.289061898
1554777791047,48.668,121.4,0.00571,0.417,0.289061898
1554777791093,48.714,121.4,0.00571,0.417,0.289061898
1554777791154,48.775,121.4,0.00574,0.418,0.291277448
1554777791200,48.821,121.4,0.00574,0.418,0.291277448
1554777791246,48.867,121.4,0.00574,0.418,0.291277448
1554777791292,48.913,121.4,0.00574,0.418,0.291277448
1554777791355,48.976,121.3,0.00574,0.417,0.290341254
1554777791401,49.022,121.3,0.00574,0.417,0.290341254
1554777791447,49.068,121.3,0.00574,0.417,0.290341254
1554777791493,49.114,121.3,0.00574,0.417,0.290341254
1554777791554,49.175,121.3,0.00582,0.416,0.293681856
1554777791600,49.221,121.3,0.00582,0.416,0.293681856
1554777791646,49.267,121.3,0.00582,0.416,0.293681856
1554777791692,49.313,121.3,0.00582,0.416,0.293681856
1554777791754,49.375,121.3,0.00574,0.418,0.291037516
1554777791801,49.422,121.3,0.00574,0.418,0.291037516
1554777791847,49.468,121.3,0.00574,0.418,0.291037516
1554777791893,49.514,121.3,0.00574,0.418,0.291037516
1554777791954,49.575,121.3,0.00571,0.42,0.29090166
1554777792000,49.621,121.3,0.00571,0.42,0.29090166
1554777792046,49.667,121.3,0.00571,0.42,0.29090166
1554777792092,49.713,121.3,0.00571,0.42,0.29090166
1554777792154,49.775,121.3,0.00572,0.42,0.29141112
1554777792200,49.821,121.3,0.00572,0.42,0.29141112
1554777792246,49.867,121.3,0.00572,0.42,0.29141112
1554777792292,49.914,121.3,0.00572,0.42,0.29141112
1554777792355,49.976,121.3,0.00575,0.419,0.292242025
1554777792401,50.022,121.3,0.00575,0.419,0.292242025
1554777792447,50.068,121.3,0.00575,0.419,0.292242025
1554777792493,50.114,121.3,0.00575,0.419,0.292242025
1554777792554,50.175,121.3,0.00574,0.42,0.29243004
1554777792600,50.221,121.3,0.00574,0.42,0.29243004
1554777792646,50.267,121.3,0.00574,0.42,0.29243004
1554777792692,50.313,121.3,0.00574,0.42,0.29243004
1554777792754,50.375,121.3,0.0058,0.417,0.29337618
1554777792800,50.421,121.3,0.0058,0.417,0.29337618
1554777792846,50.467,121.3,0.0058,0.417,0.29337618
1554777792892,50.514,121.3,0.0058,0.417,0.29337618
1554777792954,50.575,121.3,0.00575,0.419,0.292242025
1554777793000,50.621,121.3,0.00575,0.419,0.292242025
1554777793046,50.667,121.3,0.00575,0.419,0.292242025
1554777793092,50.713,121.3,0.00575,0.419,0.292242025
1554777793154,50.775,121.3,0.00572,0.42,0.29141112
1554777793200,50.821,121.3,0.00572,0.42,0.29141112
1554777793246,50.867,121.3,0.00572,0.42,0.29141112
1554777793292,50.913,121.3,0.00572,0.42,0.29141112
1554777793355,50.976,121.3,0.00573,0.419,0.291225531
1554777793401,51.022,121.3,0.00573,0.419,0.291225531
1554777793447,51.068,121.3,0.00573,0.419,0.291225531
1554777793493,51.114,121.3,0.00573,0.419,0.291225531
1554777793554,51.175,121.4,0.00575,0.42,0.293181
1554777793600,51.221,121.4,0.00575,0.42,0.293181
1554777793646,51.267,121.4,0.00575,0.42,0.293181
1554777793693,51.314,121.4,0.00575,0.42,0.293181
1554777793754,51.375,121.4,0.00573,0.417,0.290074374
1554777793800,51.421,121.4,0.00573,0.417,0.290074374
1554777793846,51.467,121.4,0.00573,0.417,0.290074374
1554777793893,51.514,121.4,0.00573,0.417,0.290074374
1554777793954,51.575,121.4,0.00569,0.419,0.289430954
1554777794000,51.621,121.4,0.00569,0.419,0.289430954
1554777794046,51.667,121.4,0.00569,0.419,0.289430954
1554777794092,51.713,121.4,0.00569,0.419,0.289430954
1554777794154,51.775,121.4,0.00571,0.416,0.288368704
1554777794200,51.821,121.4,0.00571,0.416,0.288368704
1554777794246,51.867,121.4,0.00571,0.416,0.288368704
1554777794292,51.913,121.4,0.00571,0.416,0.288368704
1554777794354,51.975,121.4,0.00573,0.418,0.290769996
1554777794400,52.021,121.4,0.00573,0.418,0.290769996
1554777794446,52.067,121.4,0.00573,0.418,0.290769996
1554777794492,52.113,121.4,0.00573,0.418,0.290769996
1554777794554,52.175,121.3,0.00566,0.421,0.289040918
1554777794601,52.222,121.3,0.00566,0.421,0.289040918
1554777794647,52.268,121.3,0.00566,0.421,0.289040918
1554777794693,52.314,121.3,0.00566,0.421,0.289040918
1554777794754,52.375,121.3,0.00564,0.419,0.286651308
1554777794800,52.421,121.3,0.00564,0.419,0.286651308
1554777794846,52.467,121.3,0.00564,0.419,0.286651308
1554777794892,52.513,121.3,0.00564,0.419,0.286651308
1554777794953,52.574,121.3,0.00564,0.419,0.286651308
1554777794999,52.62,121.3,0.00564,0.419,0.286651308
1554777795045,52.666,121.3,0.00564,0.419,0.286651308
1554777795091,52.712,121.3,0.00564,0.419,0.286651308
1554777795154,52.775,121.3,0.00566,0.418,0.286981244
1554777795200,52.821,121.3,0.00566,0.418,0.286981244
1554777795246,52.867,121.3,0.00566,0.418,0.286981244
1554777795292,52.913,121.3,0.00566,0.418,0.286981244
1554777795354,52.975,121.3,0.0057,0.419,0.28970079
1554777795399,53.02,121.3,0.0057,0.419,0.28970079
1554777795445,53.066,121.3,0.0057,0.419,0.28970079
1554777795491,53.112,121.3,0.0057,0.419,0.28970079
1554777795554,53.175,121.4,0.00572,0.42,0.29165136
1554777795600,53.221,121.4,0.00572,0.42,0.29165136
1554777795646,53.267,121.4,0.00572,0.42,0.29165136
1554777795692,53.313,121.4,0.00572,0.42,0.29165136
1554777795754,53.375,121.4,0.00574,0.417,0.290580612
1554777795800,53.421,121.4,0.00574,0.417,0.290580612
1554777795846,53.467,121.4,0.00574,0.417,0.290580612
1554777795892,53.513,121.4,0.00574,0.417,0.290580612
1554777795953,53.574,121.3,0.00573,0.418,0.290530482
1554777795999,53.62,121.3,0.00573,0.418,0.290530482
1554777796045,53.666,121.3,0.00573,0.418,0.290530482
1554777796091,53.712,121.3,0.00573,0.418,0.290530482
1554777796154,53.775,121.3,0.00577,0.419,0.293258519
1554777796200,53.821,121.3,0.00577,0.419,0.293258519
1554777796246,53.867,121.3,0.00577,0.419,0.293258519
1554777796292,53.913,121.3,0.00577,0.419,0.293258519
1554777796353,53.974,121.3,0.00581,0.418,0.294586754
1554777796399,54.02,121.3,0.00581,0.418,0.294586754
1554777796445,54.067,121.3,0.00581,0.418,0.294586754
1554777796492,54.113,121.3,0.00581,0.418,0.294586754
1554777796554,54.175,121.3,0.00581,0.419,0.295291507
1554777796600,54.221,121.3,0.00581,0.419,0.295291507
1554777796646,54.267,121.3,0.00581,0.419,0.295291507
1554777796692,54.313,121.3,0.00581,0.419,0.295291507
1554777796753,54.374,121.4,0.00578,0.418,0.293307256
1554777796799,54.42,121.4,0.00578,0.418,0.293307256
1554777796846,54.467,121.4,0.00578,0.418,0.293307256
1554777796892,54.513,121.4,0.00578,0.418,0.293307256
1554777796954,54.575,121.4,0.00579,0.416,0.292408896
1554777797000,54.621,121.4,0.00579,0.416,0.292408896
1554777797046,54.667,121.4,0.00579,0.416,0.292408896
1554777797092,54.713,121.4,0.00579,0.416,0.292408896
1554777797153,54.774,121.3,0.00577,0.415,0.290458915
1554777797199,54.82,121.3,0.00577,0.415,0.290458915
1554777797245,54.866,121.3,0.00577,0.415,0.290458915
1554777797291,54.912,121.3,0.00577,0.415,0.290458915
1554777797354,54.975,121.3,0.00576,0.417,0.291352896
1554777797400,55.021,121.3,0.00576,0.417,0.291352896
1554777797446,55.067,121.3,0.00576,0.417,0.291352896
1554777797492,55.113,121.3,0.00576,0.417,0.291352896
1554777797553,55.174,121.4,0.00571,0.419,0.290448286
1554777797599,55.22,121.4,0.00571,0.419,0.290448286
1554777797645,55.266,121.4,0.00571,0.419,0.290448286
1554777797691,55.312,121.4,0.00571,0.419,0.290448286
1554777797754,55.375,121.4,0.00574,0.419,0.291974284
1554777797800,55.421,121.4,0.00574,0.419,0.291974284
1554777797846,55.467,121.4,0.00574,0.419,0.291974284
1554777797892,55.513,121.4,0.00574,0.419,0.291974284
1554777797953,55.574,121.4,0.00568,0.419,0.288922288
1554777797999,55.62,121.4,0.00568,0.419,0.288922288
1554777798045,55.666,121.4,0.00568,0.419,0.288922288
1554777798091,55.712,121.4,0.00568,0.419,0.288922288
1554777798153,55.774,121.4,0.00567,0.417,0.287036946
1554777798199,55.82,121.4,0.00567,0.417,0.287036946
1554777798245,55.866,121.4,0.00567,0.417,0.287036946
1554777798291,55.912,121.4,0.00567,0.417,0.287036946
1554777798354,55.975,121.4,0.00567,0.419,0.288413622
1554777798400,56.021,121.4,0.00567,0.419,0.288413622
1554777798446,56.067,121.4,0.00567,0.419,0.288413622
1554777798492,56.113,121.4,0.00567,0.419,0.288413622
1554777798553,56.174,121.4,0.00565,0.42,0.2880822
1554777798600,56.221,121.4,0.00565,0.42,0.2880822
1554777798646,56.267,121.4,0.00565,0.42,0.2880822
1554777798692,56.313,121.4,0.00565,0.42,0.2880822
1554777798753,56.374,121.4,0.0057,0.417,0.28855566
1554777798799,56.42,121.4,0.0057,0.417,0.28855566
1554777798845,56.466,121.4,0.0057,0.417,0.28855566
1554777798891,56.512,121.4,0.0057,0.417,0.28855566
1554777798953,56.574,121.4,0.00565,0.419,0.28739629
1554777798999,56.621,121.4,0.00565,0.419,0.28739629
1554777799046,56.667,121.4,0.00565,0.419,0.28739629
1554777799092,56.713,121.4,0.00565,0.419,0.28739629
1554777799153,56.774,121.3,0.0057,0.417,0.28831797
1554777799199,56.82,121.3,0.0057,0.417,0.28831797
1554777799245,56.866,121.3,0.0057,0.417,0.28831797
1554777799291,56.912,121.3,0.0057,0.417,0.28831797
1554777799354,56.975,121.3,0.00576,0.416,0.290654208
1554777799400,57.021,121.3,0.00576,0.416,0.290654208
1554777799446,57.067,121.3,0.00576,0.416,0.290654208
1554777799492,57.113,121.3,0.00576,0.416,0.290654208
1554777799553,57.174,121.4,0.00577,0.417,0.292099326
1554777799599,57.22,121.4,0.00577,0.417,0.292099326
1554777799646,57.267,121.4,0.00577,0.417,0.292099326
1554777799691,57.312,121.4,0.00577,0.417,0.292099326
1554777799754,57.375,121.4,0.00572,0.417,0.289568136
1554777799800,57.421,121.4,0.00572,0.417,0.289568136
1554777799846,57.467,121.4,0.00572,0.417,0.289568136
1554777799892,57.513,121.4,0.00572,0.417,0.289568136
1554777799953,57.574,121.4,0.00575,0.417,0.29108685
1554777799999,57.62,121.4,0.00575,0.417,0.29108685
1554777800045,57.666,121.4,0.00575,0.417,0.29108685
1554777800091,57.712,121.4,0.00575,0.417,0.29108685
1554777800153,57.774,121.4,0.00574,0.418,0.291277448
1554777800199,57.82,121.4,0.00574,0.418,0.291277448
1554777800245,57.866,121.4,0.00574,0.418,0.291277448
1554777800291,57.912,121.4,0.00574,0.418,0.291277448
1554777800353,57.974,121.3,0.00576,0.418,0.292051584
1554777800399,58.02,121.3,0.00576,0.418,0.292051584
1554777800446,58.067,121.3,0.00576,0.418,0.292051584
1554777800492,58.113,121.3,0.00576,0.418,0.292051584
1554777800553,58.174,121.3,0.00574,0.42,0.29243004
1554777800599,58.22,121.3,0.00574,0.42,0.29243004
1554777800645,58.266,121.3,0.00574,0.42,0.29243004
1554777800691,58.312,121.3,0.00574,0.42,0.29243004
1554777800753,58.374,121.3,0.00578,0.418,0.293065652
1554777800798,58.419,121.3,0.00578,0.418,0.293065652
1554777800844,58.465,121.3,0.00578,0.418,0.293065652
1554777800891,58.512,121.3,0.00578,0.418,0.293065652
1554777800953,58.574,121.4,0.00576,0.42,0.29369088
1554777800999,58.62,121.4,0.00576,0.42,0.29369088
1554777801045,58.666,121.4,0.00576,0.42,0.29369088
1554777801091,58.712,121.4,0.00576,0.42,0.29369088
1554777801152,58.773,121.3,0.00576,0.418,0.292051584
1554777801199,58.82,121.3,0.00576,0.418,0.292051584
1554777801245,58.866,121.3,0.00576,0.418,0.292051584
1554777801291,58.912,121.3,0.00576,0.418,0.292051584
1554777801353,58.974,121.3,0.00577,0.42,0.29395842
1554777801399,59.02,121.3,0.00577,0.42,0.29395842
1554777801446,59.067,121.3,0.00577,0.42,0.29395842
1554777801492,59.113,121.3,0.00577,0.42,0.29395842
1554777801553,59.174,121.3,0.00574,0.42,0.29243004
1554777801599,59.22,121.3,0.00574,0.42,0.29243004
1554777801645,59.266,121.3,0.00574,0.42,0.29243004
1554777801691,59.312,121.3,0.00574,0.42,0.29243004
1554777801752,59.373,121.4,0.00578,0.417,0.292605564
1554777801798,59.419,121.4,0.00578,0.417,0.292605564
1554777801844,59.465,121.4,0.00578,0.417,0.292605564
1554777801891,59.512,121.4,0.00578,0.417,0.292605564
1554777801953,59.574,121.4,0.00578,0.414,0.290500488
1554777801999,59.62,121.4,0.00578,0.414,0.290500488
1554777802045,59.666,121.4,0.00578,0.414,0.290500488
1554777802091,59.712,121.4,0.00578,0.414,0.290500488
1554777802153,59.774,121.3,0.00573,0.419,0.291225531
1554777802199,59.82,121.3,0.00573,0.419,0.291225531
1554777802246,59.867,121.3,0.00573,0.419,0.291225531
1554777802292,59.913,121.3,0.00573,0.419,0.291225531
1554777802353,59.974,121.3,0.00573,0.416,0.289140384
1554777802399,60.02,121.3,0.00573,0.416,0.289140384
1554777802445,60.066,121.3,0.00573,0.416,0.289140384
1554777802491,60.112,121.3,0.00573,0.416,0.289140384
1554777802552,60.174,121.4,0.00573,0.418,0.290769996
1554777802599,60.22,121.4,0.00573,0.418,0.290769996
1554777802645,60.266,121.4,0.00573,0.418,0.290769996
1554777802691,60.312,121.4,0.00573,0.418,0.290769996
1554777802753,60.374,121.4,0.0057,0.418,0.28924764
1554777802799,60.42,121.4,0.0057,0.418,0.28924764
1554777802845,60.466,121.4,0.0057,0.418,0.28924764
1554777802891,60.512,121.4,0.0057,0.418,0.28924764
1554777802952,60.573,121.4,0.00571,0.416,0.288368704
1554777802998,60.619,121.4,0.00571,0.416,0.288368704
1554777803044,60.665,121.4,0.00571,0.416,0.288368704
1554777803090,60.711,121.4,0.00571,0.416,0.288368704
1554777803156,60.777,121.4,0.00569,0.416,0.287358656
1554777803204,60.825,121.4,0.00569,0.416,0.287358656
1554777803250,60.871,121.4,0.00569,0.416,0.287358656
1554777803296,60.917,121.4,0.00569,0.416,0.287358656
1554777803352,60.973,121.4,0.00572,0.417,0.289568136
1554777803398,61.019,121.4,0.00572,0.417,0.289568136
1554777803445,61.066,121.4,0.00572,0.417,0.289568136
1554777803493,61.114,121.4,0.00572,0.417,0.289568136
1554777803553,61.174,121.4,0.00574,0.416,0.289883776
1554777803600,61.221,121.4,0.00574,0.416,0.289883776
1554777803646,61.267,121.4,0.00574,0.416,0.289883776
1554777803692,61.313,121.4,0.00574,0.416,0.289883776
1554777803753,61.374,121.4,0.00575,0.418,0.2917849
1554777803799,61.42,121.4,0.00575,0.418,0.2917849
1554777803845,61.466,121.4,0.00575,0.418,0.2917849
1554777803891,61.512,121.4,0.00575,0.418,0.2917849
1554777803952,61.573,121.4,0.00575,0.417,0.29108685
1554777803998,61.619,121.4,0.00575,0.417,0.29108685
1554777804045,61.666,121.4,0.00575,0.417,0.29108685
1554777804091,61.712,121.4,0.00575,0.417,0.29108685
1554777804153,61.774,121.4,0.00579,0.418,0.293814708
1554777804199,61.82,121.4,0.00579,0.418,0.293814708
1554777804245,61.866,121.4,0.00579,0.418,0.293814708
1554777804291,61.912,121.4,0.00579,0.418,0.293814708
1554777804352,61.973,121.3,0.00577,0.415,0.290458915
1554777804398,62.019,121.3,0.00577,0.415,0.290458915
1554777804444,62.065,121.3,0.00577,0.415,0.290458915
1554777804489,62.11,121.3,0.00577,0.415,0.290458915
1554777804553,62.174,121.3,0.00578,0.421,0.295168994
1554777804598,62.219,121.3,0.00578,0.421,0.295168994
1554777804644,62.265,121.3,0.00578,0.421,0.295168994
1554777804688,62.309,121.3,0.00578,0.421,0.295168994
1554777804752,62.373,121.4,0.00576,0.421,0.294390144
1554777804797,62.418,121.4,0.00576,0.421,0.294390144
1554777804843,62.464,121.4,0.00576,0.421,0.294390144
1554777804889,62.51,121.4,0.00576,0.421,0.294390144
1554777804952,62.573,121.4,0.00574,0.42,0.29267112
1554777804998,62.619,121.4,0.00574,0.42,0.29267112
1554777805043,62.665,121.4,0.00574,0.42,0.29267112
1554777805090,62.711,121.4,0.00574,0.42,0.29267112
1554777805152,62.773,121.3,0.00572,0.418,0.290023448
1554777805198,62.819,121.3,0.00572,0.418,0.290023448
1554777805244,62.865,121.3,0.00572,0.418,0.290023448
1554777805290,62.911,121.3,0.00572,0.418,0.290023448
1554777805353,62.974,121.3,0.00573,0.418,0.290530482
1554777805399,63.02,121.3,0.00573,0.418,0.290530482
1554777805445,63.066,121.3,0.00573,0.418,0.290530482
1554777805491,63.112,121.3,0.00573,0.418,0.290530482
1554777805552,63.173,121.3,0.00572,0.42,0.29141112
1554777805598,63.219,121.3,0.00572,0.42,0.29141112
1554777805644,63.265,121.3,0.00572,0.42,0.29141112
1554777805691,63.312,121.3,0.00572,0.42,0.29141112
1554777805752,63.373,121.3,0.00572,0.42,0.29141112
1554777805798,63.419,121.3,0.00572,0.42,0.29141112
1554777805844,63.465,121.3,0.00572,0.42,0.29141112
1554777805890,63.511,121.3,0.00572,0.42,0.29141112
1554777805953,63.574,121.3,0.00571,0.419,0.290209037
1554777805999,63.62,121.3,0.00571,0.419,0.290209037
1554777806045,63.666,121.3,0.00571,0.419,0.290209037
1554777806091,63.712,121.3,0.00571,0.419,0.290209037
1554777806152,63.773,121.3,0.00572,0.417,0.289329612
1554777806198,63.819,121.3,0.00572,0.417,0.289329612
1554777806244,63.865,121.3,0.00572,0.417,0.289329612
1554777806290,63.911,121.3,0.00572,0.417,0.289329612
1554777806353,63.974,121.4,0.00565,0.419,0.28739629
1554777806399,64.02,121.4,0.00565,0.419,0.28739629
1554777806445,64.066,121.4,0.00565,0.419,0.28739629
1554777806491,64.112,121.4,0.00565,0.419,0.28739629
1554777806552,64.173,121.4,0.00573,0.413,0.287291886
1554777806598,64.219,121.4,0.00573,0.413,0.287291886
1554777806644,64.265,121.4,0.00573,0.413,0.287291886
1554777806691,64.312,121.4,0.00573,0.413,0.287291886
1554777806752,64.373,121.4,0.00568,0.416,0.286853632
1554777806797,64.418,121.4,0.00568,0.416,0.286853632
1554777806844,64.465,121.4,0.00568,0.416,0.286853632
1554777806890,64.511,121.4,0.00568,0.416,0.286853632
1554777806952,64.573,121.4,0.00569,0.42,0.29012172
1554777806998,64.619,121.4,0.00569,0.42,0.29012172
1554777807044,64.665,121.4,0.00569,0.42,0.29012172
1554777807090,64.711,121.4,0.00569,0.42,0.29012172
1554777807152,64.773,121.4,0.00567,0.418,0.287725284
1554777807198,64.819,121.4,0.00567,0.418,0.287725284
1554777807245,64.866,121.4,0.00567,0.418,0.287725284
1554777807291,64.912,121.4,0.00567,0.418,0.287725284
1554777807352,64.973,121.4,0.00568,0.42,0.28961184
1554777807398,65.019,121.4,0.00568,0.42,0.28961184
1554777807444,65.065,121.4,0.00568,0.42,0.28961184
1554777807490,65.111,121.4,0.00568,0.42,0.28961184
1554777807552,65.173,121.3,0.00574,0.418,0.291037516
1554777807598,65.219,121.3,0.00574,0.418,0.291037516
1554777807645,65.266,121.3,0.00574,0.418,0.291037516
1554777807691,65.312,121.3,0.00574,0.418,0.291037516
1554777807752,65.373,121.4,0.00576,0.417,0.291593088
1554777807797,65.418,121.4,0.00576,0.417,0.291593088
1554777807844,65.465,121.4,0.00576,0.417,0.291593088
1554777807890,65.511,121.4,0.00576,0.417,0.291593088
1554777807952,65.573,121.4,0.00574,0.417,0.290580612
1554777807998,65.619,121.4,0.00574,0.417,0.290580612
1554777808045,65.666,121.4,0.00574,0.417,0.290580612
1554777808091,65.712,121.4,0.00574,0.417,0.290580612
1554777808152,65.773,121.3,0.00577,0.414,0.289759014
1554777808198,65.819,121.3,0.00577,0.414,0.289759014
1554777808244,65.865,121.3,0.00577,0.414,0.289759014
1554777808290,65.911,121.3,0.00577,0.414,0.289759014
1554777808351,65.972,121.3,0.00579,0.415,0.291465705
1554777808397,66.018,121.3,0.00579,0.415,0.291465705
1554777808443,66.064,121.3,0.00579,0.415,0.291465705
1554777808490,66.111,121.3,0.00579,0.415,0.291465705
1554777808552,66.173,121.3,0.0058,0.419,0.29478326
1554777808598,66.219,121.3,0.0058,0.419,0.29478326
1554777808644,66.265,121.3,0.0058,0.419,0.29478326
1554777808690,66.311,121.3,0.0058,0.419,0.29478326
1554777808752,66.373,121.3,0.00582,0.415,0.29297589
1554777808797,66.418,121.3,0.00582,0.415,0.29297589
1554777808843,66.464,121.3,0.00582,0.415,0.29297589
1554777808889,66.51,121.3,0.00582,0.415,0.29297589
1554777808952,66.573,121.3,0.00582,0.415,0.29297589
1554777808997,66.619,121.3,0.00582,0.415,0.29297589
1554777809044,66.665,121.3,0.00582,0.415,0.29297589
1554777809090,66.711,121.3,0.00582,0.415,0.29297589
1554777809152,66.773,121.3,0.00666,0.425,0.34333965
1554777809198,66.82,121.3,0.00666,0.425,0.34333965
1554777809245,66.866,121.3,0.00666,0.425,0.34333965
1554777809291,66.912,121.3,0.00666,0.425,0.34333965
1554777809352,66.973,121.3,0.00677,0.425,0.349010425
1554777809398,67.019,121.3,0.00677,0.425,0.349010425
1554777809444,67.065,121.3,0.00677,0.425,0.349010425
1554777809490,67.111,121.3,0.00677,0.425,0.349010425
1554777809551,67.172,121.3,0.00673,0.426,0.347764674
1554777809597,67.218,121.3,0.00673,0.426,0.347764674
1554777809643,67.264,121.3,0.00673,0.426,0.347764674
1554777809689,67.311,121.3,0.00673,0.426,0.347764674
1554777809752,67.373,121.3,0.00672,0.427,0.348063072
1554777809798,67.419,121.3,0.00672,0.427,0.348063072
1554777809844,67.465,121.3,0.00672,0.427,0.348063072
1554777809890,67.511,121.3,0.00672,0.427,0.348063072
1554777809951,67.572,121.4,0.00673,0.425,0.34723435
1554777809997,67.618,121.4,0.00673,0.425,0.34723435
1554777810043,67.664,121.4,0.00673,0.425,0.34723435
1554777810090,67.711,121.4,0.00673,0.425,0.34723435
1554777810152,67.773,121.3,0.00672,0.424,0.345617664
1554777810198,67.819,121.3,0.00672,0.424,0.345617664
1554777810244,67.865,121.3,0.00672,0.424,0.345617664
1554777810290,67.911,121.3,0.00672,0.424,0.345617664
1554777810351,67.972,121.3,0.00672,0.424,0.345617664
1554777810397,68.018,121.3,0.00672,0.424,0.345617664
1554777810443,68.064,121.3,0.00672,0.424,0.345617664
1554777810489,68.11,121.3,0.00672,0.424,0.345617664
1554777810551,68.172,121.3,0.00668,0.425,0.3443707
1554777810598,68.219,121.3,0.00668,0.425,0.3443707
You pressed Ctrl+C!
1554777810644,68.265,121.3,0.00668,0.425,0.3443707
