# Mon Apr 08 21:46:21 2019
abstime,time_stamp,volt,curr,pf,mul
1554785181900,0.08,121.3,0.00618,0.422,0.316345548
1554785181948,0.128,121.3,0.00618,0.422,0.316345548
1554785181994,0.174,121.3,0.00573,0.421,0.292615629
1554785182040,0.22,121.3,0.00573,0.421,0.292615629
1554785182085,0.265,121.3,0.00573,0.421,0.292615629
1554785182130,0.31,121.3,0.00573,0.421,0.292615629
1554785182176,0.356,121.3,0.00571,0.423,0.292979529
1554785182222,0.402,121.3,0.00571,0.423,0.292979529
1554785182267,0.447,121.3,0.00571,0.423,0.292979529
1554785182313,0.493,121.3,0.00571,0.423,0.292979529
1554785182375,0.555,121.3,0.00572,0.42,0.29141112
1554785182420,0.6,121.3,0.00572,0.42,0.29141112
1554785182465,0.645,121.3,0.00572,0.42,0.29141112
1554785182511,0.691,121.3,0.00572,0.42,0.29141112
1554785182576,0.756,121.3,0.00571,0.421,0.291594283
1554785182622,0.802,121.3,0.00571,0.421,0.291594283
1554785182668,0.848,121.3,0.00571,0.421,0.291594283
1554785182714,0.894,121.3,0.00571,0.421,0.291594283
1554785182776,0.956,121.3,0.00573,0.419,0.291225531
1554785182822,1.002,121.3,0.00573,0.419,0.291225531
1554785182868,1.048,121.3,0.00573,0.419,0.291225531
1554785182914,1.094,121.3,0.00573,0.419,0.291225531
1554785182977,1.157,121.3,0.00573,0.417,0.289835433
1554785183023,1.203,121.3,0.00573,0.417,0.289835433
1554785183069,1.249,121.3,0.00573,0.417,0.289835433
1554785183115,1.295,121.3,0.00573,0.417,0.289835433
1554785183176,1.356,121.3,0.00571,0.419,0.290209037
1554785183222,1.402,121.3,0.00571,0.419,0.290209037
1554785183268,1.448,121.3,0.00571,0.419,0.290209037
1554785183314,1.495,121.3,0.00571,0.419,0.290209037
1554785183376,1.556,121.3,0.00569,0.418,0.288502346
1554785183421,1.601,121.3,0.00569,0.418,0.288502346
1554785183467,1.648,121.3,0.00569,0.418,0.288502346
1554785183514,1.694,121.3,0.00569,0.418,0.288502346
1554785183576,1.756,121.3,0.0057,0.421,0.29108361
1554785183622,1.802,121.3,0.0057,0.421,0.29108361
1554785183668,1.848,121.3,0.0057,0.421,0.29108361
1554785183714,1.894,121.3,0.0057,0.421,0.29108361
1554785183776,1.956,121.3,0.00569,0.421,0.290572937
1554785183822,2.002,121.3,0.00569,0.421,0.290572937
1554785183868,2.048,121.3,0.00569,0.421,0.290572937
1554785183914,2.094,121.3,0.00569,0.421,0.290572937
1554785183976,2.156,121.3,0.00571,0.421,0.291594283
1554785184022,2.202,121.3,0.00571,0.421,0.291594283
1554785184068,2.248,121.3,0.00571,0.421,0.291594283
1554785184114,2.294,121.3,0.00571,0.421,0.291594283
1554785184176,2.356,121.3,0.00572,0.42,0.29141112
1554785184221,2.401,121.3,0.00572,0.42,0.29141112
1554785184268,2.448,121.3,0.00572,0.42,0.29141112
1554785184314,2.494,121.3,0.00572,0.42,0.29141112
1554785184376,2.556,121.3,0.00576,0.417,0.291352896
1554785184422,2.602,121.3,0.00576,0.417,0.291352896
1554785184470,2.65,121.3,0.00576,0.417,0.291352896
1554785184516,2.696,121.3,0.00576,0.417,0.291352896
1554785184576,2.756,121.3,0.0057,0.423,0.29246643
1554785184622,2.802,121.3,0.0057,0.423,0.29246643
1554785184668,2.848,121.3,0.0057,0.423,0.29246643
1554785184714,2.894,121.3,0.0057,0.423,0.29246643
1554785184776,2.956,121.2,0.00571,0.422,0.292045944
1554785184822,3.002,121.2,0.00571,0.422,0.292045944
1554785184868,3.048,121.2,0.00571,0.422,0.292045944
1554785184914,3.094,121.2,0.00571,0.422,0.292045944
1554785184976,3.156,121.2,0.00576,0.423,0.295301376
1554785185022,3.202,121.2,0.00576,0.423,0.295301376
1554785185069,3.25,121.2,0.00576,0.423,0.295301376
1554785185115,3.296,121.2,0.00576,0.423,0.295301376
1554785185176,3.356,121.2,0.00571,0.422,0.292045944
1554785185221,3.401,121.2,0.00571,0.422,0.292045944
1554785185267,3.448,121.2,0.00571,0.422,0.292045944
1554785185313,3.494,121.2,0.00571,0.422,0.292045944
1554785185376,3.556,121.2,0.00575,0.424,0.2954856
1554785185422,3.602,121.2,0.00575,0.424,0.2954856
1554785185468,3.648,121.2,0.00575,0.424,0.2954856
1554785185514,3.694,121.2,0.00575,0.424,0.2954856
1554785185576,3.756,121.3,0.00573,0.424,0.294700776
1554785185622,3.802,121.3,0.00573,0.424,0.294700776
1554785185667,3.847,121.3,0.00573,0.424,0.294700776
1554785185712,3.892,121.3,0.00573,0.424,0.294700776
1554785185775,3.955,121.2,0.00572,0.425,0.2946372
1554785185821,4.001,121.2,0.00572,0.425,0.2946372
1554785185866,4.046,121.2,0.00572,0.425,0.2946372
1554785185912,4.092,121.2,0.00572,0.425,0.2946372
1554785185975,4.155,121.3,0.00572,0.424,0.294186464
1554785186020,4.2,121.3,0.00572,0.424,0.294186464
1554785186066,4.246,121.3,0.00572,0.424,0.294186464
1554785186111,4.291,121.3,0.00572,0.424,0.294186464
1554785186176,4.356,121.3,0.00569,0.425,0.293333725
1554785186222,4.402,121.3,0.00569,0.425,0.293333725
1554785186268,4.448,121.3,0.00569,0.425,0.293333725
1554785186313,4.493,121.3,0.00569,0.425,0.293333725
1554785186375,4.555,121.3,0.00569,0.422,0.291263134
1554785186421,4.601,121.3,0.00569,0.422,0.291263134
1554785186466,4.646,121.3,0.00569,0.422,0.291263134
1554785186512,4.692,121.3,0.00569,0.422,0.291263134
1554785186575,4.755,121.3,0.00565,0.424,0.29058628
1554785186622,4.802,121.3,0.00565,0.424,0.29058628
1554785186668,4.848,121.3,0.00565,0.424,0.29058628
1554785186714,4.894,121.3,0.00565,0.424,0.29058628
1554785186776,4.956,121.3,0.00569,0.421,0.290572937
1554785186822,5.002,121.3,0.00569,0.421,0.290572937
1554785186868,5.048,121.3,0.00569,0.421,0.290572937
1554785186914,5.094,121.3,0.00569,0.421,0.290572937
1554785186975,5.155,121.3,0.00566,0.421,0.289040918
1554785187022,5.202,121.3,0.00566,0.421,0.289040918
1554785187068,5.248,121.3,0.00566,0.421,0.289040918
1554785187114,5.294,121.3,0.00566,0.421,0.289040918
1554785187176,5.356,121.3,0.00563,0.425,0.290240575
1554785187222,5.402,121.3,0.00563,0.425,0.290240575
1554785187268,5.448,121.3,0.00563,0.425,0.290240575
1554785187314,5.494,121.3,0.00563,0.425,0.290240575
1554785187375,5.555,121.4,0.00558,0.424,0.287222688
1554785187421,5.601,121.4,0.00558,0.424,0.287222688
1554785187468,5.648,121.4,0.00558,0.424,0.287222688
1554785187514,5.694,121.4,0.00558,0.424,0.287222688
1554785187576,5.756,121.3,0.0056,0.424,0.28801472
1554785187622,5.802,121.3,0.0056,0.424,0.28801472
1554785187668,5.848,121.3,0.0056,0.424,0.28801472
1554785187714,5.894,121.3,0.0056,0.424,0.28801472
1554785187775,5.955,121.3,0.00564,0.422,0.288703704
1554785187821,6.001,121.3,0.00564,0.422,0.288703704
1554785187868,6.048,121.3,0.00564,0.422,0.288703704
1554785187914,6.094,121.3,0.00564,0.422,0.288703704
1554785187976,6.156,121.3,0.00565,0.423,0.289900935
1554785188022,6.202,121.3,0.00565,0.423,0.289900935
1554785188068,6.248,121.3,0.00565,0.423,0.289900935
1554785188114,6.294,121.3,0.00565,0.423,0.289900935
1554785188175,6.355,121.3,0.00564,0.423,0.289387836
1554785188221,6.401,121.3,0.00564,0.423,0.289387836
1554785188268,6.448,121.3,0.00564,0.423,0.289387836
1554785188314,6.494,121.3,0.00564,0.423,0.289387836
1554785188376,6.556,121.3,0.00566,0.422,0.289727476
1554785188422,6.602,121.3,0.00566,0.422,0.289727476
1554785188468,6.648,121.3,0.00566,0.422,0.289727476
1554785188514,6.694,121.3,0.00566,0.422,0.289727476
1554785188575,6.755,121.3,0.00564,0.423,0.289387836
1554785188621,6.801,121.3,0.00564,0.423,0.289387836
1554785188667,6.847,121.3,0.00564,0.423,0.289387836
1554785188713,6.893,121.3,0.00564,0.423,0.289387836
1554785188776,6.956,121.2,0.00566,0.424,0.290860608
1554785188822,7.002,121.2,0.00566,0.424,0.290860608
1554785188868,7.048,121.2,0.00566,0.424,0.290860608
1554785188915,7.095,121.2,0.00566,0.424,0.290860608
1554785188976,7.156,121.2,0.00568,0.423,0.291199968
1554785189022,7.202,121.2,0.00568,0.423,0.291199968
1554785189068,7.248,121.2,0.00568,0.423,0.291199968
1554785189114,7.294,121.2,0.00568,0.423,0.291199968
1554785189175,7.355,121.2,0.00569,0.425,0.2930919
1554785189221,7.401,121.2,0.00569,0.425,0.2930919
1554785189267,7.447,121.2,0.00569,0.425,0.2930919
1554785189313,7.493,121.2,0.00569,0.425,0.2930919
1554785189375,7.555,121.2,0.00575,0.423,0.2947887
1554785189421,7.601,121.2,0.00575,0.423,0.2947887
1554785189467,7.647,121.2,0.00575,0.423,0.2947887
1554785189514,7.694,121.2,0.00575,0.423,0.2947887
1554785189576,7.756,121.2,0.00572,0.421,0.291864144
1554785189622,7.802,121.2,0.00572,0.421,0.291864144
1554785189668,7.848,121.2,0.00572,0.421,0.291864144
1554785189714,7.894,121.2,0.00572,0.421,0.291864144
1554785189775,7.955,121.2,0.0057,0.423,0.29222532
1554785189822,8.002,121.2,0.0057,0.423,0.29222532
1554785189868,8.048,121.2,0.0057,0.423,0.29222532
1554785189914,8.094,121.2,0.0057,0.423,0.29222532
1554785189975,8.155,121.2,0.00567,0.424,0.291374496
1554785190021,8.201,121.2,0.00567,0.424,0.291374496
1554785190067,8.247,121.2,0.00567,0.424,0.291374496
1554785190113,8.293,121.2,0.00567,0.424,0.291374496
1554785190176,8.356,121.2,0.00565,0.425,0.2910315
1554785190222,8.402,121.2,0.00565,0.425,0.2910315
1554785190268,8.448,121.2,0.00565,0.425,0.2910315
1554785190314,8.494,121.2,0.00565,0.425,0.2910315
1554785190375,8.555,121.3,0.00566,0.422,0.289727476
1554785190421,8.601,121.3,0.00566,0.422,0.289727476
1554785190467,8.647,121.3,0.00566,0.422,0.289727476
1554785190513,8.693,121.3,0.00566,0.422,0.289727476
1554785190575,8.755,121.3,0.00565,0.423,0.289900935
1554785190621,8.801,121.3,0.00565,0.423,0.289900935
1554785190667,8.847,121.3,0.00565,0.423,0.289900935
1554785190714,8.894,121.3,0.00565,0.423,0.289900935
1554785190775,8.955,121.3,0.00565,0.423,0.289900935
1554785190821,9.001,121.3,0.00565,0.423,0.289900935
1554785190867,9.047,121.3,0.00565,0.423,0.289900935
1554785190913,9.093,121.3,0.00565,0.423,0.289900935
1554785190975,9.155,121.3,0.00562,0.422,0.287679932
1554785191021,9.201,121.3,0.00562,0.422,0.287679932
1554785191068,9.248,121.3,0.00562,0.422,0.287679932
1554785191114,9.294,121.3,0.00562,0.422,0.287679932
1554785191175,9.355,121.3,0.00563,0.42,0.28682598
1554785191221,9.401,121.3,0.00563,0.42,0.28682598
1554785191267,9.447,121.3,0.00563,0.42,0.28682598
1554785191313,9.493,121.3,0.00563,0.42,0.28682598
1554785191375,9.555,121.3,0.00566,0.421,0.289040918
1554785191422,9.602,121.3,0.00566,0.421,0.289040918
1554785191468,9.648,121.3,0.00566,0.421,0.289040918
1554785191514,9.694,121.3,0.00566,0.421,0.289040918
1554785191575,9.755,121.3,0.00561,0.422,0.287168046
1554785191621,9.801,121.3,0.00561,0.422,0.287168046
1554785191667,9.847,121.3,0.00561,0.422,0.287168046
1554785191713,9.893,121.3,0.00561,0.422,0.287168046
1554785191775,9.955,121.3,0.00564,0.421,0.288019572
1554785191821,10.001,121.3,0.00564,0.421,0.288019572
1554785191867,10.048,121.3,0.00564,0.421,0.288019572
1554785191914,10.094,121.3,0.00564,0.421,0.288019572
1554785191975,10.155,121.3,0.00563,0.421,0.287508899
1554785192020,10.2,121.3,0.00563,0.421,0.287508899
1554785192066,10.246,121.3,0.00563,0.421,0.287508899
1554785192112,10.293,121.3,0.00563,0.421,0.287508899
1554785192175,10.355,121.3,0.00566,0.418,0.286981244
1554785192221,10.401,121.3,0.00566,0.418,0.286981244
1554785192267,10.447,121.3,0.00566,0.418,0.286981244
1554785192313,10.493,121.3,0.00566,0.418,0.286981244
1554785192375,10.555,121.3,0.00562,0.424,0.289043344
1554785192421,10.601,121.3,0.00562,0.424,0.289043344
1554785192467,10.647,121.3,0.00562,0.424,0.289043344
1554785192513,10.693,121.3,0.00562,0.424,0.289043344
1554785192576,10.756,121.3,0.00564,0.424,0.290071968
1554785192622,10.802,121.3,0.00564,0.424,0.290071968
1554785192668,10.848,121.3,0.00564,0.424,0.290071968
1554785192714,10.894,121.3,0.00564,0.424,0.290071968
1554785192775,10.955,121.3,0.00563,0.422,0.288191818
1554785192821,11.001,121.3,0.00563,0.422,0.288191818
1554785192867,11.047,121.3,0.00563,0.422,0.288191818
1554785192914,11.094,121.3,0.00563,0.422,0.288191818
1554785192975,11.155,121.2,0.00568,0.419,0.288446304
1554785193020,11.2,121.2,0.00568,0.419,0.288446304
1554785193066,11.246,121.2,0.00568,0.419,0.288446304
1554785193113,11.293,121.2,0.00568,0.419,0.288446304
1554785193175,11.355,121.2,0.00571,0.422,0.292045944
1554785193221,11.401,121.2,0.00571,0.422,0.292045944
1554785193267,11.447,121.2,0.00571,0.422,0.292045944
1554785193313,11.493,121.2,0.00571,0.422,0.292045944
1554785193375,11.556,121.2,0.00571,0.421,0.291353892
1554785193422,11.602,121.2,0.00571,0.421,0.291353892
1554785193468,11.648,121.2,0.00571,0.421,0.291353892
1554785193514,11.694,121.2,0.00571,0.421,0.291353892
1554785193575,11.755,121.2,0.00568,0.421,0.289823136
1554785193621,11.801,121.2,0.00568,0.421,0.289823136
1554785193667,11.847,121.2,0.00568,0.421,0.289823136
1554785193713,11.894,121.2,0.00568,0.421,0.289823136
1554785193774,11.955,121.2,0.0057,0.423,0.29222532
1554785193820,12.0,121.2,0.0057,0.423,0.29222532
1554785193866,12.047,121.2,0.0057,0.423,0.29222532
1554785193913,12.093,121.2,0.0057,0.423,0.29222532
1554785193975,12.155,121.2,0.00568,0.422,0.290511552
1554785194021,12.201,121.2,0.00568,0.422,0.290511552
1554785194067,12.247,121.2,0.00568,0.422,0.290511552
1554785194113,12.293,121.2,0.00568,0.422,0.290511552
1554785194175,12.355,121.2,0.0057,0.421,0.29084364
1554785194221,12.402,121.2,0.0057,0.421,0.29084364
1554785194268,12.448,121.2,0.0057,0.421,0.29084364
1554785194314,12.494,121.2,0.0057,0.421,0.29084364
1554785194375,12.555,121.2,0.00568,0.423,0.291199968
1554785194421,12.601,121.2,0.00568,0.423,0.291199968
1554785194467,12.647,121.2,0.00568,0.423,0.291199968
1554785194513,12.693,121.2,0.00568,0.423,0.291199968
1554785194575,12.755,121.3,0.00569,0.42,0.28988274
1554785194620,12.8,121.3,0.00569,0.42,0.28988274
1554785194666,12.847,121.3,0.00569,0.42,0.28988274
1554785194713,12.893,121.3,0.00569,0.42,0.28988274
1554785194775,12.955,121.2,0.00566,0.419,0.287430648
1554785194821,13.001,121.2,0.00566,0.419,0.287430648
1554785194867,13.047,121.2,0.00566,0.419,0.287430648
1554785194913,13.093,121.2,0.00566,0.419,0.287430648
1554785194974,13.154,121.3,0.00563,0.419,0.286143061
1554785195020,13.2,121.3,0.00563,0.419,0.286143061
1554785195066,13.246,121.3,0.00563,0.419,0.286143061
1554785195112,13.292,121.3,0.00563,0.419,0.286143061
1554785195174,13.355,121.3,0.00564,0.422,0.288703704
1554785195221,13.401,121.3,0.00564,0.422,0.288703704
1554785195267,13.447,121.3,0.00564,0.422,0.288703704
1554785195313,13.493,121.3,0.00564,0.422,0.288703704
1554785195375,13.555,121.3,0.00565,0.422,0.28921559
1554785195421,13.601,121.3,0.00565,0.422,0.28921559
1554785195467,13.647,121.3,0.00565,0.422,0.28921559
1554785195513,13.693,121.3,0.00565,0.422,0.28921559
1554785195574,13.755,121.3,0.00561,0.42,0.28580706
1554785195620,13.801,121.3,0.00561,0.42,0.28580706
1554785195667,13.847,121.3,0.00561,0.42,0.28580706
1554785195713,13.893,121.3,0.00561,0.42,0.28580706
1554785195775,13.955,121.3,0.00558,0.422,0.285632388
1554785195821,14.001,121.3,0.00558,0.422,0.285632388
1554785195867,14.048,121.3,0.00558,0.422,0.285632388
1554785195914,14.094,121.3,0.00558,0.422,0.285632388
1554785195974,14.155,121.3,0.00562,0.423,0.288361638
1554785196021,14.201,121.3,0.00562,0.423,0.288361638
1554785196067,14.247,121.3,0.00562,0.423,0.288361638
1554785196113,14.293,121.3,0.00562,0.423,0.288361638
1554785196175,14.355,121.3,0.00564,0.422,0.288703704
1554785196221,14.401,121.3,0.00564,0.422,0.288703704
1554785196267,14.448,121.3,0.00564,0.422,0.288703704
1554785196314,14.494,121.3,0.00564,0.422,0.288703704
1554785196375,14.555,121.4,0.0056,0.423,0.28757232
1554785196421,14.601,121.4,0.0056,0.423,0.28757232
1554785196467,14.647,121.4,0.0056,0.423,0.28757232
1554785196513,14.693,121.4,0.0056,0.423,0.28757232
1554785196574,14.754,121.3,0.00561,0.423,0.287848539
1554785196620,14.8,121.3,0.00561,0.423,0.287848539
1554785196666,14.846,121.3,0.00561,0.423,0.287848539
1554785196712,14.892,121.3,0.00561,0.423,0.287848539
1554785196775,14.955,121.3,0.00562,0.423,0.288361638
1554785196821,15.001,121.3,0.00562,0.423,0.288361638
1554785196867,15.047,121.3,0.00562,0.423,0.288361638
1554785196913,15.093,121.3,0.00562,0.423,0.288361638
1554785196974,15.154,121.3,0.00565,0.422,0.28921559
1554785197020,15.2,121.3,0.00565,0.422,0.28921559
1554785197066,15.246,121.3,0.00565,0.422,0.28921559
1554785197112,15.292,121.3,0.00565,0.422,0.28921559
1554785197174,15.354,121.3,0.00571,0.421,0.291594283
1554785197220,15.401,121.3,0.00571,0.421,0.291594283
1554785197266,15.447,121.3,0.00571,0.421,0.291594283
1554785197313,15.493,121.3,0.00571,0.421,0.291594283
1554785197375,15.555,121.3,0.00573,0.419,0.291225531
1554785197421,15.601,121.3,0.00573,0.419,0.291225531
1554785197467,15.648,121.3,0.00573,0.419,0.291225531
1554785197514,15.694,121.3,0.00573,0.419,0.291225531
1554785197575,15.755,121.2,0.00572,0.421,0.291864144
1554785197621,15.801,121.2,0.00572,0.421,0.291864144
1554785197667,15.847,121.2,0.00572,0.421,0.291864144
1554785197715,15.895,121.2,0.00572,0.421,0.291864144
1554785197774,15.954,121.2,0.00568,0.42,0.28913472
1554785197820,16.0,121.2,0.00568,0.42,0.28913472
1554785197866,16.046,121.2,0.00568,0.42,0.28913472
1554785197912,16.092,121.2,0.00568,0.42,0.28913472
1554785197974,16.154,121.2,0.00567,0.42,0.28862568
1554785198020,16.201,121.2,0.00567,0.42,0.28862568
1554785198066,16.247,121.2,0.00567,0.42,0.28862568
1554785198113,16.293,121.2,0.00567,0.42,0.28862568
1554785198175,16.355,121.2,0.00568,0.423,0.291199968
1554785198221,16.401,121.2,0.00568,0.423,0.291199968
1554785198267,16.447,121.2,0.00568,0.423,0.291199968
1554785198314,16.494,121.2,0.00568,0.423,0.291199968
1554785198375,16.555,121.2,0.00568,0.422,0.290511552
1554785198421,16.601,121.2,0.00568,0.422,0.290511552
1554785198467,16.647,121.2,0.00568,0.422,0.290511552
1554785198513,16.693,121.2,0.00568,0.422,0.290511552
1554785198574,16.754,121.3,0.00563,0.424,0.289557656
1554785198620,16.8,121.3,0.00563,0.424,0.289557656
1554785198666,16.846,121.3,0.00563,0.424,0.289557656
1554785198712,16.892,121.3,0.00563,0.424,0.289557656
1554785198774,16.955,121.2,0.00564,0.419,0.286414992
1554785198821,17.001,121.2,0.00564,0.419,0.286414992
1554785198867,17.047,121.2,0.00564,0.419,0.286414992
1554785198913,17.093,121.2,0.00564,0.419,0.286414992
1554785198974,17.154,121.2,0.00564,0.421,0.287782128
1554785199020,17.2,121.2,0.00564,0.421,0.287782128
1554785199066,17.246,121.2,0.00564,0.421,0.287782128
1554785199112,17.292,121.2,0.00564,0.421,0.287782128
1554785199174,17.355,121.3,0.00562,0.421,0.286998226
1554785199221,17.401,121.3,0.00562,0.421,0.286998226
1554785199267,17.447,121.3,0.00562,0.421,0.286998226
1554785199313,17.493,121.3,0.00562,0.421,0.286998226
1554785199374,17.554,121.3,0.00561,0.423,0.287848539
1554785199420,17.6,121.3,0.00561,0.423,0.287848539
1554785199466,17.646,121.3,0.00561,0.423,0.287848539
1554785199512,17.692,121.3,0.00561,0.423,0.287848539
1554785199574,17.755,121.3,0.00565,0.419,0.287159555
1554785199620,17.801,121.3,0.00565,0.419,0.287159555
1554785199666,17.847,121.3,0.00565,0.419,0.287159555
1554785199713,17.893,121.3,0.00565,0.419,0.287159555
1554785199775,17.955,121.3,0.00569,0.415,0.286431755
1554785199821,18.001,121.3,0.00569,0.415,0.286431755
1554785199867,18.047,121.3,0.00569,0.415,0.286431755
1554785199913,18.093,121.3,0.00569,0.415,0.286431755
1554785199974,18.154,121.3,0.00563,0.422,0.288191818
1554785200020,18.201,121.3,0.00563,0.422,0.288191818
1554785200066,18.247,121.3,0.00563,0.422,0.288191818
1554785200113,18.293,121.3,0.00563,0.422,0.288191818
1554785200174,18.354,121.3,0.00563,0.422,0.288191818
1554785200220,18.4,121.3,0.00563,0.422,0.288191818
1554785200266,18.446,121.3,0.00563,0.422,0.288191818
1554785200312,18.492,121.3,0.00563,0.422,0.288191818
1554785200374,18.554,121.4,0.00563,0.424,0.289796368
1554785200420,18.601,121.4,0.00563,0.424,0.289796368
1554785200467,18.647,121.4,0.00563,0.424,0.289796368
1554785200513,18.693,121.4,0.00563,0.424,0.289796368
1554785200574,18.754,121.4,0.00564,0.424,0.290311104
1554785200620,18.8,121.4,0.00564,0.424,0.290311104
1554785200666,18.846,121.4,0.00564,0.424,0.290311104
1554785200716,18.896,121.4,0.00564,0.424,0.290311104
1554785200775,18.955,121.3,0.00562,0.423,0.288361638
1554785200821,19.001,121.3,0.00562,0.423,0.288361638
1554785200867,19.047,121.3,0.00562,0.423,0.288361638
1554785200913,19.093,121.3,0.00562,0.423,0.288361638
1554785200974,19.154,121.3,0.00565,0.423,0.289900935
1554785201020,19.2,121.3,0.00565,0.423,0.289900935
1554785201067,19.247,121.3,0.00565,0.423,0.289900935
1554785201113,19.293,121.3,0.00565,0.423,0.289900935
1554785201175,19.355,121.3,0.00567,0.425,0.292302675
1554785201221,19.401,121.3,0.00567,0.425,0.292302675
1554785201267,19.447,121.3,0.00567,0.425,0.292302675
1554785201313,19.493,121.3,0.00567,0.425,0.292302675
1554785201374,19.554,121.3,0.00565,0.425,0.291271625
1554785201420,19.6,121.3,0.00565,0.425,0.291271625
1554785201466,19.647,121.3,0.00565,0.425,0.291271625
1554785201513,19.693,121.3,0.00565,0.425,0.291271625
1554785201574,19.754,121.3,0.00564,0.426,0.291440232
1554785201619,19.8,121.3,0.00564,0.426,0.291440232
1554785201666,19.846,121.3,0.00564,0.426,0.291440232
1554785201712,19.892,121.3,0.00564,0.426,0.291440232
1554785201774,19.954,121.3,0.00564,0.424,0.290071968
1554785201820,20.0,121.3,0.00564,0.424,0.290071968
1554785201866,20.046,121.3,0.00564,0.424,0.290071968
1554785201912,20.093,121.3,0.00564,0.424,0.290071968
1554785201975,20.155,121.2,0.00564,0.425,0.2905164
1554785202021,20.201,121.2,0.00564,0.425,0.2905164
1554785202067,20.247,121.2,0.00564,0.425,0.2905164
1554785202113,20.293,121.2,0.00564,0.425,0.2905164
1554785202174,20.354,121.2,0.00566,0.424,0.290860608
1554785202220,20.4,121.2,0.00566,0.424,0.290860608
1554785202266,20.446,121.2,0.00566,0.424,0.290860608
1554785202312,20.492,121.2,0.00566,0.424,0.290860608
1554785202374,20.555,121.2,0.00568,0.419,0.288446304
1554785202421,20.601,121.2,0.00568,0.419,0.288446304
1554785202467,20.647,121.2,0.00568,0.419,0.288446304
1554785202513,20.693,121.2,0.00568,0.419,0.288446304
1554785202574,20.754,121.3,0.00561,0.424,0.288529032
1554785202620,20.8,121.3,0.00561,0.424,0.288529032
1554785202666,20.846,121.3,0.00561,0.424,0.288529032
1554785202712,20.892,121.3,0.00561,0.424,0.288529032
1554785202774,20.954,121.2,0.00558,0.426,0.288102096
1554785202820,21.0,121.2,0.00558,0.426,0.288102096
1554785202866,21.047,121.2,0.00558,0.426,0.288102096
1554785202913,21.093,121.2,0.00558,0.426,0.288102096
1554785202974,21.154,121.2,0.00558,0.424,0.286749504
1554785203020,21.2,121.2,0.00558,0.424,0.286749504
1554785203066,21.246,121.2,0.00558,0.424,0.286749504
1554785203112,21.292,121.2,0.00558,0.424,0.286749504
1554785203174,21.354,121.2,0.00562,0.423,0.288123912
1554785203220,21.4,121.2,0.00562,0.423,0.288123912
1554785203266,21.446,121.2,0.00562,0.423,0.288123912
1554785203312,21.493,121.2,0.00562,0.423,0.288123912
1554785203374,21.554,121.3,0.00558,0.422,0.285632388
1554785203420,21.6,121.3,0.00558,0.422,0.285632388
1554785203466,21.646,121.3,0.00558,0.422,0.285632388
1554785203512,21.692,121.3,0.00558,0.422,0.285632388
1554785203574,21.754,121.3,0.00561,0.422,0.287168046
1554785203620,21.801,121.3,0.00561,0.422,0.287168046
1554785203667,21.847,121.3,0.00561,0.422,0.287168046
1554785203717,21.897,121.3,0.00561,0.422,0.287168046
1554785203774,21.954,121.3,0.0056,0.422,0.28665616
1554785203820,22.0,121.3,0.0056,0.422,0.28665616
1554785203866,22.046,121.3,0.0056,0.422,0.28665616
1554785203912,22.092,121.3,0.0056,0.422,0.28665616
1554785203973,22.153,121.3,0.00558,0.423,0.286309242
1554785204019,22.199,121.3,0.00558,0.423,0.286309242
1554785204065,22.246,121.3,0.00558,0.423,0.286309242
1554785204112,22.292,121.3,0.00558,0.423,0.286309242
1554785204174,22.354,121.3,0.00559,0.423,0.286822341
1554785204220,22.4,121.3,0.00559,0.423,0.286822341
1554785204266,22.446,121.3,0.00559,0.423,0.286822341
1554785204312,22.493,121.3,0.00559,0.423,0.286822341
1554785204373,22.554,121.3,0.00561,0.425,0.289209525
1554785204419,22.599,121.3,0.00561,0.425,0.289209525
1554785204465,22.645,121.3,0.00561,0.425,0.289209525
1554785204512,22.692,121.3,0.00561,0.425,0.289209525
1554785204574,22.754,121.3,0.00564,0.423,0.289387836
1554785204620,22.8,121.3,0.00564,0.423,0.289387836
1554785204666,22.846,121.3,0.00564,0.423,0.289387836
1554785204712,22.892,121.3,0.00564,0.423,0.289387836
1554785204773,22.953,121.3,0.00566,0.42,0.28835436
1554785204819,22.999,121.3,0.00566,0.42,0.28835436
1554785204866,23.046,121.3,0.00566,0.42,0.28835436
1554785204912,23.092,121.3,0.00566,0.42,0.28835436
1554785204974,23.154,121.3,0.00566,0.42,0.28835436
1554785205020,23.2,121.3,0.00566,0.42,0.28835436
1554785205066,23.246,121.3,0.00566,0.42,0.28835436
1554785205112,23.292,121.3,0.00566,0.42,0.28835436
1554785205173,23.353,121.3,0.00567,0.427,0.293678217
1554785205220,23.4,121.3,0.00567,0.427,0.293678217
1554785205265,23.446,121.3,0.00567,0.427,0.293678217
1554785205311,23.491,121.3,0.00567,0.427,0.293678217
1554785205374,23.554,121.3,0.00567,0.424,0.291614904
1554785205420,23.6,121.3,0.00567,0.424,0.291614904
1554785205466,23.646,121.3,0.00567,0.424,0.291614904
1554785205512,23.692,121.3,0.00567,0.424,0.291614904
1554785205573,23.753,121.3,0.0057,0.422,0.29177502
1554785205619,23.799,121.3,0.0057,0.422,0.29177502
1554785205666,23.846,121.3,0.0057,0.422,0.29177502
1554785205712,23.892,121.3,0.0057,0.422,0.29177502
1554785205774,23.954,121.3,0.00566,0.423,0.290414034
1554785205820,24.0,121.3,0.00566,0.423,0.290414034
1554785205866,24.046,121.3,0.00566,0.423,0.290414034
1554785205913,24.093,121.3,0.00566,0.423,0.290414034
1554785205974,24.154,121.2,0.00566,0.422,0.289488624
1554785206019,24.199,121.2,0.00566,0.422,0.289488624
1554785206066,24.246,121.2,0.00566,0.422,0.289488624
1554785206112,24.292,121.2,0.00566,0.422,0.289488624
1554785206174,24.354,121.2,0.00561,0.423,0.287611236
1554785206220,24.4,121.2,0.00561,0.423,0.287611236
1554785206266,24.446,121.2,0.00561,0.423,0.287611236
1554785206312,24.492,121.2,0.00561,0.423,0.287611236
1554785206373,24.553,121.2,0.00564,0.423,0.289149264
1554785206419,24.599,121.2,0.00564,0.423,0.289149264
1554785206465,24.645,121.2,0.00564,0.423,0.289149264
1554785206511,24.691,121.2,0.00564,0.423,0.289149264
1554785206574,24.754,121.3,0.00563,0.423,0.288874737
1554785206620,24.8,121.3,0.00563,0.423,0.288874737
1554785206666,24.846,121.3,0.00563,0.423,0.288874737
1554785206712,24.892,121.3,0.00563,0.423,0.288874737
1554785206773,24.953,121.3,0.00561,0.422,0.287168046
1554785206819,24.999,121.3,0.00561,0.422,0.287168046
1554785206866,25.046,121.3,0.00561,0.422,0.287168046
1554785206912,25.092,121.3,0.00561,0.422,0.287168046
1554785206974,25.154,121.2,0.00556,0.422,0.284373984
1554785207020,25.2,121.2,0.00556,0.422,0.284373984
1554785207066,25.246,121.2,0.00556,0.422,0.284373984
1554785207113,25.293,121.2,0.00556,0.422,0.284373984
1554785207174,25.354,121.2,0.00563,0.421,0.287271876
1554785207220,25.4,121.2,0.00563,0.421,0.287271876
1554785207266,25.446,121.2,0.00563,0.421,0.287271876
1554785207312,25.492,121.2,0.00563,0.421,0.287271876
1554785207373,25.553,121.3,0.00564,0.42,0.28733544
1554785207419,25.599,121.3,0.00564,0.42,0.28733544
1554785207465,25.645,121.3,0.00564,0.42,0.28733544
1554785207512,25.692,121.3,0.00564,0.42,0.28733544
1554785207574,25.754,121.3,0.00559,0.425,0.288178475
1554785207620,25.8,121.3,0.00559,0.425,0.288178475
1554785207666,25.846,121.3,0.00559,0.425,0.288178475
1554785207712,25.892,121.3,0.00559,0.425,0.288178475
1554785207773,25.953,121.3,0.00557,0.423,0.285796143
1554785207819,25.999,121.3,0.00557,0.423,0.285796143
1554785207865,26.045,121.3,0.00557,0.423,0.285796143
1554785207912,26.092,121.3,0.00557,0.423,0.285796143
1554785207974,26.154,121.3,0.00557,0.425,0.287147425
1554785208020,26.2,121.3,0.00557,0.425,0.287147425
1554785208066,26.246,121.3,0.00557,0.425,0.287147425
1554785208112,26.292,121.3,0.00557,0.425,0.287147425
1554785208174,26.354,121.3,0.00559,0.423,0.286822341
1554785208221,26.401,121.3,0.00559,0.423,0.286822341
1554785208267,26.447,121.3,0.00559,0.423,0.286822341
1554785208313,26.493,121.3,0.00559,0.423,0.286822341
1554785208373,26.553,121.3,0.00563,0.424,0.289557656
1554785208419,26.599,121.3,0.00563,0.424,0.289557656
1554785208465,26.645,121.3,0.00563,0.424,0.289557656
1554785208511,26.691,121.3,0.00563,0.424,0.289557656
1554785208573,26.753,121.3,0.00562,0.424,0.289043344
1554785208620,26.8,121.3,0.00562,0.424,0.289043344
1554785208666,26.846,121.3,0.00562,0.424,0.289043344
1554785208712,26.892,121.3,0.00562,0.424,0.289043344
1554785208773,26.953,121.3,0.00561,0.425,0.289209525
1554785208819,26.999,121.3,0.00561,0.425,0.289209525
1554785208865,27.045,121.3,0.00561,0.425,0.289209525
1554785208911,27.091,121.3,0.00561,0.425,0.289209525
1554785208973,27.154,121.3,0.00564,0.424,0.290071968
1554785209020,27.2,121.3,0.00564,0.424,0.290071968
1554785209066,27.246,121.3,0.00564,0.424,0.290071968
1554785209112,27.292,121.3,0.00564,0.424,0.290071968
1554785209173,27.353,121.3,0.00564,0.423,0.289387836
1554785209219,27.399,121.3,0.00564,0.423,0.289387836
1554785209265,27.445,121.3,0.00564,0.423,0.289387836
1554785209311,27.491,121.3,0.00564,0.423,0.289387836
1554785209374,27.554,121.3,0.00567,0.422,0.290239362
1554785209420,27.6,121.3,0.00567,0.422,0.290239362
1554785209466,27.646,121.3,0.00567,0.422,0.290239362
1554785209512,27.692,121.3,0.00567,0.422,0.290239362
1554785209573,27.753,121.3,0.00573,0.419,0.291225531
1554785209620,27.8,121.3,0.00573,0.419,0.291225531
1554785209666,27.846,121.3,0.00573,0.419,0.291225531
1554785209712,27.892,121.3,0.00573,0.419,0.291225531
1554785209773,27.953,121.3,0.00569,0.419,0.289192543
1554785209819,27.999,121.3,0.00569,0.419,0.289192543
1554785209865,28.045,121.3,0.00569,0.419,0.289192543
1554785209911,28.091,121.3,0.00569,0.419,0.289192543
1554785209974,28.154,121.2,0.00565,0.422,0.28897716
1554785210020,28.2,121.2,0.00565,0.422,0.28897716
1554785210066,28.246,121.2,0.00565,0.422,0.28897716
1554785210112,28.292,121.2,0.00565,0.422,0.28897716
1554785210173,28.353,121.2,0.00564,0.422,0.288465696
1554785210219,28.399,121.2,0.00564,0.422,0.288465696
1554785210265,28.445,121.2,0.00564,0.422,0.288465696
1554785210311,28.491,121.2,0.00564,0.422,0.288465696
1554785210373,28.553,121.2,0.00562,0.424,0.288805056
1554785210419,28.599,121.2,0.00562,0.424,0.288805056
1554785210465,28.645,121.2,0.00562,0.424,0.288805056
1554785210511,28.691,121.2,0.00562,0.424,0.288805056
1554785210573,28.753,121.2,0.00561,0.423,0.287611236
1554785210619,28.799,121.2,0.00561,0.423,0.287611236
1554785210665,28.845,121.2,0.00561,0.423,0.287611236
1554785210712,28.892,121.2,0.00561,0.423,0.287611236
1554785210773,28.953,121.2,0.00562,0.42,0.28608048
1554785210819,28.999,121.2,0.00562,0.42,0.28608048
1554785210865,29.045,121.2,0.00562,0.42,0.28608048
1554785210911,29.091,121.2,0.00562,0.42,0.28608048
1554785210973,29.153,121.2,0.00558,0.424,0.286749504
1554785211019,29.199,121.2,0.00558,0.424,0.286749504
1554785211065,29.245,121.2,0.00558,0.424,0.286749504
1554785211111,29.291,121.2,0.00558,0.424,0.286749504
1554785211173,29.353,121.2,0.00559,0.421,0.285230868
1554785211221,29.401,121.2,0.00559,0.421,0.285230868
1554785211267,29.447,121.2,0.00559,0.421,0.285230868
1554785211313,29.493,121.2,0.00559,0.421,0.285230868
1554785211373,29.553,121.3,0.00557,0.423,0.285796143
1554785211419,29.599,121.3,0.00557,0.423,0.285796143
1554785211465,29.645,121.3,0.00557,0.423,0.285796143
1554785211511,29.691,121.3,0.00557,0.423,0.285796143
1554785211573,29.753,121.3,0.00559,0.423,0.286822341
1554785211619,29.799,121.3,0.00559,0.423,0.286822341
1554785211665,29.845,121.3,0.00559,0.423,0.286822341
1554785211712,29.892,121.3,0.00559,0.423,0.286822341
1554785211773,29.953,121.3,0.00559,0.423,0.286822341
1554785211819,29.999,121.3,0.00559,0.423,0.286822341
1554785211865,30.045,121.3,0.00559,0.423,0.286822341
1554785211911,30.091,121.3,0.00559,0.423,0.286822341
1554785211973,30.153,121.3,0.00559,0.422,0.286144274
1554785212019,30.199,121.3,0.00559,0.422,0.286144274
1554785212066,30.246,121.3,0.00559,0.422,0.286144274
1554785212112,30.292,121.3,0.00559,0.422,0.286144274
1554785212173,30.353,121.3,0.00564,0.419,0.286651308
1554785212219,30.399,121.3,0.00564,0.419,0.286651308
1554785212265,30.445,121.3,0.00564,0.419,0.286651308
1554785212311,30.491,121.3,0.00564,0.419,0.286651308
1554785212373,30.553,121.3,0.00563,0.422,0.288191818
1554785212420,30.6,121.3,0.00563,0.422,0.288191818
1554785212466,30.646,121.3,0.00563,0.422,0.288191818
1554785212512,30.692,121.3,0.00563,0.422,0.288191818
1554785212573,30.753,121.4,0.00565,0.423,0.29013993
1554785212619,30.799,121.4,0.00565,0.423,0.29013993
1554785212665,30.845,121.4,0.00565,0.423,0.29013993
1554785212711,30.891,121.4,0.00565,0.423,0.29013993
1554785212773,30.953,121.4,0.00561,0.424,0.288766896
1554785212819,30.999,121.4,0.00561,0.424,0.288766896
1554785212865,31.045,121.4,0.00561,0.424,0.288766896
1554785212911,31.091,121.4,0.00561,0.424,0.288766896
1554785212972,31.152,121.3,0.0056,0.422,0.28665616
1554785213018,31.198,121.3,0.0056,0.422,0.28665616
1554785213064,31.244,121.3,0.0056,0.422,0.28665616
1554785213111,31.291,121.3,0.0056,0.422,0.28665616
1554785213173,31.353,121.3,0.00565,0.424,0.29058628
1554785213219,31.399,121.3,0.00565,0.424,0.29058628
1554785213265,31.445,121.3,0.00565,0.424,0.29058628
1554785213311,31.491,121.3,0.00565,0.424,0.29058628
1554785213373,31.553,121.3,0.00566,0.423,0.290414034
1554785213419,31.599,121.3,0.00566,0.423,0.290414034
1554785213465,31.645,121.3,0.00566,0.423,0.290414034
1554785213511,31.691,121.3,0.00566,0.423,0.290414034
1554785213572,31.752,121.3,0.00567,0.424,0.291614904
1554785213618,31.798,121.3,0.00567,0.424,0.291614904
1554785213664,31.844,121.3,0.00567,0.424,0.291614904
1554785213710,31.89,121.3,0.00567,0.424,0.291614904
1554785213773,31.953,121.2,0.00563,0.425,0.2900013
1554785213819,31.999,121.2,0.00563,0.425,0.2900013
1554785213865,32.045,121.2,0.00563,0.425,0.2900013
1554785213911,32.091,121.2,0.00563,0.425,0.2900013
1554785213973,32.153,121.2,0.00559,0.424,0.287263392
1554785214019,32.199,121.2,0.00559,0.424,0.287263392
1554785214066,32.246,121.2,0.00559,0.424,0.287263392
1554785214112,32.292,121.2,0.00559,0.424,0.287263392
1554785214173,32.353,121.2,0.00561,0.424,0.288291168
1554785214222,32.402,121.2,0.00561,0.424,0.288291168
1554785214269,32.449,121.2,0.00561,0.424,0.288291168
1554785214315,32.495,121.2,0.00561,0.424,0.288291168
1554785214373,32.553,121.2,0.00565,0.422,0.28897716
1554785214419,32.599,121.2,0.00565,0.422,0.28897716
1554785214465,32.645,121.2,0.00565,0.422,0.28897716
1554785214511,32.691,121.2,0.00565,0.422,0.28897716
1554785214573,32.753,121.2,0.00563,0.422,0.287954232
1554785214619,32.799,121.2,0.00563,0.422,0.287954232
1554785214665,32.845,121.2,0.00563,0.422,0.287954232
1554785214711,32.891,121.2,0.00563,0.422,0.287954232
1554785214773,32.953,121.2,0.0056,0.421,0.28574112
1554785214819,32.999,121.2,0.0056,0.421,0.28574112
1554785214865,33.045,121.2,0.0056,0.421,0.28574112
1554785214911,33.091,121.2,0.0056,0.421,0.28574112
1554785214972,33.152,121.2,0.00562,0.42,0.28608048
1554785215018,33.198,121.2,0.00562,0.42,0.28608048
1554785215064,33.244,121.2,0.00562,0.42,0.28608048
1554785215110,33.29,121.2,0.00562,0.42,0.28608048
1554785215173,33.353,121.2,0.00564,0.421,0.287782128
1554785215219,33.399,121.2,0.00564,0.421,0.287782128
1554785215265,33.445,121.2,0.00564,0.421,0.287782128
1554785215311,33.491,121.2,0.00564,0.421,0.287782128
1554785215372,33.552,121.2,0.00561,0.423,0.287611236
1554785215418,33.598,121.2,0.00561,0.423,0.287611236
1554785215464,33.644,121.2,0.00561,0.423,0.287611236
1554785215510,33.69,121.2,0.00561,0.423,0.287611236
1554785215573,33.753,121.3,0.00561,0.422,0.287168046
1554785215619,33.799,121.3,0.00561,0.422,0.287168046
1554785215665,33.845,121.3,0.00561,0.422,0.287168046
1554785215711,33.891,121.3,0.00561,0.422,0.287168046
1554785215772,33.952,121.3,0.0056,0.42,0.2852976
1554785215818,33.998,121.3,0.0056,0.42,0.2852976
1554785215865,34.045,121.3,0.0056,0.42,0.2852976
1554785215911,34.091,121.3,0.0056,0.42,0.2852976
1554785215973,34.153,121.2,0.0056,0.422,0.28641984
1554785216019,34.199,121.2,0.0056,0.422,0.28641984
1554785216065,34.245,121.2,0.0056,0.422,0.28641984
1554785216111,34.291,121.2,0.0056,0.422,0.28641984
1554785216172,34.352,121.3,0.00562,0.422,0.287679932
1554785216218,34.398,121.3,0.00562,0.422,0.287679932
1554785216265,34.445,121.3,0.00562,0.422,0.287679932
1554785216311,34.491,121.3,0.00562,0.422,0.287679932
1554785216373,34.553,121.3,0.00565,0.424,0.29058628
1554785216419,34.599,121.3,0.00565,0.424,0.29058628
1554785216465,34.645,121.3,0.00565,0.424,0.29058628
1554785216512,34.692,121.3,0.00565,0.424,0.29058628
1554785216573,34.753,121.3,0.00563,0.423,0.288874737
1554785216619,34.799,121.3,0.00563,0.423,0.288874737
1554785216665,34.845,121.3,0.00563,0.423,0.288874737
1554785216711,34.891,121.3,0.00563,0.423,0.288874737
1554785216772,34.952,121.3,0.00566,0.419,0.287667802
1554785216818,34.998,121.3,0.00566,0.419,0.287667802
1554785216865,35.045,121.3,0.00566,0.419,0.287667802
1554785216911,35.091,121.3,0.00566,0.419,0.287667802
1554785216973,35.153,121.3,0.00562,0.422,0.287679932
1554785217019,35.199,121.3,0.00562,0.422,0.287679932
1554785217065,35.245,121.3,0.00562,0.422,0.287679932
1554785217111,35.291,121.3,0.00562,0.422,0.287679932
1554785217172,35.352,121.3,0.00566,0.423,0.290414034
1554785217218,35.398,121.3,0.00566,0.423,0.290414034
1554785217264,35.444,121.3,0.00566,0.423,0.290414034
1554785217310,35.49,121.3,0.00566,0.423,0.290414034
1554785217373,35.553,121.3,0.00569,0.422,0.291263134
1554785217419,35.599,121.3,0.00569,0.422,0.291263134
1554785217465,35.645,121.3,0.00569,0.422,0.291263134
1554785217512,35.692,121.3,0.00569,0.422,0.291263134
1554785217573,35.753,121.3,0.00566,0.421,0.289040918
1554785217619,35.799,121.3,0.00566,0.421,0.289040918
1554785217665,35.845,121.3,0.00566,0.421,0.289040918
1554785217711,35.891,121.3,0.00566,0.421,0.289040918
1554785217772,35.952,121.3,0.00566,0.423,0.290414034
1554785217819,35.999,121.3,0.00566,0.423,0.290414034
1554785217865,36.045,121.3,0.00566,0.423,0.290414034
1554785217911,36.091,121.3,0.00566,0.423,0.290414034
1554785217972,36.152,121.3,0.00558,0.424,0.286986096
1554785218018,36.198,121.3,0.00558,0.424,0.286986096
1554785218064,36.244,121.3,0.00558,0.424,0.286986096
1554785218110,36.29,121.3,0.00558,0.424,0.286986096
1554785218172,36.352,121.2,0.00563,0.424,0.289318944
1554785218219,36.399,121.2,0.00563,0.424,0.289318944
1554785218265,36.445,121.2,0.00563,0.424,0.289318944
1554785218311,36.491,121.2,0.00563,0.424,0.289318944
1554785218372,36.552,121.2,0.00563,0.423,0.288636588
1554785218418,36.598,121.2,0.00563,0.423,0.288636588
1554785218464,36.644,121.2,0.00563,0.423,0.288636588
1554785218510,36.69,121.2,0.00563,0.423,0.288636588
1554785218573,36.753,121.2,0.00561,0.422,0.286931304
1554785218619,36.799,121.2,0.00561,0.422,0.286931304
1554785218665,36.845,121.2,0.00561,0.422,0.286931304
1554785218711,36.891,121.2,0.00561,0.422,0.286931304
1554785218772,36.952,121.2,0.00562,0.423,0.288123912
1554785218818,36.998,121.2,0.00562,0.423,0.288123912
1554785218865,37.045,121.2,0.00562,0.423,0.288123912
1554785218911,37.091,121.2,0.00562,0.423,0.288123912
1554785218972,37.152,121.2,0.00558,0.422,0.285396912
1554785219018,37.198,121.2,0.00558,0.422,0.285396912
1554785219064,37.244,121.2,0.00558,0.422,0.285396912
1554785219110,37.29,121.2,0.00558,0.422,0.285396912
1554785219172,37.352,121.2,0.00558,0.421,0.284720616
1554785219218,37.398,121.2,0.00558,0.421,0.284720616
1554785219265,37.445,121.2,0.00558,0.421,0.284720616
1554785219311,37.491,121.2,0.00558,0.421,0.284720616
1554785219372,37.552,121.2,0.0056,0.42,0.2850624
1554785219418,37.598,121.2,0.0056,0.42,0.2850624
1554785219464,37.644,121.2,0.0056,0.42,0.2850624
1554785219510,37.69,121.2,0.0056,0.42,0.2850624
1554785219573,37.753,121.2,0.0056,0.421,0.28574112
1554785219619,37.799,121.2,0.0056,0.421,0.28574112
1554785219665,37.845,121.2,0.0056,0.421,0.28574112
1554785219711,37.891,121.2,0.0056,0.421,0.28574112
1554785219772,37.952,121.2,0.0056,0.421,0.28574112
1554785219818,37.998,121.2,0.0056,0.421,0.28574112
1554785219865,38.045,121.2,0.0056,0.421,0.28574112
1554785219911,38.091,121.2,0.0056,0.421,0.28574112
1554785219972,38.152,121.2,0.00563,0.422,0.287954232
1554785220017,38.197,121.2,0.00563,0.422,0.287954232
1554785220064,38.244,121.2,0.00563,0.422,0.287954232
1554785220110,38.29,121.2,0.00563,0.422,0.287954232
1554785220172,38.352,121.2,0.00561,0.422,0.286931304
1554785220218,38.398,121.2,0.00561,0.422,0.286931304
1554785220264,38.444,121.2,0.00561,0.422,0.286931304
1554785220310,38.49,121.2,0.00561,0.422,0.286931304
1554785220372,38.552,121.2,0.00562,0.421,0.286761624
1554785220418,38.598,121.2,0.00562,0.421,0.286761624
1554785220464,38.644,121.2,0.00562,0.421,0.286761624
1554785220510,38.69,121.2,0.00562,0.421,0.286761624
1554785220572,38.752,121.2,0.00564,0.423,0.289149264
1554785220617,38.797,121.2,0.00564,0.423,0.289149264
1554785220664,38.844,121.2,0.00564,0.423,0.289149264
1554785220710,38.89,121.2,0.00564,0.423,0.289149264
1554785220772,38.952,121.3,0.00564,0.422,0.288703704
1554785220818,38.998,121.3,0.00564,0.422,0.288703704
1554785220864,39.044,121.3,0.00564,0.422,0.288703704
1554785220910,39.09,121.3,0.00564,0.422,0.288703704
1554785220973,39.153,121.3,0.0057,0.418,0.28900938
1554785221019,39.199,121.3,0.0057,0.418,0.28900938
1554785221065,39.245,121.3,0.0057,0.418,0.28900938
1554785221111,39.291,121.3,0.0057,0.418,0.28900938
1554785221172,39.352,121.3,0.0057,0.419,0.28970079
1554785221218,39.398,121.3,0.0057,0.419,0.28970079
1554785221264,39.444,121.3,0.0057,0.419,0.28970079
1554785221310,39.49,121.3,0.0057,0.419,0.28970079
1554785221371,39.551,121.3,0.00568,0.422,0.290751248
1554785221417,39.597,121.3,0.00568,0.422,0.290751248
1554785221463,39.643,121.3,0.00568,0.422,0.290751248
1554785221509,39.689,121.3,0.00568,0.422,0.290751248
1554785221572,39.752,121.3,0.00569,0.42,0.28988274
1554785221618,39.798,121.3,0.00569,0.42,0.28988274
1554785221664,39.844,121.3,0.00569,0.42,0.28988274
1554785221710,39.89,121.3,0.00569,0.42,0.28988274
1554785221772,39.952,121.3,0.00567,0.42,0.28886382
1554785221819,39.999,121.3,0.00567,0.42,0.28886382
1554785221864,40.044,121.3,0.00567,0.42,0.28886382
1554785221911,40.091,121.3,0.00567,0.42,0.28886382
1554785221972,40.152,121.3,0.00568,0.42,0.28937328
1554785222018,40.198,121.3,0.00568,0.42,0.28937328
1554785222064,40.244,121.3,0.00568,0.42,0.28937328
1554785222110,40.29,121.3,0.00568,0.42,0.28937328
1554785222172,40.352,121.3,0.00565,0.42,0.2878449
1554785222218,40.398,121.3,0.00565,0.42,0.2878449
1554785222264,40.444,121.3,0.00565,0.42,0.2878449
1554785222310,40.49,121.3,0.00565,0.42,0.2878449
1554785222371,40.551,121.3,0.00568,0.419,0.288684296
1554785222417,40.597,121.3,0.00568,0.419,0.288684296
1554785222463,40.643,121.3,0.00568,0.419,0.288684296
1554785222509,40.689,121.3,0.00568,0.419,0.288684296
1554785222572,40.752,121.3,0.00565,0.423,0.289900935
1554785222618,40.798,121.3,0.00565,0.423,0.289900935
1554785222664,40.844,121.3,0.00565,0.423,0.289900935
1554785222710,40.89,121.3,0.00565,0.423,0.289900935
1554785222771,40.952,121.3,0.00561,0.42,0.28580706
1554785222817,40.997,121.3,0.00561,0.42,0.28580706
1554785222863,41.043,121.3,0.00561,0.42,0.28580706
1554785222909,41.089,121.3,0.00561,0.42,0.28580706
1554785222972,41.152,121.3,0.00562,0.419,0.285634814
1554785223018,41.198,121.3,0.00562,0.419,0.285634814
1554785223064,41.244,121.3,0.00562,0.419,0.285634814
1554785223110,41.29,121.3,0.00562,0.419,0.285634814
1554785223172,41.352,121.2,0.00562,0.419,0.285399336
1554785223218,41.398,121.2,0.00562,0.419,0.285399336
1554785223265,41.445,121.2,0.00562,0.419,0.285399336
1554785223311,41.491,121.2,0.00562,0.419,0.285399336
1554785223372,41.552,121.2,0.00564,0.417,0.285047856
1554785223418,41.598,121.2,0.00564,0.417,0.285047856
1554785223464,41.644,121.2,0.00564,0.417,0.285047856
1554785223510,41.69,121.2,0.00564,0.417,0.285047856
1554785223571,41.751,121.2,0.00559,0.421,0.285230868
1554785223617,41.797,121.2,0.00559,0.421,0.285230868
1554785223663,41.843,121.2,0.00559,0.421,0.285230868
1554785223709,41.889,121.2,0.00559,0.421,0.285230868
1554785223772,41.952,121.2,0.00563,0.421,0.287271876
1554785223818,41.998,121.2,0.00563,0.421,0.287271876
1554785223864,42.044,121.2,0.00563,0.421,0.287271876
1554785223910,42.09,121.2,0.00563,0.421,0.287271876
1554785223971,42.151,121.2,0.00565,0.421,0.28829238
1554785224017,42.197,121.2,0.00565,0.421,0.28829238
1554785224063,42.243,121.2,0.00565,0.421,0.28829238
1554785224109,42.289,121.2,0.00565,0.421,0.28829238
1554785224172,42.352,121.2,0.00562,0.419,0.285399336
1554785224218,42.398,121.2,0.00562,0.419,0.285399336
1554785224264,42.444,121.2,0.00562,0.419,0.285399336
1554785224310,42.49,121.2,0.00562,0.419,0.285399336
1554785224372,42.552,121.2,0.00563,0.419,0.285907164
1554785224418,42.598,121.2,0.00563,0.419,0.285907164
1554785224464,42.644,121.2,0.00563,0.419,0.285907164
1554785224510,42.69,121.2,0.00563,0.419,0.285907164
1554785224571,42.751,121.2,0.00567,0.423,0.290687292
1554785224618,42.798,121.2,0.00567,0.423,0.290687292
1554785224664,42.844,121.2,0.00567,0.423,0.290687292
1554785224710,42.89,121.2,0.00567,0.423,0.290687292
1554785224772,42.952,121.3,0.00567,0.422,0.290239362
1554785224818,42.998,121.3,0.00567,0.422,0.290239362
1554785224864,43.044,121.3,0.00567,0.422,0.290239362
1554785224911,43.091,121.3,0.00567,0.422,0.290239362
1554785224972,43.152,121.3,0.00564,0.425,0.2907561
1554785225018,43.198,121.3,0.00564,0.425,0.2907561
1554785225064,43.244,121.3,0.00564,0.425,0.2907561
1554785225110,43.29,121.3,0.00564,0.425,0.2907561
1554785225171,43.351,121.3,0.0057,0.422,0.29177502
1554785225217,43.397,121.3,0.0057,0.422,0.29177502
1554785225263,43.443,121.3,0.0057,0.422,0.29177502
1554785225309,43.489,121.3,0.0057,0.422,0.29177502
1554785225372,43.552,121.3,0.00568,0.421,0.290062264
1554785225418,43.598,121.3,0.00568,0.421,0.290062264
1554785225464,43.644,121.3,0.00568,0.421,0.290062264
1554785225510,43.69,121.3,0.00568,0.421,0.290062264
1554785225571,43.751,121.3,0.00566,0.424,0.291100592
1554785225617,43.797,121.3,0.00566,0.424,0.291100592
1554785225663,43.843,121.3,0.00566,0.424,0.291100592
1554785225710,43.89,121.3,0.00566,0.424,0.291100592
1554785225772,43.952,121.3,0.00566,0.423,0.290414034
1554785225818,43.998,121.3,0.00566,0.423,0.290414034
1554785225864,44.044,121.3,0.00566,0.423,0.290414034
1554785225911,44.091,121.3,0.00566,0.423,0.290414034
1554785225972,44.152,121.3,0.00564,0.422,0.288703704
1554785226018,44.198,121.3,0.00564,0.422,0.288703704
1554785226064,44.244,121.3,0.00564,0.422,0.288703704
1554785226110,44.29,121.3,0.00564,0.422,0.288703704
1554785226171,44.351,121.3,0.00564,0.421,0.288019572
1554785226217,44.397,121.3,0.00564,0.421,0.288019572
1554785226263,44.443,121.3,0.00564,0.421,0.288019572
1554785226309,44.489,121.3,0.00564,0.421,0.288019572
1554785226372,44.552,121.3,0.00567,0.42,0.28886382
1554785226418,44.598,121.3,0.00567,0.42,0.28886382
1554785226464,44.644,121.3,0.00567,0.42,0.28886382
1554785226510,44.69,121.3,0.00567,0.42,0.28886382
1554785226571,44.751,121.3,0.00564,0.422,0.288703704
1554785226618,44.798,121.3,0.00564,0.422,0.288703704
1554785226664,44.844,121.3,0.00564,0.422,0.288703704
1554785226710,44.89,121.3,0.00564,0.422,0.288703704
1554785226772,44.952,121.3,0.00563,0.421,0.287508899
1554785226818,44.998,121.3,0.00563,0.421,0.287508899
1554785226864,45.044,121.3,0.00563,0.421,0.287508899
1554785226910,45.09,121.3,0.00563,0.421,0.287508899
1554785226972,45.152,121.3,0.00558,0.421,0.284955534
1554785227018,45.198,121.3,0.00558,0.421,0.284955534
1554785227064,45.244,121.3,0.00558,0.421,0.284955534
1554785227110,45.29,121.3,0.00558,0.421,0.284955534
1554785227171,45.351,121.2,0.00562,0.42,0.28608048
1554785227217,45.397,121.2,0.00562,0.42,0.28608048
1554785227263,45.443,121.2,0.00562,0.42,0.28608048
1554785227309,45.489,121.2,0.00562,0.42,0.28608048
1554785227371,45.551,121.2,0.00559,0.418,0.283198344
1554785227417,45.597,121.2,0.00559,0.418,0.283198344
1554785227464,45.644,121.2,0.00559,0.418,0.283198344
1554785227510,45.69,121.2,0.00559,0.418,0.283198344
1554785227571,45.751,121.2,0.0056,0.424,0.28777728
1554785227616,45.796,121.2,0.0056,0.424,0.28777728
1554785227663,45.843,121.2,0.0056,0.424,0.28777728
1554785227709,45.889,121.2,0.0056,0.424,0.28777728
1554785227771,45.951,121.2,0.00559,0.421,0.285230868
1554785227817,45.997,121.2,0.00559,0.421,0.285230868
1554785227863,46.043,121.2,0.00559,0.421,0.285230868
1554785227909,46.089,121.2,0.00559,0.421,0.285230868
1554785227971,46.151,121.2,0.0056,0.422,0.28641984
1554785228017,46.197,121.2,0.0056,0.422,0.28641984
1554785228064,46.244,121.2,0.0056,0.422,0.28641984
1554785228110,46.29,121.2,0.0056,0.422,0.28641984
1554785228171,46.351,121.2,0.00564,0.421,0.287782128
1554785228217,46.397,121.2,0.00564,0.421,0.287782128
1554785228263,46.443,121.2,0.00564,0.421,0.287782128
1554785228309,46.489,121.2,0.00564,0.421,0.287782128
1554785228372,46.552,121.2,0.00567,0.422,0.290000088
1554785228418,46.598,121.2,0.00567,0.422,0.290000088
1554785228464,46.644,121.2,0.00567,0.422,0.290000088
1554785228510,46.69,121.2,0.00567,0.422,0.290000088
1554785228571,46.751,121.2,0.00565,0.422,0.28897716
1554785228617,46.797,121.2,0.00565,0.422,0.28897716
1554785228663,46.843,121.2,0.00565,0.422,0.28897716
1554785228709,46.889,121.2,0.00565,0.422,0.28897716
1554785228772,46.952,121.2,0.00569,0.421,0.290333388
1554785228818,46.998,121.2,0.00569,0.421,0.290333388
1554785228864,47.044,121.2,0.00569,0.421,0.290333388
1554785228910,47.09,121.2,0.00569,0.421,0.290333388
1554785228971,47.151,121.3,0.00564,0.422,0.288703704
1554785229017,47.197,121.3,0.00564,0.422,0.288703704
1554785229063,47.243,121.3,0.00564,0.422,0.288703704
1554785229110,47.29,121.3,0.00564,0.422,0.288703704
1554785229171,47.351,121.2,0.00569,0.422,0.291023016
1554785229217,47.397,121.2,0.00569,0.422,0.291023016
1554785229263,47.443,121.2,0.00569,0.422,0.291023016
1554785229309,47.489,121.2,0.00569,0.422,0.291023016
1554785229371,47.551,121.2,0.00569,0.419,0.288954132
1554785229417,47.597,121.2,0.00569,0.419,0.288954132
1554785229463,47.643,121.2,0.00569,0.419,0.288954132
1554785229510,47.69,121.2,0.00569,0.419,0.288954132
1554785229571,47.751,121.3,0.00564,0.425,0.2907561
1554785229617,47.797,121.3,0.00564,0.425,0.2907561
1554785229663,47.843,121.3,0.00564,0.425,0.2907561
1554785229709,47.889,121.3,0.00564,0.425,0.2907561
1554785229771,47.951,121.3,0.00565,0.424,0.29058628
1554785229817,47.997,121.3,0.00565,0.424,0.29058628
1554785229863,48.043,121.3,0.00565,0.424,0.29058628
1554785229909,48.089,121.3,0.00565,0.424,0.29058628
1554785229971,48.151,121.3,0.00563,0.423,0.288874737
1554785230017,48.197,121.3,0.00563,0.423,0.288874737
1554785230064,48.244,121.3,0.00563,0.423,0.288874737
1554785230110,48.29,121.3,0.00563,0.423,0.288874737
1554785230171,48.351,121.3,0.00564,0.421,0.288019572
1554785230217,48.397,121.3,0.00564,0.421,0.288019572
1554785230263,48.443,121.3,0.00564,0.421,0.288019572
1554785230309,48.489,121.3,0.00564,0.421,0.288019572
1554785230371,48.551,121.3,0.00564,0.421,0.288019572
1554785230417,48.597,121.3,0.00564,0.421,0.288019572
1554785230463,48.643,121.3,0.00564,0.421,0.288019572
1554785230509,48.689,121.3,0.00564,0.421,0.288019572
1554785230570,48.75,121.3,0.00563,0.421,0.287508899
1554785230616,48.796,121.3,0.00563,0.421,0.287508899
1554785230663,48.843,121.3,0.00563,0.421,0.287508899
1554785230709,48.889,121.3,0.00563,0.421,0.287508899
1554785230771,48.951,121.3,0.0056,0.422,0.28665616
1554785230817,48.997,121.3,0.0056,0.422,0.28665616
1554785230863,49.043,121.3,0.0056,0.422,0.28665616
1554785230909,49.089,121.3,0.0056,0.422,0.28665616
1554785230970,49.15,121.3,0.00559,0.423,0.286822341
1554785231016,49.196,121.3,0.00559,0.423,0.286822341
1554785231062,49.242,121.3,0.00559,0.423,0.286822341
1554785231109,49.289,121.3,0.00559,0.423,0.286822341
1554785231171,49.351,121.3,0.00558,0.419,0.283601826
1554785231217,49.397,121.3,0.00558,0.419,0.283601826
1554785231263,49.443,121.3,0.00558,0.419,0.283601826
1554785231309,49.489,121.3,0.00558,0.419,0.283601826
1554785231371,49.551,121.2,0.00563,0.419,0.285907164
1554785231418,49.598,121.2,0.00563,0.419,0.285907164
1554785231464,49.644,121.2,0.00563,0.419,0.285907164
1554785231510,49.69,121.2,0.00563,0.419,0.285907164
1554785231571,49.751,121.3,0.00558,0.423,0.286309242
1554785231617,49.797,121.3,0.00558,0.423,0.286309242
1554785231663,49.843,121.3,0.00558,0.423,0.286309242
1554785231709,49.889,121.3,0.00558,0.423,0.286309242
1554785231771,49.951,121.3,0.00558,0.421,0.284955534
1554785231816,49.996,121.3,0.00558,0.421,0.284955534
1554785231862,50.042,121.3,0.00558,0.421,0.284955534
1554785231910,50.09,121.3,0.00558,0.421,0.284955534
1554785231971,50.151,121.2,0.00558,0.422,0.285396912
1554785232017,50.197,121.2,0.00558,0.422,0.285396912
1554785232063,50.243,121.2,0.00558,0.422,0.285396912
1554785232109,50.289,121.2,0.00558,0.422,0.285396912
1554785232171,50.351,121.2,0.00559,0.42,0.28455336
1554785232217,50.397,121.2,0.00559,0.42,0.28455336
1554785232263,50.443,121.2,0.00559,0.42,0.28455336
1554785232309,50.489,121.2,0.00559,0.42,0.28455336
1554785232371,50.551,121.2,0.00563,0.421,0.287271876
1554785232417,50.597,121.2,0.00563,0.421,0.287271876
1554785232463,50.643,121.2,0.00563,0.421,0.287271876
1554785232509,50.689,121.2,0.00563,0.421,0.287271876
1554785232571,50.751,121.2,0.00567,0.42,0.28862568
1554785232617,50.797,121.2,0.00567,0.42,0.28862568
1554785232663,50.843,121.2,0.00567,0.42,0.28862568
1554785232709,50.889,121.2,0.00567,0.42,0.28862568
1554785232771,50.951,121.2,0.0057,0.419,0.28946196
1554785232817,50.997,121.2,0.0057,0.419,0.28946196
1554785232863,51.043,121.2,0.0057,0.419,0.28946196
1554785232909,51.089,121.2,0.0057,0.419,0.28946196
1554785232971,51.151,121.2,0.00567,0.419,0.287938476
1554785233017,51.197,121.2,0.00567,0.419,0.287938476
1554785233063,51.243,121.2,0.00567,0.419,0.287938476
1554785233110,51.29,121.2,0.00567,0.419,0.287938476
1554785233171,51.351,121.2,0.00567,0.422,0.290000088
1554785233217,51.397,121.2,0.00567,0.422,0.290000088
1554785233263,51.443,121.2,0.00567,0.422,0.290000088
1554785233309,51.489,121.2,0.00567,0.422,0.290000088
1554785233371,51.551,121.2,0.00571,0.42,0.29066184
1554785233417,51.597,121.2,0.00571,0.42,0.29066184
1554785233463,51.643,121.2,0.00571,0.42,0.29066184
1554785233509,51.689,121.2,0.00571,0.42,0.29066184
1554785233571,51.751,121.2,0.00572,0.42,0.29117088
1554785233617,51.797,121.2,0.00572,0.42,0.29117088
1554785233663,51.843,121.2,0.00572,0.42,0.29117088
1554785233709,51.889,121.2,0.00572,0.42,0.29117088
1554785233770,51.95,121.3,0.00571,0.421,0.291594283
1554785233816,51.996,121.3,0.00571,0.421,0.291594283
1554785233862,52.042,121.3,0.00571,0.421,0.291594283
1554785233909,52.089,121.3,0.00571,0.421,0.291594283
1554785233971,52.151,121.3,0.00567,0.42,0.28886382
1554785234017,52.197,121.3,0.00567,0.42,0.28886382
1554785234063,52.243,121.3,0.00567,0.42,0.28886382
1554785234109,52.289,121.3,0.00567,0.42,0.28886382
1554785234170,52.35,121.3,0.00567,0.418,0.287488278
1554785234216,52.396,121.3,0.00567,0.418,0.287488278
1554785234263,52.443,121.3,0.00567,0.418,0.287488278
1554785234310,52.49,121.3,0.00567,0.418,0.287488278
1554785234371,52.551,121.3,0.00566,0.417,0.286294686
1554785234417,52.597,121.3,0.00566,0.417,0.286294686
1554785234463,52.643,121.3,0.00566,0.417,0.286294686
1554785234509,52.689,121.3,0.00566,0.417,0.286294686
1554785234571,52.751,121.3,0.00566,0.42,0.28835436
1554785234617,52.797,121.3,0.00566,0.42,0.28835436
1554785234663,52.843,121.3,0.00566,0.42,0.28835436
1554785234709,52.889,121.3,0.00566,0.42,0.28835436
1554785234770,52.95,121.3,0.00561,0.419,0.285126567
1554785234817,52.997,121.3,0.00561,0.419,0.285126567
1554785234863,53.043,121.3,0.00561,0.419,0.285126567
1554785234909,53.089,121.3,0.00561,0.419,0.285126567
1554785234971,53.151,121.3,0.00561,0.419,0.285126567
1554785235017,53.197,121.3,0.00561,0.419,0.285126567
1554785235063,53.243,121.3,0.00561,0.419,0.285126567
1554785235109,53.289,121.3,0.00561,0.419,0.285126567
1554785235170,53.35,121.3,0.00559,0.423,0.286822341
1554785235216,53.396,121.3,0.00559,0.423,0.286822341
1554785235262,53.442,121.3,0.00559,0.423,0.286822341
1554785235310,53.49,121.3,0.00559,0.423,0.286822341
1554785235371,53.551,121.3,0.0056,0.42,0.2852976
1554785235417,53.597,121.3,0.0056,0.42,0.2852976
1554785235464,53.644,121.3,0.0056,0.42,0.2852976
1554785235510,53.69,121.3,0.0056,0.42,0.2852976
1554785235571,53.751,121.3,0.00561,0.418,0.284446074
1554785235617,53.797,121.3,0.00561,0.418,0.284446074
1554785235663,53.843,121.3,0.00561,0.418,0.284446074
1554785235709,53.889,121.3,0.00561,0.418,0.284446074
1554785235770,53.95,121.3,0.00562,0.421,0.286998226
1554785235816,53.996,121.3,0.00562,0.421,0.286998226
1554785235862,54.042,121.3,0.00562,0.421,0.286998226
1554785235908,54.088,121.3,0.00562,0.421,0.286998226
1554785235971,54.151,121.3,0.00559,0.419,0.284110073
1554785236017,54.197,121.3,0.00559,0.419,0.284110073
1554785236063,54.243,121.3,0.00559,0.419,0.284110073
1554785236109,54.289,121.3,0.00559,0.419,0.284110073
1554785236170,54.35,121.2,0.00562,0.423,0.288123912
1554785236216,54.396,121.2,0.00562,0.423,0.288123912
1554785236262,54.442,121.2,0.00562,0.423,0.288123912
1554785236308,54.488,121.2,0.00562,0.423,0.288123912
1554785236371,54.551,121.2,0.00562,0.421,0.286761624
1554785236417,54.597,121.2,0.00562,0.421,0.286761624
1554785236463,54.643,121.2,0.00562,0.421,0.286761624
1554785236509,54.689,121.2,0.00562,0.421,0.286761624
1554785236571,54.751,121.2,0.00566,0.422,0.289488624
1554785236617,54.797,121.2,0.00566,0.422,0.289488624
1554785236663,54.843,121.2,0.00566,0.422,0.289488624
1554785236709,54.889,121.2,0.00566,0.422,0.289488624
1554785236770,54.95,121.2,0.00566,0.421,0.288802632
1554785236816,54.996,121.2,0.00566,0.421,0.288802632
1554785236862,55.042,121.2,0.00566,0.421,0.288802632
1554785236908,55.088,121.2,0.00566,0.421,0.288802632
1554785236970,55.15,121.2,0.00566,0.422,0.289488624
1554785237016,55.196,121.2,0.00566,0.422,0.289488624
1554785237063,55.243,121.2,0.00566,0.422,0.289488624
1554785237109,55.289,121.2,0.00566,0.422,0.289488624
1554785237170,55.35,121.2,0.00564,0.422,0.288465696
1554785237216,55.396,121.2,0.00564,0.422,0.288465696
1554785237262,55.442,121.2,0.00564,0.422,0.288465696
1554785237308,55.488,121.2,0.00564,0.422,0.288465696
1554785237371,55.551,121.2,0.00573,0.422,0.293068872
1554785237417,55.597,121.2,0.00573,0.422,0.293068872
1554785237463,55.643,121.2,0.00573,0.422,0.293068872
1554785237509,55.689,121.2,0.00573,0.422,0.293068872
1554785237570,55.75,121.2,0.00571,0.421,0.291353892
1554785237616,55.796,121.2,0.00571,0.421,0.291353892
1554785237663,55.843,121.2,0.00571,0.421,0.291353892
1554785237709,55.889,121.2,0.00571,0.421,0.291353892
1554785237770,55.95,121.2,0.00571,0.417,0.288585684
1554785237816,55.996,121.2,0.00571,0.417,0.288585684
1554785237862,56.042,121.2,0.00571,0.417,0.288585684
1554785237908,56.088,121.2,0.00571,0.417,0.288585684
1554785237971,56.151,121.3,0.00565,0.422,0.28921559
1554785238017,56.197,121.3,0.00565,0.422,0.28921559
1554785238063,56.243,121.3,0.00565,0.422,0.28921559
1554785238109,56.289,121.3,0.00565,0.422,0.28921559
1554785238170,56.35,121.3,0.00563,0.424,0.289557656
1554785238217,56.397,121.3,0.00563,0.424,0.289557656
1554785238263,56.443,121.3,0.00563,0.424,0.289557656
1554785238309,56.489,121.3,0.00563,0.424,0.289557656
1554785238370,56.55,121.3,0.00562,0.421,0.286998226
1554785238416,56.596,121.3,0.00562,0.421,0.286998226
1554785238462,56.642,121.3,0.00562,0.421,0.286998226
1554785238508,56.688,121.3,0.00562,0.421,0.286998226
1554785238570,56.75,121.3,0.00564,0.421,0.288019572
1554785238616,56.796,121.3,0.00564,0.421,0.288019572
1554785238662,56.842,121.3,0.00564,0.421,0.288019572
1554785238709,56.889,121.3,0.00564,0.421,0.288019572
1554785238770,56.95,121.3,0.00563,0.422,0.288191818
1554785238816,56.996,121.3,0.00563,0.422,0.288191818
1554785238862,57.042,121.3,0.00563,0.422,0.288191818
1554785238908,57.088,121.3,0.00563,0.422,0.288191818
1554785238970,57.15,121.3,0.00559,0.421,0.285466207
1554785239016,57.196,121.3,0.00559,0.421,0.285466207
1554785239063,57.243,121.3,0.00559,0.421,0.285466207
1554785239109,57.289,121.3,0.00559,0.421,0.285466207
1554785239170,57.35,121.3,0.00558,0.422,0.285632388
1554785239216,57.396,121.3,0.00558,0.422,0.285632388
1554785239262,57.442,121.3,0.00558,0.422,0.285632388
1554785239308,57.488,121.3,0.00558,0.422,0.285632388
1554785239370,57.55,121.3,0.00558,0.422,0.285632388
1554785239416,57.596,121.3,0.00558,0.422,0.285632388
1554785239462,57.642,121.3,0.00558,0.422,0.285632388
1554785239509,57.689,121.3,0.00558,0.422,0.285632388
1554785239570,57.75,121.3,0.00558,0.422,0.285632388
1554785239616,57.796,121.3,0.00558,0.422,0.285632388
1554785239662,57.842,121.3,0.00558,0.422,0.285632388
1554785239708,57.888,121.3,0.00558,0.422,0.285632388
1554785239771,57.951,121.3,0.00565,0.419,0.287159555
1554785239817,57.997,121.3,0.00565,0.419,0.287159555
1554785239863,58.043,121.3,0.00565,0.419,0.287159555
1554785239909,58.089,121.3,0.00565,0.419,0.287159555
1554785239970,58.15,121.3,0.00622,0.425,0.32065655
1554785240016,58.196,121.3,0.00622,0.425,0.32065655
1554785240062,58.242,121.3,0.00622,0.425,0.32065655
1554785240108,58.288,121.3,0.00622,0.425,0.32065655
1554785240170,58.35,121.3,0.00619,0.427,0.320611669
1554785240217,58.397,121.3,0.00619,0.427,0.320611669
1554785240263,58.443,121.3,0.00619,0.427,0.320611669
1554785240309,58.489,121.3,0.00619,0.427,0.320611669
1554785240370,58.55,121.2,0.00619,0.427,0.320347356
1554785240416,58.596,121.2,0.00619,0.427,0.320347356
1554785240462,58.642,121.2,0.00619,0.427,0.320347356
1554785240508,58.688,121.2,0.00619,0.427,0.320347356
1554785240569,58.749,121.2,0.00627,0.427,0.324487548
1554785240616,58.796,121.2,0.00627,0.427,0.324487548
1554785240662,58.842,121.2,0.00627,0.427,0.324487548
1554785240708,58.888,121.2,0.00627,0.427,0.324487548
1554785240770,58.95,121.2,0.00625,0.428,0.32421
1554785240816,58.996,121.2,0.00625,0.428,0.32421
1554785240862,59.042,121.2,0.00625,0.428,0.32421
1554785240908,59.088,121.2,0.00625,0.428,0.32421
1554785240969,59.149,121.2,0.00629,0.429,0.327047292
1554785241015,59.195,121.2,0.00629,0.429,0.327047292
1554785241062,59.242,121.2,0.00629,0.429,0.327047292
1554785241108,59.288,121.2,0.00629,0.429,0.327047292
1554785241170,59.35,121.2,0.00627,0.429,0.326007396
1554785241216,59.396,121.2,0.00627,0.429,0.326007396
1554785241262,59.442,121.2,0.00627,0.429,0.326007396
1554785241308,59.488,121.2,0.00627,0.429,0.326007396
1554785241369,59.549,121.2,0.00622,0.426,0.321146064
1554785241415,59.595,121.2,0.00622,0.426,0.321146064
1554785241461,59.641,121.2,0.00622,0.426,0.321146064
1554785241508,59.688,121.2,0.00622,0.426,0.321146064
1554785241570,59.75,121.2,0.00631,0.427,0.326557644
1554785241616,59.796,121.2,0.00631,0.427,0.326557644
1554785241662,59.842,121.2,0.00631,0.427,0.326557644
1554785241708,59.888,121.2,0.00631,0.427,0.326557644
1554785241769,59.949,121.3,0.00626,0.428,0.324996664
1554785241815,59.995,121.3,0.00626,0.428,0.324996664
1554785241862,60.042,121.3,0.00626,0.428,0.324996664
1554785241908,60.088,121.3,0.00626,0.428,0.324996664
1554785241970,60.15,121.3,0.00632,0.428,0.328111648
1554785242016,60.196,121.3,0.00632,0.428,0.328111648
1554785242062,60.242,121.3,0.00632,0.428,0.328111648
1554785242109,60.289,121.3,0.00632,0.428,0.328111648
1554785242170,60.35,121.3,0.00625,0.426,0.32296125
1554785242216,60.396,121.3,0.00625,0.426,0.32296125
1554785242262,60.442,121.3,0.00625,0.426,0.32296125
1554785242308,60.488,121.3,0.00625,0.426,0.32296125
1554785242370,60.55,121.3,0.00621,0.425,0.320141025
1554785242417,60.597,121.3,0.00621,0.425,0.320141025
1554785242463,60.643,121.3,0.00621,0.425,0.320141025
1554785242509,60.689,121.3,0.00621,0.425,0.320141025
1554785242570,60.75,121.3,0.00625,0.427,0.323719375
1554785242616,60.796,121.3,0.00625,0.427,0.323719375
1554785242662,60.842,121.3,0.00625,0.427,0.323719375
1554785242708,60.888,121.3,0.00625,0.427,0.323719375
1554785242769,60.95,121.3,0.0062,0.428,0.32188168
1554785242816,60.996,121.3,0.0062,0.428,0.32188168
1554785242862,61.042,121.3,0.0062,0.428,0.32188168
1554785242908,61.088,121.3,0.0062,0.428,0.32188168
1554785242969,61.149,121.3,0.00625,0.428,0.3244775
1554785243015,61.195,121.3,0.00625,0.428,0.3244775
1554785243061,61.241,121.3,0.00625,0.428,0.3244775
1554785243107,61.287,121.3,0.00625,0.428,0.3244775
1554785243170,61.35,121.3,0.0062,0.428,0.32188168
1554785243216,61.396,121.3,0.0062,0.428,0.32188168
1554785243262,61.442,121.3,0.0062,0.428,0.32188168
1554785243308,61.488,121.3,0.0062,0.428,0.32188168
1554785243370,61.55,121.3,0.00623,0.427,0.322683473
1554785243416,61.596,121.3,0.00623,0.427,0.322683473
1554785243462,61.642,121.3,0.00623,0.427,0.322683473
1554785243509,61.689,121.3,0.00623,0.427,0.322683473
1554785243570,61.75,121.3,0.00626,0.426,0.323477988
1554785243616,61.796,121.3,0.00626,0.426,0.323477988
1554785243662,61.842,121.3,0.00626,0.426,0.323477988
1554785243708,61.888,121.3,0.00626,0.426,0.323477988
1554785243769,61.949,121.3,0.00619,0.426,0.319860822
1554785243815,61.995,121.3,0.00619,0.426,0.319860822
1554785243861,62.041,121.3,0.00619,0.426,0.319860822
1554785243907,62.087,121.3,0.00619,0.426,0.319860822
1554785243969,62.15,121.3,0.00625,0.426,0.32296125
1554785244015,62.196,121.3,0.00625,0.426,0.32296125
1554785244062,62.242,121.3,0.00625,0.426,0.32296125
1554785244108,62.288,121.3,0.00625,0.426,0.32296125
1554785244170,62.35,121.3,0.00625,0.428,0.3244775
1554785244216,62.396,121.3,0.00625,0.428,0.3244775
1554785244262,62.442,121.3,0.00625,0.428,0.3244775
1554785244308,62.488,121.3,0.00625,0.428,0.3244775
1554785244369,62.549,121.2,0.00615,0.423,0.31529574
1554785244415,62.595,121.2,0.00615,0.423,0.31529574
1554785244461,62.641,121.2,0.00615,0.423,0.31529574
1554785244507,62.687,121.2,0.00615,0.423,0.31529574
1554785244570,62.75,121.2,0.00629,0.426,0.324760248
1554785244616,62.796,121.2,0.00629,0.426,0.324760248
1554785244662,62.842,121.2,0.00629,0.426,0.324760248
1554785244709,62.889,121.2,0.00629,0.426,0.324760248
1554785244770,62.95,121.2,0.00626,0.428,0.324728736
1554785244816,62.996,121.2,0.00626,0.428,0.324728736
1554785244862,63.042,121.2,0.00626,0.428,0.324728736
1554785244908,63.088,121.2,0.00626,0.428,0.324728736
1554785244969,63.149,121.2,0.00633,0.425,0.3260583
1554785245015,63.195,121.2,0.00633,0.425,0.3260583
1554785245061,63.241,121.2,0.00633,0.425,0.3260583
1554785245109,63.289,121.2,0.00633,0.425,0.3260583
1554785245170,63.35,121.2,0.0063,0.425,0.324513
1554785245216,63.396,121.2,0.0063,0.425,0.324513
1554785245262,63.442,121.2,0.0063,0.425,0.324513
1554785245308,63.488,121.2,0.0063,0.425,0.324513
1554785245369,63.549,121.2,0.00626,0.425,0.3224526
1554785245415,63.595,121.2,0.00626,0.425,0.3224526
1554785245461,63.641,121.2,0.00626,0.425,0.3224526
1554785245507,63.687,121.2,0.00626,0.425,0.3224526
1554785245569,63.749,121.2,0.00631,0.425,0.3250281
1554785245614,63.794,121.2,0.00631,0.425,0.3250281
1554785245660,63.84,121.2,0.00631,0.425,0.3250281
1554785245705,63.885,121.2,0.00631,0.425,0.3250281
1554785245769,63.949,121.3,0.00631,0.426,0.326061678
1554785245815,63.995,121.3,0.00631,0.426,0.326061678
1554785245860,64.04,121.3,0.00631,0.426,0.326061678
1554785245906,64.086,121.3,0.00631,0.426,0.326061678
1554785245969,64.149,121.3,0.00633,0.426,0.327095154
1554785246014,64.194,121.3,0.00633,0.426,0.327095154
1554785246060,64.24,121.3,0.00633,0.426,0.327095154
1554785246105,64.285,121.3,0.00633,0.426,0.327095154
1554785246170,64.35,121.3,0.00627,0.427,0.324755277
1554785246215,64.395,121.3,0.00627,0.427,0.324755277
1554785246261,64.441,121.3,0.00627,0.427,0.324755277
1554785246307,64.487,121.3,0.00627,0.427,0.324755277
1554785246369,64.549,121.3,0.00618,0.427,0.320093718
1554785246415,64.595,121.3,0.00618,0.427,0.320093718
1554785246460,64.64,121.3,0.00618,0.427,0.320093718
1554785246505,64.686,121.3,0.00618,0.427,0.320093718
1554785246569,64.749,121.3,0.00627,0.427,0.324755277
1554785246615,64.795,121.3,0.00627,0.427,0.324755277
1554785246661,64.841,121.3,0.00627,0.427,0.324755277
1554785246707,64.887,121.3,0.00627,0.427,0.324755277
1554785246769,64.949,121.3,0.00625,0.424,0.321445
1554785246815,64.995,121.3,0.00625,0.424,0.321445
1554785246862,65.042,121.3,0.00625,0.424,0.321445
1554785246908,65.088,121.3,0.00625,0.424,0.321445
1554785246969,65.149,121.3,0.00625,0.427,0.323719375
1554785247015,65.195,121.3,0.00625,0.427,0.323719375
1554785247061,65.241,121.3,0.00625,0.427,0.323719375
1554785247107,65.287,121.3,0.00625,0.427,0.323719375
1554785247169,65.349,121.3,0.00616,0.428,0.319805024
1554785247215,65.395,121.3,0.00616,0.428,0.319805024
1554785247261,65.442,121.3,0.00616,0.428,0.319805024
1554785247307,65.487,121.3,0.00616,0.428,0.319805024
1554785247369,65.549,121.3,0.00623,0.425,0.321172075
1554785247415,65.595,121.3,0.00623,0.425,0.321172075
1554785247461,65.641,121.3,0.00623,0.425,0.321172075
1554785247507,65.687,121.3,0.00623,0.425,0.321172075
1554785247569,65.749,121.2,0.00621,0.427,0.321382404
1554785247616,65.796,121.2,0.00621,0.427,0.321382404
You pressed Ctrl+C!
1554785247662,65.842,121.2,0.00621,0.427,0.321382404
