# Mon Apr 08 22:49:13 2019
abstime,time_stamp,volt,curr,pf,mul
1554788953244,0.08,121.0,0.00569,0.421,0.28985429
1554788953291,0.127,121.0,0.00569,0.421,0.28985429
1554788953337,0.173,121.0,0.00569,0.421,0.28985429
1554788953382,0.218,121.0,0.00569,0.421,0.28985429
1554788953428,0.264,121.0,0.00554,0.425,0.2848945
1554788953474,0.31,121.0,0.00554,0.425,0.2848945
1554788953519,0.355,121.0,0.00554,0.425,0.2848945
1554788953565,0.401,121.0,0.00554,0.425,0.2848945
1554788953616,0.452,121.0,0.00553,0.425,0.28438025
1554788953661,0.497,121.0,0.00553,0.425,0.28438025
1554788953706,0.542,121.0,0.00553,0.425,0.28438025
1554788953751,0.587,121.0,0.00553,0.425,0.28438025
1554788953816,0.652,121.0,0.00553,0.425,0.28438025
1554788953862,0.698,121.0,0.00553,0.425,0.28438025
1554788953908,0.744,121.0,0.00553,0.425,0.28438025
1554788953955,0.791,121.0,0.00553,0.425,0.28438025
1554788954016,0.852,121.0,0.00558,0.422,0.28492596
1554788954062,0.898,121.0,0.00558,0.422,0.28492596
1554788954108,0.944,121.0,0.00558,0.422,0.28492596
1554788954154,0.99,121.0,0.00558,0.422,0.28492596
1554788954215,1.051,121.0,0.0056,0.423,0.2866248
1554788954261,1.097,121.0,0.0056,0.423,0.2866248
1554788954307,1.143,121.0,0.0056,0.423,0.2866248
1554788954353,1.189,121.0,0.0056,0.423,0.2866248
1554788954416,1.252,121.1,0.0056,0.422,0.28618352
1554788954462,1.298,121.1,0.0056,0.422,0.28618352
1554788954508,1.344,121.1,0.0056,0.422,0.28618352
1554788954554,1.39,121.1,0.0056,0.422,0.28618352
1554788954615,1.451,121.0,0.00553,0.424,0.28371112
1554788954661,1.497,121.0,0.00553,0.424,0.28371112
1554788954707,1.543,121.0,0.00553,0.424,0.28371112
1554788954753,1.589,121.0,0.00553,0.424,0.28371112
1554788954815,1.651,121.0,0.00554,0.423,0.28355382
1554788954862,1.698,121.0,0.00554,0.423,0.28355382
1554788954908,1.744,121.0,0.00554,0.423,0.28355382
1554788954954,1.79,121.0,0.00554,0.423,0.28355382
1554788955015,1.851,121.0,0.00554,0.423,0.28355382
1554788955061,1.897,121.0,0.00554,0.423,0.28355382
1554788955107,1.943,121.0,0.00554,0.423,0.28355382
1554788955153,1.989,121.0,0.00554,0.423,0.28355382
1554788955215,2.051,121.0,0.00554,0.425,0.2848945
1554788955261,2.097,121.0,0.00554,0.425,0.2848945
1554788955308,2.144,121.0,0.00554,0.425,0.2848945
1554788955354,2.19,121.0,0.00554,0.425,0.2848945
1554788955416,2.252,121.1,0.00555,0.423,0.284300415
1554788955462,2.298,121.1,0.00555,0.423,0.284300415
1554788955508,2.344,121.1,0.00555,0.423,0.284300415
1554788955554,2.39,121.1,0.00555,0.423,0.284300415
1554788955615,2.451,121.1,0.00554,0.42,0.28177548
1554788955661,2.497,121.1,0.00554,0.42,0.28177548
1554788955707,2.543,121.1,0.00554,0.42,0.28177548
1554788955754,2.59,121.1,0.00554,0.42,0.28177548
1554788955816,2.652,121.0,0.00552,0.418,0.27919056
1554788955862,2.698,121.0,0.00552,0.418,0.27919056
1554788955908,2.744,121.0,0.00552,0.418,0.27919056
1554788955954,2.79,121.0,0.00552,0.418,0.27919056
1554788956015,2.851,121.0,0.00555,0.422,0.2833941
1554788956061,2.897,121.0,0.00555,0.422,0.2833941
1554788956107,2.943,121.0,0.00555,0.422,0.2833941
1554788956153,2.989,121.0,0.00555,0.422,0.2833941
1554788956216,3.052,121.0,0.0055,0.421,0.2801755
1554788956262,3.098,121.0,0.0055,0.421,0.2801755
1554788956308,3.144,121.0,0.0055,0.421,0.2801755
1554788956354,3.19,121.0,0.0055,0.421,0.2801755
1554788956415,3.251,121.1,0.00553,0.422,0.282606226
1554788956461,3.297,121.1,0.00553,0.422,0.282606226
1554788956507,3.343,121.1,0.00553,0.422,0.282606226
1554788956554,3.39,121.1,0.00553,0.422,0.282606226
1554788956615,3.451,121.1,0.0055,0.42,0.279741
1554788956661,3.497,121.1,0.0055,0.42,0.279741
1554788956707,3.543,121.1,0.0055,0.42,0.279741
1554788956753,3.589,121.1,0.0055,0.42,0.279741
1554788956815,3.651,121.0,0.00551,0.419,0.27935149
1554788956861,3.697,121.0,0.00551,0.419,0.27935149
1554788956907,3.743,121.0,0.00551,0.419,0.27935149
1554788956954,3.79,121.0,0.00551,0.419,0.27935149
1554788957015,3.851,121.0,0.00554,0.421,0.28221314
1554788957061,3.897,121.0,0.00554,0.421,0.28221314
1554788957107,3.943,121.0,0.00554,0.421,0.28221314
1554788957153,3.989,121.0,0.00554,0.421,0.28221314
1554788957215,4.051,121.0,0.00556,0.421,0.28323196
1554788957261,4.097,121.0,0.00556,0.421,0.28323196
1554788957308,4.144,121.0,0.00556,0.421,0.28323196
1554788957354,4.19,121.0,0.00556,0.421,0.28323196
1554788957415,4.251,121.0,0.00557,0.422,0.28441534
1554788957461,4.297,121.0,0.00557,0.422,0.28441534
1554788957507,4.343,121.0,0.00557,0.422,0.28441534
1554788957553,4.389,121.0,0.00557,0.422,0.28441534
1554788957615,4.451,121.1,0.00556,0.423,0.284812668
1554788957661,4.497,121.1,0.00556,0.423,0.284812668
1554788957707,4.543,121.1,0.00556,0.423,0.284812668
1554788957754,4.59,121.1,0.00556,0.423,0.284812668
1554788957815,4.651,121.1,0.00556,0.422,0.284139352
1554788957861,4.697,121.1,0.00556,0.422,0.284139352
1554788957907,4.743,121.1,0.00556,0.422,0.284139352
1554788957953,4.789,121.1,0.00556,0.422,0.284139352
1554788958015,4.851,121.1,0.00558,0.422,0.285161436
1554788958061,4.897,121.1,0.00558,0.422,0.285161436
1554788958107,4.943,121.1,0.00558,0.422,0.285161436
1554788958154,4.99,121.1,0.00558,0.422,0.285161436
1554788958215,5.051,121.1,0.00563,0.42,0.28635306
1554788958260,5.096,121.1,0.00563,0.42,0.28635306
1554788958307,5.143,121.1,0.00563,0.42,0.28635306
1554788958353,5.189,121.1,0.00563,0.42,0.28635306
1554788958415,5.251,121.1,0.00565,0.42,0.2873703
1554788958461,5.297,121.1,0.00565,0.42,0.2873703
1554788958507,5.343,121.1,0.00565,0.42,0.2873703
1554788958553,5.389,121.1,0.00565,0.42,0.2873703
1554788958615,5.451,121.1,0.00556,0.422,0.284139352
1554788958661,5.497,121.1,0.00556,0.422,0.284139352
1554788958707,5.543,121.1,0.00556,0.422,0.284139352
1554788958753,5.589,121.1,0.00556,0.422,0.284139352
1554788958815,5.651,121.1,0.00554,0.422,0.283117268
1554788958861,5.697,121.1,0.00554,0.422,0.283117268
1554788958907,5.743,121.1,0.00554,0.422,0.283117268
1554788958953,5.789,121.1,0.00554,0.422,0.283117268
1554788959015,5.851,121.0,0.00551,0.424,0.28268504
1554788959061,5.897,121.0,0.00551,0.424,0.28268504
1554788959108,5.944,121.0,0.00551,0.424,0.28268504
1554788959154,5.99,121.0,0.00551,0.424,0.28268504
1554788959215,6.051,121.0,0.00554,0.424,0.28422416
1554788959261,6.097,121.0,0.00554,0.424,0.28422416
1554788959307,6.143,121.0,0.00554,0.424,0.28422416
1554788959353,6.189,121.0,0.00554,0.424,0.28422416
1554788959415,6.251,121.0,0.00554,0.423,0.28355382
1554788959462,6.298,121.0,0.00554,0.423,0.28355382
1554788959508,6.344,121.0,0.00554,0.423,0.28355382
1554788959554,6.39,121.0,0.00554,0.423,0.28355382
1554788959615,6.451,121.0,0.00551,0.423,0.28201833
1554788959661,6.497,121.0,0.00551,0.423,0.28201833
1554788959707,6.543,121.0,0.00551,0.423,0.28201833
1554788959753,6.589,121.0,0.00551,0.423,0.28201833
1554788959815,6.651,121.0,0.0055,0.423,0.2815065
1554788959861,6.697,121.0,0.0055,0.423,0.2815065
1554788959907,6.743,121.0,0.0055,0.423,0.2815065
1554788959953,6.789,121.0,0.0055,0.423,0.2815065
1554788960015,6.851,121.0,0.00548,0.423,0.28048284
1554788960061,6.897,121.0,0.00548,0.423,0.28048284
1554788960107,6.943,121.0,0.00548,0.423,0.28048284
1554788960153,6.989,121.0,0.00548,0.423,0.28048284
1554788960214,7.05,121.0,0.0055,0.422,0.280841
1554788960261,7.097,121.0,0.0055,0.422,0.280841
1554788960307,7.143,121.0,0.0055,0.422,0.280841
1554788960353,7.189,121.0,0.0055,0.422,0.280841
1554788960415,7.251,121.0,0.0055,0.423,0.2815065
1554788960461,7.297,121.0,0.0055,0.423,0.2815065
1554788960507,7.343,121.0,0.0055,0.423,0.2815065
1554788960554,7.39,121.0,0.0055,0.423,0.2815065
1554788960615,7.451,121.0,0.00551,0.423,0.28201833
1554788960661,7.497,121.0,0.00551,0.423,0.28201833
1554788960707,7.543,121.0,0.00551,0.423,0.28201833
1554788960753,7.589,121.0,0.00551,0.423,0.28201833
1554788960815,7.651,121.0,0.00551,0.421,0.28068491
1554788960861,7.697,121.0,0.00551,0.421,0.28068491
1554788960907,7.743,121.0,0.00551,0.421,0.28068491
1554788960954,7.79,121.0,0.00551,0.421,0.28068491
1554788961015,7.851,121.0,0.00556,0.419,0.28188644
1554788961061,7.897,121.0,0.00556,0.419,0.28188644
1554788961107,7.943,121.0,0.00556,0.419,0.28188644
1554788961153,7.989,121.0,0.00556,0.419,0.28188644
1554788961214,8.05,121.1,0.00558,0.42,0.28380996
1554788961260,8.096,121.1,0.00558,0.42,0.28380996
1554788961306,8.142,121.1,0.00558,0.42,0.28380996
1554788961352,8.188,121.1,0.00558,0.42,0.28380996
1554788961415,8.251,121.1,0.00558,0.42,0.28380996
1554788961461,8.297,121.1,0.00558,0.42,0.28380996
1554788961507,8.343,121.1,0.00558,0.42,0.28380996
1554788961553,8.389,121.1,0.00558,0.42,0.28380996
1554788961614,8.45,121.1,0.00556,0.422,0.284139352
1554788961660,8.496,121.1,0.00556,0.422,0.284139352
1554788961706,8.542,121.1,0.00556,0.422,0.284139352
1554788961752,8.588,121.1,0.00556,0.422,0.284139352
1554788961815,8.651,121.1,0.00557,0.421,0.283975867
1554788961861,8.697,121.1,0.00557,0.421,0.283975867
1554788961907,8.743,121.1,0.00557,0.421,0.283975867
1554788961953,8.789,121.1,0.00557,0.421,0.283975867
1554788962014,8.85,121.1,0.00556,0.422,0.284139352
1554788962060,8.896,121.1,0.00556,0.422,0.284139352
1554788962106,8.942,121.1,0.00556,0.422,0.284139352
1554788962152,8.988,121.1,0.00556,0.422,0.284139352
1554788962215,9.051,121.1,0.00559,0.423,0.286349427
1554788962261,9.097,121.1,0.00559,0.423,0.286349427
1554788962307,9.143,121.1,0.00559,0.423,0.286349427
1554788962353,9.189,121.1,0.00559,0.423,0.286349427
1554788962414,9.25,121.1,0.0056,0.422,0.28618352
1554788962460,9.296,121.1,0.0056,0.422,0.28618352
1554788962506,9.342,121.1,0.0056,0.422,0.28618352
1554788962552,9.388,121.1,0.0056,0.422,0.28618352
1554788962614,9.45,121.1,0.00556,0.424,0.285485984
1554788962660,9.496,121.1,0.00556,0.424,0.285485984
1554788962706,9.542,121.1,0.00556,0.424,0.285485984
1554788962752,9.588,121.1,0.00556,0.424,0.285485984
1554788962815,9.651,121.1,0.00554,0.424,0.284459056
1554788962861,9.697,121.1,0.00554,0.424,0.284459056
1554788962906,9.742,121.1,0.00554,0.424,0.284459056
1554788962953,9.789,121.1,0.00554,0.424,0.284459056
1554788963015,9.851,121.0,0.00554,0.422,0.28288348
1554788963061,9.897,121.0,0.00554,0.422,0.28288348
1554788963108,9.944,121.0,0.00554,0.422,0.28288348
1554788963154,9.99,121.0,0.00554,0.422,0.28288348
1554788963215,10.051,121.0,0.00556,0.424,0.28525024
1554788963261,10.097,121.0,0.00556,0.424,0.28525024
1554788963307,10.143,121.0,0.00556,0.424,0.28525024
1554788963353,10.189,121.0,0.00556,0.424,0.28525024
1554788963415,10.251,121.0,0.00556,0.424,0.28525024
1554788963460,10.296,121.0,0.00556,0.424,0.28525024
1554788963507,10.343,121.0,0.00556,0.424,0.28525024
1554788963553,10.389,121.0,0.00556,0.424,0.28525024
1554788963614,10.45,121.0,0.00558,0.418,0.28222524
1554788963660,10.496,121.0,0.00558,0.418,0.28222524
1554788963706,10.542,121.0,0.00558,0.418,0.28222524
1554788963752,10.588,121.0,0.00558,0.418,0.28222524
1554788963815,10.651,121.0,0.00556,0.419,0.28188644
1554788963861,10.697,121.0,0.00556,0.419,0.28188644
1554788963907,10.743,121.0,0.00556,0.419,0.28188644
1554788963953,10.789,121.0,0.00556,0.419,0.28188644
1554788964014,10.85,121.0,0.00554,0.422,0.28288348
1554788964060,10.896,121.0,0.00554,0.422,0.28288348
1554788964106,10.942,121.0,0.00554,0.422,0.28288348
1554788964152,10.988,121.0,0.00554,0.422,0.28288348
1554788964214,11.05,121.0,0.00553,0.422,0.28237286
1554788964260,11.096,121.0,0.00553,0.422,0.28237286
1554788964307,11.143,121.0,0.00553,0.422,0.28237286
1554788964353,11.189,121.0,0.00553,0.422,0.28237286
1554788964414,11.25,121.0,0.0055,0.421,0.2801755
1554788964460,11.296,121.0,0.0055,0.421,0.2801755
1554788964506,11.342,121.0,0.0055,0.421,0.2801755
1554788964552,11.388,121.0,0.0055,0.421,0.2801755
1554788964614,11.45,121.0,0.00547,0.421,0.27864727
1554788964660,11.496,121.0,0.00547,0.421,0.27864727
1554788964706,11.542,121.0,0.00547,0.421,0.27864727
1554788964752,11.588,121.0,0.00547,0.421,0.27864727
1554788964814,11.65,121.0,0.00551,0.422,0.28135162
1554788964860,11.696,121.0,0.00551,0.422,0.28135162
1554788964906,11.742,121.0,0.00551,0.422,0.28135162
1554788964952,11.788,121.0,0.00551,0.422,0.28135162
1554788965015,11.851,121.0,0.00553,0.425,0.28438025
1554788965061,11.897,121.0,0.00553,0.425,0.28438025
1554788965107,11.943,121.0,0.00553,0.425,0.28438025
1554788965153,11.989,121.0,0.00553,0.425,0.28438025
1554788965214,12.05,121.0,0.00554,0.424,0.28422416
1554788965260,12.096,121.0,0.00554,0.424,0.28422416
1554788965306,12.142,121.0,0.00554,0.424,0.28422416
1554788965352,12.188,121.0,0.00554,0.424,0.28422416
1554788965414,12.25,121.0,0.00554,0.424,0.28422416
1554788965460,12.296,121.0,0.00554,0.424,0.28422416
1554788965506,12.342,121.0,0.00554,0.424,0.28422416
1554788965553,12.389,121.0,0.00554,0.424,0.28422416
1554788965615,12.451,121.1,0.00557,0.423,0.285324921
1554788965661,12.497,121.1,0.00557,0.423,0.285324921
1554788965707,12.543,121.1,0.00557,0.423,0.285324921
1554788965753,12.589,121.1,0.00557,0.423,0.285324921
1554788965814,12.65,121.0,0.00554,0.426,0.28556484
1554788965860,12.696,121.0,0.00554,0.426,0.28556484
1554788965906,12.742,121.0,0.00554,0.426,0.28556484
1554788965951,12.787,121.0,0.00554,0.426,0.28556484
1554788966014,12.85,121.0,0.00554,0.426,0.28556484
1554788966060,12.896,121.0,0.00554,0.426,0.28556484
1554788966105,12.941,121.0,0.00554,0.426,0.28556484
1554788966151,12.987,121.0,0.00554,0.426,0.28556484
1554788966214,13.05,121.0,0.0056,0.422,0.2859472
1554788966259,13.095,121.0,0.0056,0.422,0.2859472
1554788966305,13.141,121.0,0.0056,0.422,0.2859472
1554788966350,13.186,121.0,0.0056,0.422,0.2859472
1554788966414,13.25,121.0,0.00557,0.425,0.28643725
1554788966459,13.295,121.0,0.00557,0.425,0.28643725
1554788966504,13.34,121.0,0.00557,0.425,0.28643725
1554788966550,13.386,121.0,0.00557,0.425,0.28643725
1554788966614,13.45,121.1,0.00555,0.427,0.286988835
1554788966661,13.497,121.1,0.00555,0.427,0.286988835
1554788966707,13.543,121.1,0.00555,0.427,0.286988835
1554788966753,13.589,121.1,0.00555,0.427,0.286988835
1554788966814,13.65,121.0,0.00551,0.424,0.28268504
1554788966860,13.696,121.0,0.00551,0.424,0.28268504
1554788966906,13.742,121.0,0.00551,0.424,0.28268504
1554788966952,13.788,121.0,0.00551,0.424,0.28268504
1554788967014,13.85,121.0,0.00555,0.423,0.28406565
1554788967060,13.896,121.0,0.00555,0.423,0.28406565
1554788967106,13.942,121.0,0.00555,0.423,0.28406565
1554788967153,13.989,121.0,0.00555,0.423,0.28406565
1554788967214,14.05,121.0,0.00555,0.422,0.2833941
1554788967259,14.095,121.0,0.00555,0.422,0.2833941
1554788967305,14.141,121.0,0.00555,0.422,0.2833941
1554788967352,14.188,121.0,0.00555,0.422,0.2833941
1554788967414,14.25,121.0,0.00555,0.423,0.28406565
1554788967460,14.296,121.0,0.00555,0.423,0.28406565
1554788967506,14.342,121.0,0.00555,0.423,0.28406565
1554788967552,14.388,121.0,0.00555,0.423,0.28406565
1554788967614,14.45,121.1,0.00554,0.423,0.283788162
1554788967660,14.496,121.1,0.00554,0.423,0.283788162
1554788967707,14.543,121.1,0.00554,0.423,0.283788162
1554788967753,14.589,121.1,0.00554,0.423,0.283788162
1554788967814,14.65,121.1,0.00554,0.422,0.283117268
1554788967860,14.696,121.1,0.00554,0.422,0.283117268
1554788967906,14.742,121.1,0.00554,0.422,0.283117268
1554788967952,14.788,121.1,0.00554,0.422,0.283117268
1554788968015,14.851,121.0,0.00554,0.419,0.28087246
1554788968061,14.897,121.0,0.00554,0.419,0.28087246
1554788968107,14.943,121.0,0.00554,0.419,0.28087246
1554788968153,14.989,121.0,0.00554,0.419,0.28087246
1554788968214,15.05,121.0,0.00553,0.418,0.27969634
1554788968260,15.096,121.0,0.00553,0.418,0.27969634
1554788968306,15.142,121.0,0.00553,0.418,0.27969634
1554788968352,15.188,121.0,0.00553,0.418,0.27969634
1554788968414,15.25,121.0,0.00556,0.422,0.28390472
1554788968460,15.296,121.0,0.00556,0.422,0.28390472
1554788968506,15.342,121.0,0.00556,0.422,0.28390472
1554788968552,15.388,121.0,0.00556,0.422,0.28390472
1554788968613,15.449,121.0,0.00553,0.42,0.2810346
1554788968660,15.496,121.0,0.00553,0.42,0.2810346
1554788968706,15.542,121.0,0.00553,0.42,0.2810346
1554788968752,15.588,121.0,0.00553,0.42,0.2810346
1554788968814,15.65,121.0,0.00557,0.42,0.2830674
1554788968860,15.696,121.0,0.00557,0.42,0.2830674
1554788968907,15.743,121.0,0.00557,0.42,0.2830674
1554788968953,15.789,121.0,0.00557,0.42,0.2830674
1554788969014,15.85,121.0,0.00554,0.421,0.28221314
1554788969060,15.896,121.0,0.00554,0.421,0.28221314
1554788969106,15.942,121.0,0.00554,0.421,0.28221314
1554788969152,15.988,121.0,0.00554,0.421,0.28221314
1554788969214,16.05,121.0,0.00553,0.423,0.28304199
1554788969260,16.096,121.0,0.00553,0.423,0.28304199
1554788969306,16.142,121.0,0.00553,0.423,0.28304199
1554788969352,16.188,121.0,0.00553,0.423,0.28304199
1554788969413,16.249,121.0,0.00555,0.425,0.28540875
1554788969459,16.295,121.0,0.00555,0.425,0.28540875
1554788969506,16.342,121.0,0.00555,0.425,0.28540875
1554788969552,16.388,121.0,0.00555,0.425,0.28540875
1554788969614,16.45,121.1,0.00557,0.423,0.285324921
1554788969660,16.496,121.1,0.00557,0.423,0.285324921
1554788969706,16.542,121.1,0.00557,0.423,0.285324921
1554788969752,16.588,121.1,0.00557,0.423,0.285324921
1554788969813,16.649,121.1,0.00557,0.423,0.285324921
1554788969859,16.695,121.1,0.00557,0.423,0.285324921
1554788969906,16.742,121.1,0.00557,0.423,0.285324921
1554788969952,16.788,121.1,0.00557,0.423,0.285324921
1554788970014,16.85,121.0,0.00557,0.425,0.28643725
1554788970060,16.896,121.0,0.00557,0.425,0.28643725
1554788970106,16.942,121.0,0.00557,0.425,0.28643725
1554788970152,16.988,121.0,0.00557,0.425,0.28643725
1554788970213,17.049,121.0,0.00561,0.423,0.28713663
1554788970259,17.095,121.0,0.00561,0.423,0.28713663
1554788970305,17.141,121.0,0.00561,0.423,0.28713663
1554788970351,17.187,121.0,0.00561,0.423,0.28713663
1554788970414,17.25,121.1,0.00561,0.423,0.287373933
1554788970460,17.296,121.1,0.00561,0.423,0.287373933
1554788970506,17.342,121.1,0.00561,0.423,0.287373933
1554788970552,17.388,121.1,0.00561,0.423,0.287373933
1554788970613,17.449,121.1,0.00561,0.423,0.287373933
1554788970659,17.495,121.1,0.00561,0.423,0.287373933
1554788970705,17.541,121.1,0.00561,0.423,0.287373933
1554788970752,17.588,121.1,0.00561,0.423,0.287373933
1554788970814,17.65,121.2,0.00559,0.423,0.286585884
1554788970860,17.696,121.2,0.00559,0.423,0.286585884
1554788970906,17.742,121.2,0.00559,0.423,0.286585884
1554788970952,17.788,121.2,0.00559,0.423,0.286585884
1554788971013,17.849,121.1,0.00554,0.423,0.283788162
1554788971059,17.895,121.1,0.00554,0.423,0.283788162
1554788971105,17.941,121.1,0.00554,0.423,0.283788162
1554788971151,17.987,121.1,0.00554,0.423,0.283788162
1554788971214,18.05,121.1,0.00558,0.419,0.283134222
1554788971260,18.096,121.1,0.00558,0.419,0.283134222
1554788971306,18.142,121.1,0.00558,0.419,0.283134222
1554788971352,18.188,121.1,0.00558,0.419,0.283134222
1554788971413,18.249,121.1,0.0056,0.421,0.28550536
1554788971459,18.295,121.1,0.0056,0.421,0.28550536
1554788971505,18.341,121.1,0.0056,0.421,0.28550536
1554788971551,18.387,121.1,0.0056,0.421,0.28550536
1554788971614,18.45,121.1,0.00556,0.42,0.28279272
1554788971660,18.496,121.1,0.00556,0.42,0.28279272
1554788971706,18.542,121.1,0.00556,0.42,0.28279272
1554788971752,18.588,121.1,0.00556,0.42,0.28279272
1554788971813,18.649,121.1,0.00549,0.424,0.281891736
1554788971859,18.695,121.1,0.00549,0.424,0.281891736
1554788971906,18.742,121.1,0.00549,0.424,0.281891736
1554788971952,18.788,121.1,0.00549,0.424,0.281891736
1554788972014,18.85,121.0,0.00545,0.422,0.2782879
1554788972060,18.896,121.0,0.00545,0.422,0.2782879
1554788972106,18.942,121.0,0.00545,0.422,0.2782879
1554788972153,18.989,121.0,0.00545,0.422,0.2782879
1554788972214,19.05,121.0,0.00553,0.423,0.28304199
1554788972260,19.096,121.0,0.00553,0.423,0.28304199
1554788972306,19.142,121.0,0.00553,0.423,0.28304199
1554788972352,19.188,121.0,0.00553,0.423,0.28304199
1554788972413,19.249,121.0,0.00551,0.424,0.28268504
1554788972459,19.295,121.0,0.00551,0.424,0.28268504
1554788972506,19.342,121.0,0.00551,0.424,0.28268504
1554788972552,19.388,121.0,0.00551,0.424,0.28268504
1554788972613,19.449,121.0,0.00553,0.421,0.28170373
1554788972659,19.495,121.0,0.00553,0.421,0.28170373
1554788972705,19.541,121.0,0.00553,0.421,0.28170373
1554788972751,19.587,121.0,0.00553,0.421,0.28170373
1554788972814,19.65,121.0,0.00553,0.423,0.28304199
1554788972860,19.696,121.0,0.00553,0.423,0.28304199
1554788972906,19.742,121.0,0.00553,0.423,0.28304199
1554788972952,19.788,121.0,0.00553,0.423,0.28304199
1554788973013,19.849,121.0,0.00557,0.421,0.28374137
1554788973059,19.895,121.0,0.00557,0.421,0.28374137
1554788973105,19.941,121.0,0.00557,0.421,0.28374137
1554788973151,19.987,121.0,0.00557,0.421,0.28374137
1554788973214,20.05,120.9,0.0056,0.422,0.28571088
1554788973260,20.096,120.9,0.0056,0.422,0.28571088
1554788973306,20.142,120.9,0.0056,0.422,0.28571088
1554788973352,20.188,120.9,0.0056,0.422,0.28571088
1554788973414,20.25,121.0,0.0056,0.424,0.2873024
1554788973460,20.296,121.0,0.0056,0.424,0.2873024
1554788973506,20.342,121.0,0.0056,0.424,0.2873024
1554788973552,20.388,121.0,0.0056,0.424,0.2873024
1554788973613,20.449,121.0,0.00563,0.422,0.28747906
1554788973660,20.496,121.0,0.00563,0.422,0.28747906
1554788973706,20.542,121.0,0.00563,0.422,0.28747906
1554788973752,20.588,121.0,0.00563,0.422,0.28747906
1554788973813,20.649,121.1,0.0056,0.419,0.28414904
1554788973859,20.695,121.1,0.0056,0.419,0.28414904
1554788973905,20.741,121.1,0.0056,0.419,0.28414904
1554788973951,20.787,121.1,0.0056,0.419,0.28414904
1554788974013,20.849,121.1,0.00558,0.422,0.285161436
1554788974059,20.895,121.1,0.00558,0.422,0.285161436
1554788974105,20.941,121.1,0.00558,0.422,0.285161436
1554788974151,20.987,121.1,0.00558,0.422,0.285161436
1554788974213,21.049,121.1,0.00559,0.425,0.287703325
1554788974260,21.096,121.1,0.00559,0.425,0.287703325
1554788974306,21.142,121.1,0.00559,0.425,0.287703325
1554788974352,21.188,121.1,0.00559,0.425,0.287703325
1554788974413,21.249,121.1,0.00559,0.424,0.287026376
1554788974459,21.295,121.1,0.00559,0.424,0.287026376
1554788974505,21.341,121.1,0.00559,0.424,0.287026376
1554788974551,21.387,121.1,0.00559,0.424,0.287026376
1554788974613,21.449,121.1,0.0056,0.423,0.28686168
1554788974660,21.496,121.1,0.0056,0.423,0.28686168
1554788974706,21.542,121.1,0.0056,0.423,0.28686168
1554788974752,21.588,121.1,0.0056,0.423,0.28686168
1554788974813,21.649,121.1,0.00557,0.424,0.285999448
1554788974859,21.695,121.1,0.00557,0.424,0.285999448
1554788974905,21.741,121.1,0.00557,0.424,0.285999448
1554788974951,21.787,121.1,0.00557,0.424,0.285999448
1554788975014,21.85,121.1,0.00554,0.421,0.282446374
1554788975060,21.896,121.1,0.00554,0.421,0.282446374
1554788975106,21.942,121.1,0.00554,0.421,0.282446374
1554788975152,21.988,121.1,0.00554,0.421,0.282446374
1554788975213,22.049,121.0,0.00555,0.424,0.2847372
1554788975259,22.095,121.0,0.00555,0.424,0.2847372
1554788975306,22.142,121.0,0.00555,0.424,0.2847372
1554788975352,22.188,121.0,0.00555,0.424,0.2847372
1554788975413,22.249,121.0,0.00557,0.422,0.28441534
1554788975459,22.295,121.0,0.00557,0.422,0.28441534
1554788975505,22.341,121.0,0.00557,0.422,0.28441534
1554788975551,22.387,121.0,0.00557,0.422,0.28441534
1554788975614,22.45,121.0,0.00554,0.424,0.28422416
1554788975660,22.496,121.0,0.00554,0.424,0.28422416
1554788975706,22.542,121.0,0.00554,0.424,0.28422416
1554788975752,22.588,121.0,0.00554,0.424,0.28422416
1554788975813,22.649,121.0,0.00551,0.422,0.28135162
1554788975859,22.695,121.0,0.00551,0.422,0.28135162
1554788975905,22.741,121.0,0.00551,0.422,0.28135162
1554788975951,22.787,121.0,0.00551,0.422,0.28135162
1554788976014,22.85,121.0,0.00554,0.422,0.28288348
1554788976060,22.896,121.0,0.00554,0.422,0.28288348
1554788976106,22.942,121.0,0.00554,0.422,0.28288348
1554788976152,22.988,121.0,0.00554,0.422,0.28288348
1554788976213,23.049,121.0,0.00555,0.42,0.282051
1554788976259,23.095,121.0,0.00555,0.42,0.282051
1554788976306,23.142,121.0,0.00555,0.42,0.282051
1554788976352,23.188,121.0,0.00555,0.42,0.282051
1554788976413,23.249,120.9,0.00554,0.424,0.283989264
1554788976459,23.295,120.9,0.00554,0.424,0.283989264
1554788976505,23.341,120.9,0.00554,0.424,0.283989264
1554788976551,23.387,120.9,0.00554,0.424,0.283989264
1554788976613,23.449,121.0,0.00552,0.425,0.283866
1554788976659,23.495,121.0,0.00552,0.425,0.283866
1554788976705,23.541,121.0,0.00552,0.425,0.283866
1554788976752,23.588,121.0,0.00552,0.425,0.283866
1554788976813,23.649,121.0,0.00554,0.424,0.28422416
1554788976858,23.694,121.0,0.00554,0.424,0.28422416
1554788976905,23.741,121.0,0.00554,0.424,0.28422416
1554788976951,23.787,121.0,0.00554,0.424,0.28422416
1554788977013,23.849,121.0,0.00552,0.424,0.28319808
1554788977059,23.895,121.0,0.00552,0.424,0.28319808
1554788977105,23.941,121.0,0.00552,0.424,0.28319808
1554788977152,23.988,121.0,0.00552,0.424,0.28319808
1554788977213,24.049,121.0,0.00556,0.424,0.28525024
1554788977259,24.095,121.0,0.00556,0.424,0.28525024
1554788977305,24.141,121.0,0.00556,0.424,0.28525024
1554788977351,24.187,121.0,0.00556,0.424,0.28525024
1554788977413,24.249,121.1,0.0056,0.425,0.288218
1554788977460,24.296,121.1,0.0056,0.425,0.288218
1554788977506,24.342,121.1,0.0056,0.425,0.288218
1554788977552,24.388,121.1,0.0056,0.425,0.288218
1554788977613,24.449,121.1,0.00556,0.425,0.2861593
1554788977659,24.495,121.1,0.00556,0.425,0.2861593
1554788977705,24.541,121.1,0.00556,0.425,0.2861593
1554788977751,24.587,121.1,0.00556,0.425,0.2861593
1554788977813,24.649,121.1,0.00557,0.423,0.285324921
1554788977860,24.696,121.1,0.00557,0.423,0.285324921
1554788977906,24.742,121.1,0.00557,0.423,0.285324921
1554788977952,24.788,121.1,0.00557,0.423,0.285324921
1554788978013,24.849,121.1,0.0056,0.422,0.28618352
1554788978059,24.895,121.1,0.0056,0.422,0.28618352
1554788978105,24.941,121.1,0.0056,0.422,0.28618352
1554788978151,24.987,121.1,0.0056,0.422,0.28618352
1554788978212,25.048,121.1,0.00558,0.424,0.286512912
1554788978258,25.094,121.1,0.00558,0.424,0.286512912
1554788978305,25.141,121.1,0.00558,0.424,0.286512912
1554788978351,25.187,121.1,0.00558,0.424,0.286512912
1554788978413,25.249,121.1,0.00566,0.424,0.290620624
1554788978459,25.295,121.1,0.00566,0.424,0.290620624
1554788978505,25.341,121.1,0.00566,0.424,0.290620624
1554788978551,25.387,121.1,0.00566,0.424,0.290620624
1554788978613,25.449,121.1,0.00564,0.422,0.288227688
1554788978658,25.494,121.1,0.00564,0.422,0.288227688
1554788978704,25.54,121.1,0.00564,0.422,0.288227688
1554788978751,25.587,121.1,0.00564,0.422,0.288227688
1554788978813,25.649,121.1,0.00557,0.422,0.284650394
1554788978859,25.695,121.1,0.00557,0.422,0.284650394
1554788978905,25.741,121.1,0.00557,0.422,0.284650394
1554788978951,25.787,121.1,0.00557,0.422,0.284650394
1554788979012,25.849,121.1,0.00553,0.427,0.285954641
1554788979058,25.894,121.1,0.00553,0.427,0.285954641
1554788979105,25.941,121.1,0.00553,0.427,0.285954641
1554788979151,25.987,121.1,0.00553,0.427,0.285954641
1554788979213,26.049,121.0,0.00554,0.424,0.28422416
1554788979259,26.095,121.0,0.00554,0.424,0.28422416
1554788979305,26.141,121.0,0.00554,0.424,0.28422416
1554788979351,26.187,121.0,0.00554,0.424,0.28422416
1554788979414,26.25,121.0,0.00554,0.425,0.2848945
1554788979460,26.296,121.0,0.00554,0.425,0.2848945
1554788979507,26.343,121.0,0.00554,0.425,0.2848945
1554788979553,26.389,121.0,0.00554,0.425,0.2848945
1554788979614,26.45,121.0,0.00554,0.425,0.2848945
1554788979660,26.496,121.0,0.00554,0.425,0.2848945
1554788979706,26.542,121.0,0.00554,0.425,0.2848945
1554788979752,26.588,121.0,0.00554,0.425,0.2848945
1554788979814,26.65,121.0,0.00553,0.422,0.28237286
1554788979860,26.696,121.0,0.00553,0.422,0.28237286
1554788979906,26.742,121.0,0.00553,0.422,0.28237286
1554788979952,26.788,121.0,0.00553,0.422,0.28237286
1554788980013,26.849,121.0,0.00553,0.425,0.28438025
1554788980059,26.895,121.0,0.00553,0.425,0.28438025
1554788980106,26.942,121.0,0.00553,0.425,0.28438025
1554788980152,26.988,121.0,0.00553,0.425,0.28438025
1554788980213,27.049,121.0,0.00553,0.424,0.28371112
1554788980259,27.095,121.0,0.00553,0.424,0.28371112
1554788980305,27.141,121.0,0.00553,0.424,0.28371112
1554788980351,27.187,121.0,0.00553,0.424,0.28371112
1554788980413,27.249,121.1,0.00552,0.424,0.283432128
1554788980459,27.295,121.1,0.00552,0.424,0.283432128
1554788980505,27.341,121.1,0.00552,0.424,0.283432128
1554788980551,27.387,121.1,0.00552,0.424,0.283432128
1554788980613,27.449,121.1,0.00554,0.424,0.284459056
1554788980659,27.495,121.1,0.00554,0.424,0.284459056
1554788980705,27.541,121.1,0.00554,0.424,0.284459056
1554788980752,27.588,121.1,0.00554,0.424,0.284459056
1554788980813,27.649,121.1,0.00552,0.423,0.282763656
1554788980859,27.695,121.1,0.00552,0.423,0.282763656
1554788980905,27.741,121.1,0.00552,0.423,0.282763656
1554788980951,27.787,121.1,0.00552,0.423,0.282763656
1554788981013,27.849,121.0,0.00554,0.424,0.28422416
1554788981059,27.895,121.0,0.00554,0.424,0.28422416
1554788981105,27.941,121.0,0.00554,0.424,0.28422416
1554788981152,27.988,121.0,0.00554,0.424,0.28422416
1554788981213,28.049,121.0,0.0056,0.42,0.284592
1554788981259,28.095,121.0,0.0056,0.42,0.284592
1554788981305,28.141,121.0,0.0056,0.42,0.284592
1554788981351,28.187,121.0,0.0056,0.42,0.284592
1554788981413,28.249,121.0,0.00558,0.422,0.28492596
1554788981460,28.296,121.0,0.00558,0.422,0.28492596
1554788981506,28.342,121.0,0.00558,0.422,0.28492596
1554788981552,28.388,121.0,0.00558,0.422,0.28492596
1554788981613,28.449,121.1,0.00556,0.424,0.285485984
1554788981659,28.495,121.1,0.00556,0.424,0.285485984
1554788981705,28.541,121.1,0.00556,0.424,0.285485984
1554788981751,28.587,121.1,0.00556,0.424,0.285485984
1554788981812,28.648,121.1,0.00558,0.424,0.286512912
1554788981858,28.694,121.1,0.00558,0.424,0.286512912
1554788981905,28.741,121.1,0.00558,0.424,0.286512912
1554788981951,28.787,121.1,0.00558,0.424,0.286512912
1554788982013,28.849,121.1,0.00559,0.424,0.287026376
1554788982059,28.895,121.1,0.00559,0.424,0.287026376
1554788982106,28.942,121.1,0.00559,0.424,0.287026376
1554788982152,28.988,121.1,0.00559,0.424,0.287026376
1554788982213,29.049,121.1,0.00562,0.423,0.287886186
1554788982259,29.095,121.1,0.00562,0.423,0.287886186
1554788982305,29.141,121.1,0.00562,0.423,0.287886186
1554788982351,29.187,121.1,0.00562,0.423,0.287886186
1554788982412,29.248,121.1,0.00562,0.425,0.28924735
1554788982458,29.294,121.1,0.00562,0.425,0.28924735
1554788982504,29.34,121.1,0.00562,0.425,0.28924735
1554788982550,29.386,121.1,0.00562,0.425,0.28924735
1554788982612,29.448,121.1,0.0056,0.423,0.28686168
1554788982658,29.494,121.1,0.0056,0.423,0.28686168
1554788982704,29.54,121.1,0.0056,0.423,0.28686168
1554788982750,29.587,121.1,0.0056,0.423,0.28686168
1554788982813,29.649,121.1,0.00558,0.425,0.28718865
1554788982859,29.695,121.1,0.00558,0.425,0.28718865
1554788982905,29.741,121.1,0.00558,0.425,0.28718865
1554788982951,29.787,121.1,0.00558,0.425,0.28718865
1554788983012,29.848,121.1,0.00551,0.426,0.284253186
1554788983058,29.894,121.1,0.00551,0.426,0.284253186
1554788983104,29.94,121.1,0.00551,0.426,0.284253186
1554788983151,29.987,121.1,0.00551,0.426,0.284253186
1554788983212,30.048,121.0,0.00553,0.427,0.28571851
1554788983258,30.094,121.0,0.00553,0.427,0.28571851
1554788983304,30.14,121.0,0.00553,0.427,0.28571851
1554788983350,30.186,121.0,0.00553,0.427,0.28571851
1554788983412,30.248,121.0,0.00556,0.425,0.285923
1554788983458,30.294,121.0,0.00556,0.425,0.285923
1554788983504,30.34,121.0,0.00556,0.425,0.285923
1554788983550,30.386,121.0,0.00556,0.425,0.285923
1554788983612,30.448,121.0,0.00555,0.424,0.2847372
1554788983658,30.494,121.0,0.00555,0.424,0.2847372
1554788983704,30.54,121.0,0.00555,0.424,0.2847372
1554788983751,30.587,121.0,0.00555,0.424,0.2847372
1554788983813,30.649,121.0,0.0056,0.419,0.2839144
1554788983859,30.695,121.0,0.0056,0.419,0.2839144
1554788983905,30.741,121.0,0.0056,0.419,0.2839144
1554788983951,30.787,121.0,0.0056,0.419,0.2839144
1554788984012,30.848,121.0,0.00555,0.421,0.28272255
1554788984058,30.894,121.0,0.00555,0.421,0.28272255
1554788984104,30.94,121.0,0.00555,0.421,0.28272255
1554788984151,30.987,121.0,0.00555,0.421,0.28272255
1554788984212,31.048,121.0,0.00554,0.421,0.28221314
1554788984258,31.094,121.0,0.00554,0.421,0.28221314
1554788984304,31.14,121.0,0.00554,0.421,0.28221314
1554788984350,31.186,121.0,0.00554,0.421,0.28221314
1554788984412,31.248,121.0,0.00557,0.423,0.28508931
1554788984458,31.294,121.0,0.00557,0.423,0.28508931
1554788984505,31.341,121.0,0.00557,0.423,0.28508931
1554788984551,31.387,121.0,0.00557,0.423,0.28508931
1554788984612,31.448,121.0,0.00558,0.423,0.28560114
1554788984658,31.494,121.0,0.00558,0.423,0.28560114
1554788984704,31.54,121.0,0.00558,0.423,0.28560114
1554788984750,31.586,121.0,0.00558,0.423,0.28560114
1554788984812,31.648,121.0,0.00556,0.423,0.28457748
1554788984858,31.694,121.0,0.00556,0.423,0.28457748
1554788984905,31.741,121.0,0.00556,0.423,0.28457748
1554788984951,31.787,121.0,0.00556,0.423,0.28457748
1554788985012,31.848,121.0,0.00557,0.422,0.28441534
1554788985058,31.894,121.0,0.00557,0.422,0.28441534
1554788985104,31.94,121.0,0.00557,0.422,0.28441534
1554788985150,31.986,121.0,0.00557,0.422,0.28441534
1554788985212,32.048,121.0,0.00558,0.424,0.28627632
1554788985258,32.094,121.0,0.00558,0.424,0.28627632
1554788985304,32.14,121.0,0.00558,0.424,0.28627632
1554788985350,32.186,121.0,0.00558,0.424,0.28627632
1554788985413,32.249,121.1,0.00561,0.423,0.287373933
1554788985458,32.294,121.1,0.00561,0.423,0.287373933
1554788985505,32.341,121.1,0.00561,0.423,0.287373933
1554788985551,32.387,121.1,0.00561,0.423,0.287373933
1554788985612,32.448,121.1,0.00563,0.424,0.289080232
1554788985658,32.494,121.1,0.00563,0.424,0.289080232
1554788985704,32.54,121.1,0.00563,0.424,0.289080232
1554788985750,32.586,121.1,0.00563,0.424,0.289080232
1554788985813,32.649,121.1,0.00559,0.421,0.284995529
1554788985859,32.695,121.1,0.00559,0.421,0.284995529
1554788985905,32.741,121.1,0.00559,0.421,0.284995529
1554788985951,32.787,121.1,0.00559,0.421,0.284995529
1554788986012,32.848,121.1,0.00559,0.422,0.285672478
1554788986058,32.894,121.1,0.00559,0.422,0.285672478
1554788986104,32.94,121.1,0.00559,0.422,0.285672478
1554788986151,32.987,121.1,0.00559,0.422,0.285672478
1554788986212,33.048,121.1,0.00565,0.422,0.28873873
1554788986258,33.094,121.1,0.00565,0.422,0.28873873
1554788986304,33.14,121.1,0.00565,0.422,0.28873873
1554788986350,33.186,121.1,0.00565,0.422,0.28873873
1554788986412,33.248,121.1,0.00569,0.418,0.288026662
1554788986458,33.294,121.1,0.00569,0.418,0.288026662
1554788986504,33.34,121.1,0.00569,0.418,0.288026662
1554788986551,33.387,121.1,0.00569,0.418,0.288026662
1554788986612,33.448,121.1,0.00567,0.42,0.28838754
1554788986658,33.494,121.1,0.00567,0.42,0.28838754
1554788986704,33.54,121.1,0.00567,0.42,0.28838754
1554788986750,33.586,121.1,0.00567,0.42,0.28838754
1554788986812,33.648,121.1,0.00559,0.422,0.285672478
1554788986858,33.694,121.1,0.00559,0.422,0.285672478
1554788986904,33.74,121.1,0.00559,0.422,0.285672478
1554788986951,33.787,121.1,0.00559,0.422,0.285672478
1554788987012,33.848,121.1,0.00558,0.423,0.285837174
1554788987058,33.894,121.1,0.00558,0.423,0.285837174
1554788987104,33.94,121.1,0.00558,0.423,0.285837174
1554788987150,33.986,121.1,0.00558,0.423,0.285837174
1554788987212,34.048,121.0,0.00553,0.423,0.28304199
1554788987258,34.094,121.0,0.00553,0.423,0.28304199
1554788987305,34.141,121.0,0.00553,0.423,0.28304199
1554788987351,34.187,121.0,0.00553,0.423,0.28304199
1554788987412,34.248,121.0,0.00555,0.424,0.2847372
1554788987458,34.294,121.0,0.00555,0.424,0.2847372
1554788987504,34.34,121.0,0.00555,0.424,0.2847372
1554788987550,34.386,121.0,0.00555,0.424,0.2847372
1554788987611,34.448,121.0,0.00553,0.427,0.28571851
1554788987657,34.493,121.0,0.00553,0.427,0.28571851
1554788987703,34.539,121.0,0.00553,0.427,0.28571851
1554788987750,34.586,121.0,0.00553,0.427,0.28571851
1554788987812,34.648,121.0,0.00553,0.426,0.28504938
1554788987858,34.694,121.0,0.00553,0.426,0.28504938
1554788987904,34.74,121.0,0.00553,0.426,0.28504938
1554788987950,34.786,121.0,0.00553,0.426,0.28504938
1554788988011,34.847,121.0,0.00553,0.423,0.28304199
1554788988057,34.893,121.0,0.00553,0.423,0.28304199
1554788988103,34.939,121.0,0.00553,0.423,0.28304199
1554788988150,34.986,121.0,0.00553,0.423,0.28304199
1554788988212,35.048,121.0,0.00552,0.423,0.28253016
1554788988258,35.094,121.0,0.00552,0.423,0.28253016
1554788988304,35.14,121.0,0.00552,0.423,0.28253016
1554788988350,35.186,121.0,0.00552,0.423,0.28253016
1554788988411,35.247,121.0,0.00555,0.423,0.28406565
1554788988457,35.293,121.0,0.00555,0.423,0.28406565
1554788988503,35.339,121.0,0.00555,0.423,0.28406565
1554788988550,35.386,121.0,0.00555,0.423,0.28406565
1554788988612,35.448,121.0,0.00558,0.422,0.28492596
1554788988658,35.494,121.0,0.00558,0.422,0.28492596
1554788988704,35.54,121.0,0.00558,0.422,0.28492596
1554788988750,35.586,121.0,0.00558,0.422,0.28492596
1554788988811,35.648,121.0,0.00576,0.424,0.29551104
1554788988857,35.693,121.0,0.00576,0.424,0.29551104
1554788988903,35.739,121.0,0.00576,0.424,0.29551104
1554788988950,35.786,121.0,0.00576,0.424,0.29551104
1554788989012,35.848,121.1,0.006,0.427,0.3102582
1554788989058,35.894,121.1,0.006,0.427,0.3102582
1554788989104,35.94,121.1,0.006,0.427,0.3102582
1554788989150,35.986,121.1,0.006,0.427,0.3102582
1554788989211,36.047,121.1,0.00606,0.427,0.313360782
1554788989257,36.093,121.1,0.00606,0.427,0.313360782
1554788989303,36.139,121.1,0.00606,0.427,0.313360782
1554788989350,36.186,121.1,0.00606,0.427,0.313360782
1554788989412,36.248,121.0,0.00604,0.426,0.31133784
1554788989458,36.294,121.0,0.00604,0.426,0.31133784
1554788989504,36.34,121.0,0.00604,0.426,0.31133784
1554788989550,36.386,121.0,0.00604,0.426,0.31133784
1554788989611,36.447,121.1,0.006,0.429,0.3117114
1554788989657,36.493,121.1,0.006,0.429,0.3117114
1554788989704,36.54,121.1,0.006,0.429,0.3117114
1554788989749,36.585,121.1,0.006,0.429,0.3117114
1554788989812,36.648,121.1,0.00603,0.426,0.311079258
1554788989858,36.694,121.1,0.00603,0.426,0.311079258
1554788989904,36.74,121.1,0.00603,0.426,0.311079258
1554788989950,36.786,121.1,0.00603,0.426,0.311079258
1554788990011,36.847,121.1,0.006,0.425,0.308805
1554788990057,36.893,121.1,0.006,0.425,0.308805
1554788990103,36.939,121.1,0.006,0.425,0.308805
1554788990150,36.986,121.1,0.006,0.425,0.308805
You pressed Ctrl+C!
1554788990212,37.048,121.1,0.00603,0.428,0.312539724
