# Mon Apr 08 22:36:16 2019
abstime,time_stamp,volt,curr,pf,mul
1554788176963,0.08,121.2,0.00587,0.421,0.299517924
1554788177010,0.127,121.2,0.00587,0.421,0.299517924
1554788177055,0.172,121.2,0.00587,0.421,0.299517924
1554788177101,0.218,121.2,0.00574,0.421,0.292884648
1554788177147,0.264,121.2,0.00574,0.421,0.292884648
1554788177192,0.309,121.2,0.00574,0.421,0.292884648
1554788177238,0.355,121.2,0.00574,0.421,0.292884648
1554788177299,0.416,121.2,0.00573,0.42,0.29167992
1554788177344,0.461,121.2,0.00573,0.42,0.29167992
1554788177389,0.506,121.2,0.00573,0.42,0.29167992
1554788177435,0.552,121.2,0.00573,0.42,0.29167992
1554788177500,0.617,121.2,0.00578,0.418,0.292824048
1554788177546,0.663,121.2,0.00578,0.418,0.292824048
1554788177592,0.709,121.2,0.00578,0.418,0.292824048
1554788177638,0.755,121.2,0.00578,0.418,0.292824048
1554788177699,0.816,121.2,0.00585,0.416,0.29495232
1554788177745,0.862,121.2,0.00585,0.416,0.29495232
1554788177791,0.908,121.2,0.00585,0.416,0.29495232
1554788177837,0.954,121.2,0.00585,0.416,0.29495232
1554788177899,1.016,121.2,0.00579,0.418,0.293330664
1554788177946,1.063,121.2,0.00579,0.418,0.293330664
1554788177991,1.109,121.2,0.00579,0.418,0.293330664
1554788178037,1.155,121.2,0.00579,0.418,0.293330664
1554788178099,1.216,121.2,0.00578,0.421,0.294925656
1554788178144,1.261,121.2,0.00578,0.421,0.294925656
1554788178191,1.308,121.2,0.00578,0.421,0.294925656
1554788178237,1.354,121.2,0.00578,0.421,0.294925656
1554788178300,1.418,121.1,0.00577,0.421,0.294172487
1554788178346,1.463,121.1,0.00577,0.421,0.294172487
1554788178392,1.51,121.1,0.00577,0.421,0.294172487
1554788178438,1.556,121.1,0.00577,0.421,0.294172487
1554788178499,1.616,121.1,0.00582,0.421,0.296721642
1554788178546,1.663,121.1,0.00582,0.421,0.296721642
1554788178592,1.709,121.1,0.00582,0.421,0.296721642
1554788178638,1.755,121.1,0.00582,0.421,0.296721642
1554788178700,1.817,121.1,0.00577,0.422,0.294871234
1554788178746,1.864,121.1,0.00577,0.422,0.294871234
1554788178793,1.91,121.1,0.00577,0.422,0.294871234
1554788178839,1.956,121.1,0.00577,0.422,0.294871234
1554788178900,2.017,121.2,0.00578,0.422,0.295626192
1554788178946,2.063,121.2,0.00578,0.422,0.295626192
1554788178992,2.109,121.2,0.00578,0.422,0.295626192
1554788179038,2.155,121.2,0.00578,0.422,0.295626192
1554788179099,2.216,121.2,0.00577,0.421,0.294415404
1554788179145,2.262,121.2,0.00577,0.421,0.294415404
1554788179191,2.308,121.2,0.00577,0.421,0.294415404
1554788179237,2.354,121.2,0.00577,0.421,0.294415404
1554788179300,2.417,121.2,0.00573,0.421,0.292374396
1554788179346,2.463,121.2,0.00573,0.421,0.292374396
1554788179392,2.509,121.2,0.00573,0.421,0.292374396
1554788179438,2.555,121.2,0.00573,0.421,0.292374396
1554788179500,2.617,121.2,0.00575,0.42,0.292698
1554788179546,2.663,121.2,0.00575,0.42,0.292698
1554788179592,2.709,121.2,0.00575,0.42,0.292698
1554788179638,2.755,121.2,0.00575,0.42,0.292698
1554788179700,2.817,121.2,0.00574,0.423,0.294276024
1554788179746,2.863,121.2,0.00574,0.423,0.294276024
1554788179792,2.909,121.2,0.00574,0.423,0.294276024
1554788179839,2.956,121.2,0.00574,0.423,0.294276024
1554788179899,3.016,121.2,0.00573,0.423,0.293763348
1554788179946,3.063,121.2,0.00573,0.423,0.293763348
1554788179992,3.109,121.2,0.00573,0.423,0.293763348
1554788180038,3.155,121.2,0.00573,0.423,0.293763348
1554788180099,3.216,121.2,0.00575,0.42,0.292698
1554788180145,3.262,121.2,0.00575,0.42,0.292698
1554788180191,3.308,121.2,0.00575,0.42,0.292698
1554788180237,3.355,121.2,0.00575,0.42,0.292698
1554788180300,3.417,121.2,0.00572,0.419,0.290477616
1554788180346,3.463,121.2,0.00572,0.419,0.290477616
1554788180392,3.509,121.2,0.00572,0.419,0.290477616
1554788180438,3.555,121.2,0.00572,0.419,0.290477616
1554788180499,3.617,121.2,0.00571,0.421,0.291353892
1554788180545,3.662,121.2,0.00571,0.421,0.291353892
1554788180592,3.709,121.2,0.00571,0.421,0.291353892
1554788180638,3.755,121.2,0.00571,0.421,0.291353892
1554788180699,3.816,121.2,0.00571,0.423,0.292737996
1554788180745,3.862,121.2,0.00571,0.423,0.292737996
1554788180791,3.908,121.2,0.00571,0.423,0.292737996
1554788180837,3.954,121.2,0.00571,0.423,0.292737996
1554788180899,4.016,121.2,0.00571,0.425,0.2941221
1554788180945,4.062,121.2,0.00571,0.425,0.2941221
1554788180991,4.108,121.2,0.00571,0.425,0.2941221
1554788181037,4.154,121.2,0.00571,0.425,0.2941221
1554788181100,4.217,121.2,0.00573,0.421,0.292374396
1554788181146,4.263,121.2,0.00573,0.421,0.292374396
1554788181192,4.309,121.2,0.00573,0.421,0.292374396
1554788181238,4.355,121.2,0.00573,0.421,0.292374396
1554788181299,4.416,121.2,0.00573,0.419,0.290985444
1554788181346,4.463,121.2,0.00573,0.419,0.290985444
1554788181392,4.509,121.2,0.00573,0.419,0.290985444
1554788181437,4.554,121.2,0.00573,0.419,0.290985444
1554788181499,4.616,121.2,0.00575,0.421,0.2933949
1554788181544,4.662,121.2,0.00575,0.421,0.2933949
1554788181590,4.707,121.2,0.00575,0.421,0.2933949
1554788181637,4.754,121.2,0.00575,0.421,0.2933949
1554788181699,4.816,121.2,0.00576,0.422,0.294603264
1554788181745,4.862,121.2,0.00576,0.422,0.294603264
1554788181791,4.908,121.2,0.00576,0.422,0.294603264
1554788181837,4.954,121.2,0.00576,0.422,0.294603264
1554788181899,5.016,121.2,0.00578,0.422,0.295626192
1554788181944,5.061,121.2,0.00578,0.422,0.295626192
1554788181990,5.107,121.2,0.00578,0.422,0.295626192
1554788182036,5.153,121.2,0.00578,0.422,0.295626192
1554788182098,5.216,121.2,0.00579,0.423,0.296839404
1554788182144,5.262,121.2,0.00579,0.423,0.296839404
1554788182191,5.308,121.2,0.00579,0.423,0.296839404
1554788182237,5.354,121.2,0.00579,0.423,0.296839404
1554788182299,5.416,121.2,0.00576,0.423,0.295301376
1554788182345,5.462,121.2,0.00576,0.423,0.295301376
1554788182392,5.509,121.2,0.00576,0.423,0.295301376
1554788182438,5.555,121.2,0.00576,0.423,0.295301376
1554788182499,5.616,121.1,0.0058,0.42,0.2949996
1554788182545,5.662,121.1,0.0058,0.42,0.2949996
1554788182591,5.708,121.1,0.0058,0.42,0.2949996
1554788182637,5.754,121.1,0.0058,0.42,0.2949996
1554788182699,5.816,121.1,0.00583,0.42,0.29652546
1554788182745,5.862,121.1,0.00583,0.42,0.29652546
1554788182791,5.908,121.1,0.00583,0.42,0.29652546
1554788182838,5.955,121.1,0.00583,0.42,0.29652546
1554788182899,6.016,121.2,0.00578,0.421,0.294925656
1554788182945,6.062,121.2,0.00578,0.421,0.294925656
1554788182991,6.108,121.2,0.00578,0.421,0.294925656
1554788183037,6.154,121.2,0.00578,0.421,0.294925656
1554788183098,6.215,121.2,0.00576,0.422,0.294603264
1554788183144,6.261,121.2,0.00576,0.422,0.294603264
1554788183190,6.307,121.2,0.00576,0.422,0.294603264
1554788183236,6.353,121.2,0.00576,0.422,0.294603264
1554788183298,6.415,121.2,0.00575,0.423,0.2947887
1554788183344,6.462,121.2,0.00575,0.423,0.2947887
1554788183391,6.508,121.2,0.00575,0.423,0.2947887
1554788183437,6.554,121.2,0.00575,0.423,0.2947887
1554788183499,6.616,121.2,0.00576,0.421,0.293905152
1554788183545,6.662,121.2,0.00576,0.421,0.293905152
1554788183592,6.709,121.2,0.00576,0.421,0.293905152
1554788183638,6.755,121.2,0.00576,0.421,0.293905152
1554788183699,6.816,121.2,0.00578,0.42,0.29422512
1554788183745,6.862,121.2,0.00578,0.42,0.29422512
1554788183792,6.909,121.2,0.00578,0.42,0.29422512
1554788183838,6.955,121.2,0.00578,0.42,0.29422512
1554788183899,7.016,121.2,0.00575,0.422,0.2940918
1554788183945,7.062,121.2,0.00575,0.422,0.2940918
1554788183991,7.108,121.2,0.00575,0.422,0.2940918
1554788184037,7.154,121.2,0.00575,0.422,0.2940918
1554788184098,7.215,121.2,0.00574,0.421,0.292884648
1554788184144,7.261,121.2,0.00574,0.421,0.292884648
1554788184190,7.307,121.2,0.00574,0.421,0.292884648
1554788184237,7.354,121.2,0.00574,0.421,0.292884648
1554788184298,7.416,121.2,0.0057,0.422,0.29153448
1554788184345,7.462,121.2,0.0057,0.422,0.29153448
1554788184391,7.508,121.2,0.0057,0.422,0.29153448
1554788184437,7.554,121.2,0.0057,0.422,0.29153448
1554788184498,7.615,121.2,0.00573,0.423,0.293763348
1554788184544,7.661,121.2,0.00573,0.423,0.293763348
1554788184590,7.707,121.2,0.00573,0.423,0.293763348
1554788184636,7.754,121.2,0.00573,0.423,0.293763348
1554788184699,7.816,121.2,0.00575,0.42,0.292698
1554788184745,7.862,121.2,0.00575,0.42,0.292698
1554788184791,7.908,121.2,0.00575,0.42,0.292698
1554788184837,7.954,121.2,0.00575,0.42,0.292698
1554788184898,8.015,121.3,0.00573,0.422,0.293310678
1554788184944,8.061,121.3,0.00573,0.422,0.293310678
1554788184990,8.107,121.3,0.00573,0.422,0.293310678
1554788185036,8.153,121.3,0.00573,0.422,0.293310678
1554788185099,8.216,121.3,0.0058,0.42,0.2954868
1554788185145,8.262,121.3,0.0058,0.42,0.2954868
1554788185191,8.308,121.3,0.0058,0.42,0.2954868
1554788185237,8.354,121.3,0.0058,0.42,0.2954868
1554788185298,8.415,121.2,0.00575,0.42,0.292698
1554788185344,8.461,121.2,0.00575,0.42,0.292698
1554788185390,8.507,121.2,0.00575,0.42,0.292698
1554788185435,8.552,121.2,0.00575,0.42,0.292698
1554788185498,8.615,121.1,0.00574,0.423,0.294033222
1554788185543,8.66,121.1,0.00574,0.423,0.294033222
1554788185589,8.706,121.1,0.00574,0.423,0.294033222
1554788185634,8.751,121.1,0.00574,0.423,0.294033222
1554788185698,8.815,121.1,0.00577,0.424,0.296268728
1554788185744,8.861,121.1,0.00577,0.424,0.296268728
1554788185789,8.906,121.1,0.00577,0.424,0.296268728
1554788185835,8.952,121.1,0.00577,0.424,0.296268728
1554788185898,9.015,121.2,0.0058,0.424,0.29805504
1554788185944,9.061,121.2,0.0058,0.424,0.29805504
1554788185990,9.107,121.2,0.0058,0.424,0.29805504
1554788186036,9.153,121.2,0.0058,0.424,0.29805504
1554788186099,9.216,121.2,0.00579,0.423,0.296839404
1554788186145,9.262,121.2,0.00579,0.423,0.296839404
1554788186191,9.308,121.2,0.00579,0.423,0.296839404
1554788186237,9.354,121.2,0.00579,0.423,0.296839404
1554788186298,9.415,121.1,0.00578,0.423,0.296082234
1554788186344,9.461,121.1,0.00578,0.423,0.296082234
1554788186390,9.507,121.1,0.00578,0.423,0.296082234
1554788186436,9.553,121.1,0.00578,0.423,0.296082234
1554788186498,9.615,121.1,0.0058,0.425,0.2985115
1554788186544,9.661,121.1,0.0058,0.425,0.2985115
1554788186590,9.707,121.1,0.0058,0.425,0.2985115
1554788186637,9.754,121.1,0.0058,0.425,0.2985115
1554788186698,9.815,121.0,0.00576,0.426,0.29690496
1554788186744,9.861,121.0,0.00576,0.426,0.29690496
1554788186790,9.907,121.0,0.00576,0.426,0.29690496
1554788186836,9.953,121.0,0.00576,0.426,0.29690496
1554788186898,10.015,121.1,0.0058,0.424,0.29780912
1554788186944,10.061,121.1,0.0058,0.424,0.29780912
1554788186991,10.108,121.1,0.0058,0.424,0.29780912
1554788187037,10.154,121.1,0.0058,0.424,0.29780912
1554788187098,10.215,121.1,0.00581,0.424,0.298322584
1554788187144,10.261,121.1,0.00581,0.424,0.298322584
1554788187190,10.307,121.1,0.00581,0.424,0.298322584
1554788187236,10.353,121.1,0.00581,0.424,0.298322584
1554788187299,10.416,121.1,0.00579,0.42,0.29449098
1554788187345,10.462,121.1,0.00579,0.42,0.29449098
1554788187391,10.508,121.1,0.00579,0.42,0.29449098
1554788187437,10.554,121.1,0.00579,0.42,0.29449098
1554788187498,10.615,121.1,0.00582,0.418,0.294607236
1554788187543,10.66,121.1,0.00582,0.418,0.294607236
1554788187590,10.707,121.1,0.00582,0.418,0.294607236
1554788187636,10.753,121.1,0.00582,0.418,0.294607236
1554788187698,10.815,121.1,0.00582,0.42,0.29601684
1554788187745,10.862,121.1,0.00582,0.42,0.29601684
1554788187791,10.908,121.1,0.00582,0.42,0.29601684
1554788187837,10.954,121.1,0.00582,0.42,0.29601684
1554788187898,11.015,121.1,0.00579,0.424,0.297295656
1554788187944,11.061,121.1,0.00579,0.424,0.297295656
1554788187990,11.107,121.1,0.00579,0.424,0.297295656
1554788188036,11.153,121.1,0.00579,0.424,0.297295656
1554788188099,11.216,121.2,0.00576,0.421,0.293905152
1554788188145,11.262,121.2,0.00576,0.421,0.293905152
1554788188191,11.308,121.2,0.00576,0.421,0.293905152
1554788188237,11.354,121.2,0.00576,0.421,0.293905152
1554788188298,11.415,121.2,0.00576,0.422,0.294603264
1554788188344,11.461,121.2,0.00576,0.422,0.294603264
1554788188390,11.507,121.2,0.00576,0.422,0.294603264
1554788188437,11.554,121.2,0.00576,0.422,0.294603264
1554788188498,11.615,121.2,0.00574,0.42,0.29218896
1554788188543,11.66,121.2,0.00574,0.42,0.29218896
1554788188590,11.707,121.2,0.00574,0.42,0.29218896
1554788188636,11.753,121.2,0.00574,0.42,0.29218896
1554788188698,11.815,121.2,0.00579,0.42,0.29473416
1554788188745,11.862,121.2,0.00579,0.42,0.29473416
1554788188791,11.908,121.2,0.00579,0.42,0.29473416
1554788188837,11.954,121.2,0.00579,0.42,0.29473416
1554788188898,12.015,121.2,0.00581,0.42,0.29575224
1554788188944,12.061,121.2,0.00581,0.42,0.29575224
1554788188991,12.108,121.2,0.00581,0.42,0.29575224
1554788189037,12.154,121.2,0.00581,0.42,0.29575224
1554788189098,12.215,121.2,0.00587,0.417,0.296672148
1554788189144,12.261,121.2,0.00587,0.417,0.296672148
1554788189190,12.307,121.2,0.00587,0.417,0.296672148
1554788189236,12.353,121.2,0.00587,0.417,0.296672148
1554788189297,12.415,121.3,0.00582,0.422,0.297917652
1554788189343,12.46,121.3,0.00582,0.422,0.297917652
1554788189390,12.507,121.3,0.00582,0.422,0.297917652
1554788189436,12.553,121.3,0.00582,0.422,0.297917652
1554788189498,12.615,121.2,0.00581,0.421,0.296456412
1554788189544,12.661,121.2,0.00581,0.421,0.296456412
1554788189590,12.707,121.2,0.00581,0.421,0.296456412
1554788189637,12.754,121.2,0.00581,0.421,0.296456412
1554788189698,12.815,121.2,0.00588,0.42,0.29931552
1554788189743,12.86,121.2,0.00588,0.42,0.29931552
1554788189790,12.907,121.2,0.00588,0.42,0.29931552
1554788189836,12.953,121.2,0.00588,0.42,0.29931552
1554788189898,13.015,121.2,0.00587,0.418,0.297383592
1554788189944,13.061,121.2,0.00587,0.418,0.297383592
1554788189990,13.107,121.2,0.00587,0.418,0.297383592
1554788190037,13.154,121.2,0.00587,0.418,0.297383592
1554788190098,13.215,121.2,0.00584,0.418,0.295863744
1554788190144,13.261,121.2,0.00584,0.418,0.295863744
1554788190190,13.307,121.2,0.00584,0.418,0.295863744
1554788190236,13.353,121.2,0.00584,0.418,0.295863744
1554788190297,13.414,121.2,0.00582,0.421,0.296966664
1554788190343,13.46,121.2,0.00582,0.421,0.296966664
1554788190389,13.506,121.2,0.00582,0.421,0.296966664
1554788190435,13.552,121.2,0.00582,0.421,0.296966664
1554788190498,13.615,121.1,0.00584,0.422,0.298448528
1554788190544,13.661,121.1,0.00584,0.422,0.298448528
1554788190590,13.707,121.1,0.00584,0.422,0.298448528
1554788190636,13.753,121.1,0.00584,0.422,0.298448528
1554788190697,13.814,121.1,0.00583,0.422,0.297937486
1554788190743,13.86,121.1,0.00583,0.422,0.297937486
1554788190790,13.907,121.1,0.00583,0.422,0.297937486
1554788190836,13.953,121.1,0.00583,0.422,0.297937486
1554788190898,14.015,121.1,0.00583,0.421,0.297231473
1554788190944,14.061,121.1,0.00583,0.421,0.297231473
1554788190991,14.108,121.1,0.00583,0.421,0.297231473
1554788191037,14.154,121.1,0.00583,0.421,0.297231473
1554788191098,14.215,121.1,0.00585,0.42,0.2975427
1554788191144,14.261,121.1,0.00585,0.42,0.2975427
1554788191190,14.307,121.1,0.00585,0.42,0.2975427
1554788191236,14.353,121.1,0.00585,0.42,0.2975427
1554788191297,14.414,121.1,0.00581,0.422,0.296915402
1554788191343,14.46,121.1,0.00581,0.422,0.296915402
1554788191390,14.507,121.1,0.00581,0.422,0.296915402
1554788191436,14.553,121.1,0.00581,0.422,0.296915402
1554788191498,14.615,121.1,0.00581,0.421,0.296211811
1554788191544,14.661,121.1,0.00581,0.421,0.296211811
1554788191591,14.708,121.1,0.00581,0.421,0.296211811
1554788191637,14.754,121.1,0.00581,0.421,0.296211811
1554788191698,14.815,121.1,0.00581,0.421,0.296211811
1554788191744,14.861,121.1,0.00581,0.421,0.296211811
1554788191790,14.907,121.1,0.00581,0.421,0.296211811
1554788191836,14.953,121.1,0.00581,0.421,0.296211811
1554788191897,15.014,121.2,0.00581,0.424,0.298568928
1554788191943,15.06,121.2,0.00581,0.424,0.298568928
1554788191989,15.106,121.2,0.00581,0.424,0.298568928
1554788192036,15.153,121.2,0.00581,0.424,0.298568928
1554788192098,15.215,121.2,0.00578,0.423,0.296326728
1554788192144,15.261,121.2,0.00578,0.423,0.296326728
1554788192190,15.307,121.2,0.00578,0.423,0.296326728
1554788192236,15.353,121.2,0.00578,0.423,0.296326728
1554788192297,15.414,121.2,0.0058,0.419,0.29454024
1554788192343,15.46,121.2,0.0058,0.419,0.29454024
1554788192390,15.507,121.2,0.0058,0.419,0.29454024
1554788192436,15.553,121.2,0.0058,0.419,0.29454024
1554788192498,15.615,121.2,0.00576,0.42,0.29320704
1554788192544,15.661,121.2,0.00576,0.42,0.29320704
1554788192590,15.707,121.2,0.00576,0.42,0.29320704
1554788192637,15.754,121.2,0.00576,0.42,0.29320704
1554788192698,15.815,121.2,0.00579,0.423,0.296839404
1554788192744,15.861,121.2,0.00579,0.423,0.296839404
1554788192790,15.907,121.2,0.00579,0.423,0.296839404
1554788192836,15.953,121.2,0.00579,0.423,0.296839404
1554788192897,16.014,121.2,0.00579,0.423,0.296839404
1554788192943,16.06,121.2,0.00579,0.423,0.296839404
1554788192989,16.106,121.2,0.00579,0.423,0.296839404
1554788193035,16.152,121.2,0.00579,0.423,0.296839404
1554788193098,16.215,121.3,0.00584,0.424,0.300358208
1554788193144,16.261,121.3,0.00584,0.424,0.300358208
1554788193190,16.307,121.3,0.00584,0.424,0.300358208
1554788193236,16.353,121.3,0.00584,0.424,0.300358208
1554788193297,16.414,121.3,0.00581,0.422,0.297405766
1554788193343,16.46,121.3,0.00581,0.422,0.297405766
1554788193389,16.506,121.3,0.00581,0.422,0.297405766
1554788193435,16.552,121.3,0.00581,0.422,0.297405766
1554788193498,16.615,121.2,0.0058,0.421,0.29594616
1554788193544,16.661,121.2,0.0058,0.421,0.29594616
1554788193590,16.707,121.2,0.0058,0.421,0.29594616
1554788193636,16.753,121.2,0.0058,0.421,0.29594616
1554788193697,16.814,121.2,0.00585,0.421,0.29849742
1554788193743,16.86,121.2,0.00585,0.421,0.29849742
1554788193789,16.906,121.2,0.00585,0.421,0.29849742
1554788193835,16.952,121.2,0.00585,0.421,0.29849742
1554788193898,17.015,121.2,0.00589,0.422,0.301252296
1554788193944,17.061,121.2,0.00589,0.422,0.301252296
1554788193990,17.107,121.2,0.00589,0.422,0.301252296
1554788194036,17.153,121.2,0.00589,0.422,0.301252296
1554788194097,17.214,121.2,0.00586,0.422,0.299717904
1554788194143,17.26,121.2,0.00586,0.422,0.299717904
1554788194189,17.306,121.2,0.00586,0.422,0.299717904
1554788194235,17.352,121.2,0.00586,0.422,0.299717904
1554788194298,17.415,121.2,0.00586,0.423,0.300428136
1554788194344,17.461,121.2,0.00586,0.423,0.300428136
1554788194390,17.507,121.2,0.00586,0.423,0.300428136
1554788194436,17.553,121.2,0.00586,0.423,0.300428136
1554788194498,17.615,121.2,0.00588,0.421,0.300028176
1554788194544,17.661,121.2,0.00588,0.421,0.300028176
1554788194590,17.707,121.2,0.00588,0.421,0.300028176
1554788194636,17.753,121.2,0.00588,0.421,0.300028176
1554788194697,17.814,121.1,0.00585,0.42,0.2975427
1554788194743,17.86,121.1,0.00585,0.42,0.2975427
1554788194789,17.906,121.1,0.00585,0.42,0.2975427
1554788194835,17.952,121.1,0.00585,0.42,0.2975427
1554788194898,18.015,121.1,0.00587,0.424,0.301403368
1554788194944,18.061,121.1,0.00587,0.424,0.301403368
1554788194990,18.107,121.1,0.00587,0.424,0.301403368
1554788195036,18.153,121.1,0.00587,0.424,0.301403368
1554788195097,18.214,121.2,0.00583,0.423,0.298890108
1554788195143,18.26,121.2,0.00583,0.423,0.298890108
1554788195189,18.306,121.2,0.00583,0.423,0.298890108
1554788195236,18.353,121.2,0.00583,0.423,0.298890108
1554788195297,18.414,121.1,0.00581,0.423,0.297618993
1554788195343,18.46,121.1,0.00581,0.423,0.297618993
1554788195388,18.505,121.1,0.00581,0.423,0.297618993
1554788195435,18.552,121.1,0.00581,0.423,0.297618993
1554788195497,18.614,121.1,0.00579,0.423,0.296594487
1554788195543,18.66,121.1,0.00579,0.423,0.296594487
1554788195589,18.706,121.1,0.00579,0.423,0.296594487
1554788195635,18.752,121.1,0.00579,0.423,0.296594487
1554788195697,18.814,121.1,0.00579,0.425,0.297996825
1554788195744,18.861,121.1,0.00579,0.425,0.297996825
1554788195790,18.907,121.1,0.00579,0.425,0.297996825
1554788195836,18.953,121.1,0.00579,0.425,0.297996825
1554788195897,19.014,121.1,0.00582,0.423,0.298131246
1554788195943,19.06,121.1,0.00582,0.423,0.298131246
1554788195989,19.106,121.1,0.00582,0.423,0.298131246
1554788196035,19.152,121.1,0.00582,0.423,0.298131246
1554788196098,19.215,121.2,0.0058,0.423,0.29735208
1554788196144,19.261,121.2,0.0058,0.423,0.29735208
1554788196190,19.307,121.2,0.0058,0.423,0.29735208
1554788196236,19.353,121.2,0.0058,0.423,0.29735208
1554788196297,19.414,121.2,0.00577,0.422,0.295114728
1554788196343,19.46,121.2,0.00577,0.422,0.295114728
1554788196389,19.506,121.2,0.00577,0.422,0.295114728
1554788196435,19.552,121.2,0.00577,0.422,0.295114728
1554788196497,19.614,121.2,0.00575,0.423,0.2947887
1554788196544,19.661,121.2,0.00575,0.423,0.2947887
1554788196590,19.707,121.2,0.00575,0.423,0.2947887
1554788196636,19.753,121.2,0.00575,0.423,0.2947887
1554788196697,19.814,121.2,0.00578,0.422,0.295626192
1554788196743,19.86,121.2,0.00578,0.422,0.295626192
1554788196789,19.906,121.2,0.00578,0.422,0.295626192
1554788196835,19.952,121.2,0.00578,0.422,0.295626192
1554788196898,20.015,121.2,0.00583,0.421,0.297476916
1554788196944,20.061,121.2,0.00583,0.421,0.297476916
1554788196990,20.107,121.2,0.00583,0.421,0.297476916
1554788197036,20.153,121.2,0.00583,0.421,0.297476916
1554788197097,20.214,121.2,0.00586,0.421,0.299007672
1554788197144,20.261,121.2,0.00586,0.421,0.299007672
1554788197190,20.307,121.2,0.00586,0.421,0.299007672
1554788197236,20.353,121.2,0.00586,0.421,0.299007672
1554788197297,20.414,121.3,0.00579,0.424,0.297786648
1554788197343,20.46,121.3,0.00579,0.424,0.297786648
1554788197389,20.506,121.3,0.00579,0.424,0.297786648
1554788197435,20.552,121.3,0.00579,0.424,0.297786648
1554788197498,20.615,121.2,0.00579,0.425,0.2982429
1554788197544,20.661,121.2,0.00579,0.425,0.2982429
1554788197590,20.707,121.2,0.00579,0.425,0.2982429
1554788197636,20.753,121.2,0.00579,0.425,0.2982429
1554788197697,20.814,121.2,0.00581,0.424,0.298568928
1554788197743,20.86,121.2,0.00581,0.424,0.298568928
1554788197789,20.906,121.2,0.00581,0.424,0.298568928
1554788197835,20.952,121.2,0.00581,0.424,0.298568928
1554788197897,21.014,121.2,0.00584,0.423,0.299402784
1554788197943,21.06,121.2,0.00584,0.423,0.299402784
1554788197989,21.106,121.2,0.00584,0.423,0.299402784
1554788198035,21.152,121.2,0.00584,0.423,0.299402784
1554788198097,21.214,121.3,0.00586,0.423,0.300676014
1554788198144,21.261,121.3,0.00586,0.423,0.300676014
1554788198190,21.307,121.3,0.00586,0.423,0.300676014
1554788198236,21.353,121.3,0.00586,0.423,0.300676014
1554788198297,21.414,121.3,0.00587,0.421,0.299765051
1554788198343,21.46,121.3,0.00587,0.421,0.299765051
1554788198390,21.507,121.3,0.00587,0.421,0.299765051
1554788198436,21.553,121.3,0.00587,0.421,0.299765051
1554788198497,21.614,121.2,0.00587,0.421,0.299517924
1554788198543,21.66,121.2,0.00587,0.421,0.299517924
1554788198590,21.707,121.2,0.00587,0.421,0.299517924
1554788198636,21.753,121.2,0.00587,0.421,0.299517924
1554788198697,21.814,121.2,0.00587,0.421,0.299517924
1554788198743,21.861,121.2,0.00587,0.421,0.299517924
1554788198789,21.906,121.2,0.00587,0.421,0.299517924
1554788198835,21.952,121.2,0.00587,0.421,0.299517924
1554788198897,22.014,121.2,0.00583,0.422,0.298183512
1554788198942,22.059,121.2,0.00583,0.422,0.298183512
1554788198988,22.105,121.2,0.00583,0.422,0.298183512
1554788199035,22.152,121.2,0.00583,0.422,0.298183512
1554788199097,22.214,121.2,0.00587,0.421,0.299517924
1554788199143,22.26,121.2,0.00587,0.421,0.299517924
1554788199189,22.306,121.2,0.00587,0.421,0.299517924
1554788199235,22.352,121.2,0.00587,0.421,0.299517924
1554788199296,22.413,121.2,0.00588,0.417,0.297177552
1554788199342,22.459,121.2,0.00588,0.417,0.297177552
1554788199388,22.505,121.2,0.00588,0.417,0.297177552
1554788199435,22.552,121.2,0.00588,0.417,0.297177552
1554788199497,22.614,121.1,0.00582,0.42,0.29601684
1554788199543,22.66,121.1,0.00582,0.42,0.29601684
1554788199590,22.707,121.1,0.00582,0.42,0.29601684
1554788199636,22.753,121.1,0.00582,0.42,0.29601684
1554788199697,22.814,121.1,0.00579,0.421,0.295192149
1554788199743,22.86,121.1,0.00579,0.421,0.295192149
1554788199789,22.906,121.1,0.00579,0.421,0.295192149
1554788199835,22.952,121.1,0.00579,0.421,0.295192149
1554788199896,23.013,121.1,0.00582,0.422,0.297426444
1554788199942,23.059,121.1,0.00582,0.422,0.297426444
1554788199988,23.105,121.1,0.00582,0.422,0.297426444
1554788200034,23.152,121.1,0.00582,0.422,0.297426444
1554788200097,23.214,121.1,0.00577,0.424,0.296268728
1554788200143,23.26,121.1,0.00577,0.424,0.296268728
1554788200189,23.306,121.1,0.00577,0.424,0.296268728
1554788200235,23.353,121.1,0.00577,0.424,0.296268728
1554788200297,23.414,121.2,0.00578,0.422,0.295626192
1554788200342,23.459,121.2,0.00578,0.422,0.295626192
1554788200388,23.505,121.2,0.00578,0.422,0.295626192
1554788200434,23.551,121.2,0.00578,0.422,0.295626192
1554788200497,23.614,121.2,0.00575,0.423,0.2947887
1554788200543,23.66,121.2,0.00575,0.423,0.2947887
1554788200589,23.706,121.2,0.00575,0.423,0.2947887
1554788200635,23.752,121.2,0.00575,0.423,0.2947887
1554788200697,23.814,121.1,0.00579,0.421,0.295192149
1554788200743,23.86,121.1,0.00579,0.421,0.295192149
1554788200789,23.906,121.1,0.00579,0.421,0.295192149
1554788200835,23.952,121.1,0.00579,0.421,0.295192149
1554788200896,24.013,121.2,0.00579,0.424,0.297541152
1554788200942,24.059,121.2,0.00579,0.424,0.297541152
1554788200989,24.106,121.2,0.00579,0.424,0.297541152
1554788201035,24.152,121.2,0.00579,0.424,0.297541152
1554788201096,24.213,121.2,0.0058,0.423,0.29735208
1554788201142,24.259,121.2,0.0058,0.423,0.29735208
1554788201188,24.305,121.2,0.0058,0.423,0.29735208
1554788201234,24.351,121.2,0.0058,0.423,0.29735208
1554788201296,24.413,121.2,0.00578,0.425,0.2977278
1554788201342,24.459,121.2,0.00578,0.425,0.2977278
1554788201389,24.506,121.2,0.00578,0.425,0.2977278
1554788201435,24.552,121.2,0.00578,0.425,0.2977278
1554788201496,24.613,121.2,0.0058,0.424,0.29805504
1554788201542,24.659,121.2,0.0058,0.424,0.29805504
1554788201588,24.705,121.2,0.0058,0.424,0.29805504
1554788201634,24.751,121.2,0.0058,0.424,0.29805504
1554788201697,24.814,121.2,0.00581,0.421,0.296456412
1554788201743,24.86,121.2,0.00581,0.421,0.296456412
1554788201789,24.906,121.2,0.00581,0.421,0.296456412
1554788201835,24.952,121.2,0.00581,0.421,0.296456412
1554788201896,25.013,121.2,0.00583,0.422,0.298183512
1554788201942,25.059,121.2,0.00583,0.422,0.298183512
1554788201988,25.105,121.2,0.00583,0.422,0.298183512
1554788202034,25.151,121.2,0.00583,0.422,0.298183512
1554788202096,25.214,121.3,0.00582,0.427,0.301447482
1554788202143,25.26,121.3,0.00582,0.427,0.301447482
1554788202188,25.306,121.3,0.00582,0.427,0.301447482
1554788202235,25.352,121.3,0.00582,0.427,0.301447482
1554788202297,25.414,121.3,0.00583,0.425,0.300551075
1554788202343,25.46,121.3,0.00583,0.425,0.300551075
1554788202389,25.506,121.3,0.00583,0.425,0.300551075
1554788202435,25.552,121.3,0.00583,0.425,0.300551075
1554788202496,25.613,121.2,0.0058,0.423,0.29735208
1554788202542,25.66,121.2,0.0058,0.423,0.29735208
1554788202589,25.706,121.2,0.0058,0.423,0.29735208
1554788202635,25.752,121.2,0.0058,0.423,0.29735208
1554788202696,25.813,121.2,0.0058,0.424,0.29805504
1554788202742,25.859,121.2,0.0058,0.424,0.29805504
1554788202788,25.905,121.2,0.0058,0.424,0.29805504
1554788202834,25.951,121.2,0.0058,0.424,0.29805504
1554788202897,26.014,121.2,0.00582,0.424,0.299082816
1554788202943,26.06,121.2,0.00582,0.424,0.299082816
1554788202990,26.107,121.2,0.00582,0.424,0.299082816
1554788203036,26.153,121.2,0.00582,0.424,0.299082816
1554788203096,26.213,121.2,0.0058,0.423,0.29735208
1554788203142,26.259,121.2,0.0058,0.423,0.29735208
1554788203188,26.305,121.2,0.0058,0.423,0.29735208
1554788203234,26.351,121.2,0.0058,0.423,0.29735208
1554788203296,26.413,121.2,0.0058,0.423,0.29735208
1554788203342,26.459,121.2,0.0058,0.423,0.29735208
1554788203388,26.505,121.2,0.0058,0.423,0.29735208
1554788203434,26.551,121.2,0.0058,0.423,0.29735208
1554788203497,26.614,121.2,0.00575,0.422,0.2940918
1554788203543,26.66,121.2,0.00575,0.422,0.2940918
1554788203589,26.706,121.2,0.00575,0.422,0.2940918
1554788203635,26.752,121.2,0.00575,0.422,0.2940918
1554788203696,26.813,121.1,0.00575,0.423,0.294545475
1554788203742,26.859,121.1,0.00575,0.423,0.294545475
1554788203788,26.905,121.1,0.00575,0.423,0.294545475
1554788203834,26.951,121.1,0.00575,0.423,0.294545475
1554788203897,27.014,121.1,0.0058,0.419,0.29429722
1554788203943,27.06,121.1,0.0058,0.419,0.29429722
1554788203989,27.106,121.1,0.0058,0.419,0.29429722
1554788204035,27.152,121.1,0.0058,0.419,0.29429722
1554788204096,27.213,121.1,0.00583,0.419,0.295819447
1554788204142,27.259,121.1,0.00583,0.419,0.295819447
1554788204189,27.306,121.1,0.00583,0.419,0.295819447
1554788204235,27.352,121.1,0.00583,0.419,0.295819447
1554788204296,27.413,121.1,0.00578,0.422,0.295382276
1554788204342,27.459,121.1,0.00578,0.422,0.295382276
1554788204388,27.505,121.1,0.00578,0.422,0.295382276
1554788204434,27.551,121.1,0.00578,0.422,0.295382276
1554788204496,27.613,121.1,0.00573,0.422,0.292827066
1554788204543,27.66,121.1,0.00573,0.422,0.292827066
1554788204589,27.706,121.1,0.00573,0.422,0.292827066
1554788204635,27.752,121.1,0.00573,0.422,0.292827066
1554788204696,27.813,121.1,0.00578,0.42,0.29398236
1554788204742,27.859,121.1,0.00578,0.42,0.29398236
1554788204788,27.905,121.1,0.00578,0.42,0.29398236
1554788204834,27.951,121.1,0.00578,0.42,0.29398236
1554788204896,28.013,121.1,0.00581,0.422,0.296915402
1554788204942,28.059,121.1,0.00581,0.422,0.296915402
1554788204988,28.105,121.1,0.00581,0.422,0.296915402
1554788205034,28.151,121.1,0.00581,0.422,0.296915402
1554788205096,28.213,121.1,0.00582,0.422,0.297426444
1554788205142,28.26,121.1,0.00582,0.422,0.297426444
1554788205189,28.306,121.1,0.00582,0.422,0.297426444
1554788205234,28.352,121.1,0.00582,0.422,0.297426444
1554788205297,28.414,121.2,0.00584,0.419,0.296571552
1554788205343,28.46,121.2,0.00584,0.419,0.296571552
1554788205389,28.506,121.2,0.00584,0.419,0.296571552
1554788205435,28.552,121.2,0.00584,0.419,0.296571552
1554788205496,28.613,121.2,0.00582,0.421,0.296966664
1554788205542,28.659,121.2,0.00582,0.421,0.296966664
1554788205588,28.705,121.2,0.00582,0.421,0.296966664
1554788205634,28.752,121.2,0.00582,0.421,0.296966664
1554788205696,28.813,121.2,0.0058,0.421,0.29594616
1554788205742,28.859,121.2,0.0058,0.421,0.29594616
1554788205788,28.905,121.2,0.0058,0.421,0.29594616
1554788205834,28.951,121.2,0.0058,0.421,0.29594616
1554788205896,29.013,121.2,0.00587,0.42,0.29880648
1554788205942,29.059,121.2,0.00587,0.42,0.29880648
1554788205988,29.105,121.2,0.00587,0.42,0.29880648
1554788206034,29.151,121.2,0.00587,0.42,0.29880648
1554788206096,29.213,121.2,0.00586,0.423,0.300428136
1554788206141,29.258,121.2,0.00586,0.423,0.300428136
1554788206187,29.305,121.2,0.00586,0.423,0.300428136
1554788206234,29.351,121.2,0.00586,0.423,0.300428136
1554788206296,29.413,121.2,0.00587,0.424,0.301652256
1554788206342,29.459,121.2,0.00587,0.424,0.301652256
1554788206388,29.505,121.2,0.00587,0.424,0.301652256
1554788206434,29.551,121.2,0.00587,0.424,0.301652256
1554788206496,29.614,121.2,0.0059,0.416,0.29747328
1554788206543,29.66,121.2,0.0059,0.416,0.29747328
1554788206589,29.706,121.2,0.0059,0.416,0.29747328
1554788206635,29.752,121.2,0.0059,0.416,0.29747328
1554788206696,29.813,121.2,0.00586,0.418,0.296876976
1554788206742,29.859,121.2,0.00586,0.418,0.296876976
1554788206788,29.905,121.2,0.00586,0.418,0.296876976
1554788206834,29.951,121.2,0.00586,0.418,0.296876976
1554788206895,30.012,121.2,0.0058,0.421,0.29594616
1554788206941,30.058,121.2,0.0058,0.421,0.29594616
1554788206987,30.104,121.2,0.0058,0.421,0.29594616
1554788207033,30.15,121.2,0.0058,0.421,0.29594616
1554788207096,30.213,121.2,0.00583,0.421,0.297476916
1554788207142,30.259,121.2,0.00583,0.421,0.297476916
1554788207188,30.305,121.2,0.00583,0.421,0.297476916
1554788207234,30.351,121.2,0.00583,0.421,0.297476916
1554788207296,30.413,121.2,0.00579,0.423,0.296839404
1554788207342,30.459,121.2,0.00579,0.423,0.296839404
1554788207388,30.505,121.2,0.00579,0.423,0.296839404
1554788207435,30.552,121.2,0.00579,0.423,0.296839404
1554788207496,30.613,121.2,0.00578,0.421,0.294925656
1554788207542,30.659,121.2,0.00578,0.421,0.294925656
1554788207588,30.705,121.2,0.00578,0.421,0.294925656
1554788207634,30.751,121.2,0.00578,0.421,0.294925656
1554788207696,30.813,121.2,0.00578,0.421,0.294925656
1554788207742,30.859,121.2,0.00578,0.421,0.294925656
1554788207789,30.906,121.2,0.00578,0.421,0.294925656
1554788207835,30.952,121.2,0.00578,0.421,0.294925656
1554788207896,31.013,121.1,0.00575,0.422,0.29384915
1554788207942,31.059,121.1,0.00575,0.422,0.29384915
1554788207988,31.105,121.1,0.00575,0.422,0.29384915
1554788208034,31.151,121.1,0.00575,0.422,0.29384915
1554788208096,31.213,121.1,0.00579,0.422,0.295893318
1554788208142,31.259,121.1,0.00579,0.422,0.295893318
1554788208188,31.305,121.1,0.00579,0.422,0.295893318
1554788208234,31.351,121.1,0.00579,0.422,0.295893318
1554788208296,31.413,121.1,0.00579,0.419,0.293789811
1554788208342,31.459,121.1,0.00579,0.419,0.293789811
1554788208388,31.505,121.1,0.00579,0.419,0.293789811
1554788208435,31.552,121.1,0.00579,0.419,0.293789811
1554788208496,31.613,121.1,0.00577,0.419,0.292774993
1554788208542,31.659,121.1,0.00577,0.419,0.292774993
1554788208588,31.705,121.1,0.00577,0.419,0.292774993
1554788208634,31.751,121.1,0.00577,0.419,0.292774993
1554788208696,31.813,121.1,0.00577,0.42,0.29347374
1554788208742,31.859,121.1,0.00577,0.42,0.29347374
1554788208789,31.906,121.1,0.00577,0.42,0.29347374
1554788208835,31.952,121.1,0.00577,0.42,0.29347374
1554788208896,32.013,121.1,0.00584,0.419,0.296326856
1554788208942,32.059,121.1,0.00584,0.419,0.296326856
1554788208988,32.105,121.1,0.00584,0.419,0.296326856
1554788209034,32.151,121.1,0.00584,0.419,0.296326856
1554788209095,32.212,121.1,0.00591,0.416,0.297731616
1554788209141,32.258,121.1,0.00591,0.416,0.297731616
1554788209187,32.304,121.1,0.00591,0.416,0.297731616
1554788209233,32.35,121.1,0.00591,0.416,0.297731616
1554788209296,32.413,121.1,0.00584,0.418,0.295619632
1554788209342,32.459,121.1,0.00584,0.418,0.295619632
1554788209388,32.505,121.1,0.00584,0.418,0.295619632
1554788209434,32.551,121.1,0.00584,0.418,0.295619632
1554788209495,32.612,121.1,0.0058,0.421,0.29570198
1554788209541,32.658,121.1,0.0058,0.421,0.29570198
1554788209587,32.704,121.1,0.0058,0.421,0.29570198
1554788209633,32.75,121.1,0.0058,0.421,0.29570198
1554788209695,32.812,121.1,0.00582,0.419,0.295312038
1554788209741,32.858,121.1,0.00582,0.419,0.295312038
1554788209787,32.905,121.1,0.00582,0.419,0.295312038
1554788209834,32.951,121.1,0.00582,0.419,0.295312038
1554788209896,33.013,121.1,0.00585,0.421,0.298251135
1554788209942,33.059,121.1,0.00585,0.421,0.298251135
1554788209989,33.106,121.1,0.00585,0.421,0.298251135
1554788210035,33.152,121.1,0.00585,0.421,0.298251135
1554788210096,33.213,121.2,0.00586,0.422,0.299717904
1554788210142,33.259,121.2,0.00586,0.422,0.299717904
1554788210188,33.305,121.2,0.00586,0.422,0.299717904
1554788210234,33.351,121.2,0.00586,0.422,0.299717904
1554788210295,33.412,121.2,0.00585,0.42,0.2977884
1554788210341,33.458,121.2,0.00585,0.42,0.2977884
1554788210388,33.505,121.2,0.00585,0.42,0.2977884
1554788210434,33.551,121.2,0.00585,0.42,0.2977884
1554788210496,33.613,121.2,0.00584,0.421,0.297987168
1554788210542,33.659,121.2,0.00584,0.421,0.297987168
1554788210588,33.705,121.2,0.00584,0.421,0.297987168
1554788210634,33.751,121.2,0.00584,0.421,0.297987168
1554788210695,33.812,121.2,0.00585,0.418,0.29637036
1554788210741,33.858,121.2,0.00585,0.418,0.29637036
1554788210787,33.904,121.2,0.00585,0.418,0.29637036
1554788210834,33.951,121.2,0.00585,0.418,0.29637036
1554788210896,34.013,121.2,0.00587,0.422,0.300229368
1554788210942,34.059,121.2,0.00587,0.422,0.300229368
1554788210988,34.105,121.2,0.00587,0.422,0.300229368
1554788211034,34.151,121.2,0.00587,0.422,0.300229368
1554788211095,34.212,121.2,0.00586,0.417,0.296166744
1554788211141,34.258,121.2,0.00586,0.417,0.296166744
1554788211187,34.304,121.2,0.00586,0.417,0.296166744
1554788211233,34.35,121.2,0.00586,0.417,0.296166744
1554788211295,34.412,121.2,0.00587,0.416,0.295960704
1554788211341,34.458,121.2,0.00587,0.416,0.295960704
1554788211387,34.504,121.2,0.00587,0.416,0.295960704
1554788211433,34.55,121.2,0.00587,0.416,0.295960704
1554788211496,34.613,121.2,0.00582,0.416,0.293439744
1554788211542,34.659,121.2,0.00582,0.416,0.293439744
1554788211588,34.705,121.2,0.00582,0.416,0.293439744
1554788211634,34.751,121.2,0.00582,0.416,0.293439744
1554788211695,34.812,121.1,0.00578,0.419,0.293282402
1554788211741,34.858,121.1,0.00578,0.419,0.293282402
1554788211787,34.904,121.1,0.00578,0.419,0.293282402
1554788211834,34.951,121.1,0.00578,0.419,0.293282402
1554788211896,35.013,121.1,0.0058,0.421,0.29570198
1554788211942,35.059,121.1,0.0058,0.421,0.29570198
1554788211988,35.105,121.1,0.0058,0.421,0.29570198
1554788212035,35.152,121.1,0.0058,0.421,0.29570198
1554788212096,35.213,121.1,0.00576,0.419,0.292267584
1554788212142,35.259,121.1,0.00576,0.419,0.292267584
1554788212188,35.305,121.1,0.00576,0.419,0.292267584
1554788212234,35.351,121.1,0.00576,0.419,0.292267584
1554788212295,35.412,121.1,0.00577,0.419,0.292774993
1554788212341,35.458,121.1,0.00577,0.419,0.292774993
1554788212388,35.505,121.1,0.00577,0.419,0.292774993
1554788212434,35.551,121.1,0.00577,0.419,0.292774993
1554788212495,35.612,121.1,0.00574,0.421,0.292642994
1554788212541,35.658,121.1,0.00574,0.421,0.292642994
1554788212587,35.704,121.1,0.00574,0.421,0.292642994
1554788212633,35.75,121.1,0.00574,0.421,0.292642994
1554788212695,35.812,121.1,0.00573,0.422,0.292827066
1554788212741,35.858,121.1,0.00573,0.422,0.292827066
1554788212787,35.904,121.1,0.00573,0.422,0.292827066
1554788212834,35.951,121.1,0.00573,0.422,0.292827066
1554788212895,36.012,121.1,0.00575,0.423,0.294545475
1554788212941,36.058,121.1,0.00575,0.423,0.294545475
1554788212987,36.104,121.1,0.00575,0.423,0.294545475
1554788213033,36.15,121.1,0.00575,0.423,0.294545475
1554788213095,36.212,121.1,0.00579,0.42,0.29449098
1554788213142,36.259,121.1,0.00579,0.42,0.29449098
1554788213188,36.305,121.1,0.00579,0.42,0.29449098
1554788213234,36.351,121.1,0.00579,0.42,0.29449098
1554788213295,36.412,121.1,0.00582,0.419,0.295312038
1554788213341,36.458,121.1,0.00582,0.419,0.295312038
1554788213387,36.504,121.1,0.00582,0.419,0.295312038
1554788213433,36.55,121.1,0.00582,0.419,0.295312038
1554788213496,36.613,121.1,0.00582,0.421,0.296721642
1554788213542,36.659,121.1,0.00582,0.421,0.296721642
1554788213588,36.705,121.1,0.00582,0.421,0.296721642
1554788213634,36.751,121.1,0.00582,0.421,0.296721642
1554788213695,36.812,121.1,0.00586,0.418,0.296632028
1554788213741,36.858,121.1,0.00586,0.418,0.296632028
1554788213787,36.904,121.1,0.00586,0.418,0.296632028
1554788213834,36.951,121.1,0.00586,0.418,0.296632028
1554788213895,37.012,121.1,0.00586,0.418,0.296632028
1554788213941,37.058,121.1,0.00586,0.418,0.296632028
1554788213987,37.104,121.1,0.00586,0.418,0.296632028
1554788214033,37.15,121.1,0.00586,0.418,0.296632028
1554788214095,37.212,121.2,0.00584,0.422,0.298694976
1554788214142,37.259,121.2,0.00584,0.422,0.298694976
1554788214188,37.305,121.2,0.00584,0.422,0.298694976
1554788214234,37.351,121.2,0.00584,0.422,0.298694976
1554788214295,37.412,121.2,0.00584,0.421,0.297987168
1554788214341,37.458,121.2,0.00584,0.421,0.297987168
1554788214387,37.504,121.2,0.00584,0.421,0.297987168
1554788214433,37.55,121.2,0.00584,0.421,0.297987168
1554788214495,37.612,121.2,0.00579,0.423,0.296839404
1554788214541,37.658,121.2,0.00579,0.423,0.296839404
1554788214587,37.704,121.2,0.00579,0.423,0.296839404
1554788214633,37.75,121.2,0.00579,0.423,0.296839404
1554788214695,37.812,121.2,0.00581,0.421,0.296456412
1554788214740,37.857,121.2,0.00581,0.421,0.296456412
1554788214787,37.904,121.2,0.00581,0.421,0.296456412
1554788214833,37.95,121.2,0.00581,0.421,0.296456412
1554788214895,38.012,121.2,0.0058,0.422,0.29664912
1554788214942,38.059,121.2,0.0058,0.422,0.29664912
1554788214988,38.105,121.2,0.0058,0.422,0.29664912
1554788215034,38.151,121.2,0.0058,0.422,0.29664912
1554788215095,38.212,121.2,0.00581,0.422,0.297160584
1554788215141,38.258,121.2,0.00581,0.422,0.297160584
1554788215187,38.304,121.2,0.00581,0.422,0.297160584
1554788215233,38.35,121.2,0.00581,0.422,0.297160584
1554788215295,38.412,121.2,0.00576,0.423,0.295301376
1554788215341,38.458,121.2,0.00576,0.423,0.295301376
1554788215388,38.505,121.2,0.00576,0.423,0.295301376
1554788215434,38.551,121.2,0.00576,0.423,0.295301376
1554788215495,38.612,121.2,0.00577,0.42,0.29371608
1554788215541,38.658,121.2,0.00577,0.42,0.29371608
1554788215587,38.704,121.2,0.00577,0.42,0.29371608
1554788215633,38.75,121.2,0.00577,0.42,0.29371608
1554788215695,38.812,121.2,0.00576,0.423,0.295301376
1554788215741,38.858,121.2,0.00576,0.423,0.295301376
1554788215787,38.904,121.2,0.00576,0.423,0.295301376
1554788215833,38.951,121.2,0.00576,0.423,0.295301376
1554788215895,39.012,121.2,0.00572,0.422,0.292557408
1554788215940,39.057,121.2,0.00572,0.422,0.292557408
1554788215986,39.103,121.2,0.00572,0.422,0.292557408
1554788216033,39.15,121.2,0.00572,0.422,0.292557408
1554788216095,39.212,121.1,0.00581,0.417,0.293397447
1554788216141,39.258,121.1,0.00581,0.417,0.293397447
1554788216187,39.304,121.1,0.00581,0.417,0.293397447
1554788216233,39.35,121.1,0.00581,0.417,0.293397447
1554788216295,39.412,121.1,0.00577,0.419,0.292774993
1554788216341,39.458,121.1,0.00577,0.419,0.292774993
1554788216388,39.505,121.1,0.00577,0.419,0.292774993
1554788216434,39.551,121.1,0.00577,0.419,0.292774993
1554788216495,39.612,121.1,0.00571,0.421,0.291113501
1554788216541,39.658,121.1,0.00571,0.421,0.291113501
1554788216587,39.704,121.1,0.00571,0.421,0.291113501
1554788216633,39.75,121.1,0.00571,0.421,0.291113501
1554788216695,39.812,121.1,0.00571,0.423,0.292496463
1554788216741,39.859,121.1,0.00571,0.423,0.292496463
1554788216788,39.905,121.1,0.00571,0.423,0.292496463
1554788216834,39.951,121.1,0.00571,0.423,0.292496463
1554788216895,40.012,121.0,0.00574,0.419,0.29101226
1554788216941,40.058,121.0,0.00574,0.419,0.29101226
1554788216987,40.104,121.0,0.00574,0.419,0.29101226
1554788217033,40.15,121.0,0.00574,0.419,0.29101226
1554788217094,40.211,121.1,0.0058,0.421,0.29570198
1554788217141,40.258,121.1,0.0058,0.421,0.29570198
1554788217187,40.304,121.1,0.0058,0.421,0.29570198
1554788217233,40.35,121.1,0.0058,0.421,0.29570198
1554788217295,40.412,121.1,0.00579,0.421,0.295192149
1554788217341,40.458,121.1,0.00579,0.421,0.295192149
1554788217388,40.505,121.1,0.00579,0.421,0.295192149
1554788217434,40.551,121.1,0.00579,0.421,0.295192149
1554788217495,40.612,121.1,0.00579,0.422,0.295893318
1554788217541,40.658,121.1,0.00579,0.422,0.295893318
1554788217587,40.704,121.1,0.00579,0.422,0.295893318
1554788217633,40.75,121.1,0.00579,0.422,0.295893318
1554788217694,40.811,121.1,0.00579,0.421,0.295192149
1554788217740,40.858,121.1,0.00579,0.421,0.295192149
1554788217787,40.904,121.1,0.00579,0.421,0.295192149
1554788217833,40.95,121.1,0.00579,0.421,0.295192149
1554788217895,41.012,121.1,0.00582,0.421,0.296721642
1554788217941,41.058,121.1,0.00582,0.421,0.296721642
1554788217987,41.105,121.1,0.00582,0.421,0.296721642
1554788218034,41.151,121.1,0.00582,0.421,0.296721642
1554788218095,41.212,121.1,0.00584,0.42,0.29703408
1554788218141,41.258,121.1,0.00584,0.42,0.29703408
1554788218187,41.304,121.1,0.00584,0.42,0.29703408
1554788218233,41.35,121.1,0.00584,0.42,0.29703408
1554788218294,41.411,121.2,0.00587,0.422,0.300229368
1554788218340,41.457,121.2,0.00587,0.422,0.300229368
1554788218386,41.503,121.2,0.00587,0.422,0.300229368
1554788218432,41.55,121.2,0.00587,0.422,0.300229368
1554788218495,41.612,121.2,0.00586,0.417,0.296166744
1554788218541,41.658,121.2,0.00586,0.417,0.296166744
1554788218587,41.704,121.2,0.00586,0.417,0.296166744
1554788218634,41.751,121.2,0.00586,0.417,0.296166744
1554788218695,41.812,121.2,0.00582,0.42,0.29626128
1554788218741,41.858,121.2,0.00582,0.42,0.29626128
1554788218787,41.904,121.2,0.00582,0.42,0.29626128
1554788218833,41.95,121.2,0.00582,0.42,0.29626128
1554788218894,42.011,121.2,0.0058,0.421,0.29594616
1554788218940,42.057,121.2,0.0058,0.421,0.29594616
1554788218986,42.103,121.2,0.0058,0.421,0.29594616
1554788219032,42.149,121.2,0.0058,0.421,0.29594616
1554788219095,42.212,121.2,0.00581,0.421,0.296456412
1554788219141,42.258,121.2,0.00581,0.421,0.296456412
1554788219187,42.304,121.2,0.00581,0.421,0.296456412
1554788219233,42.35,121.2,0.00581,0.421,0.296456412
1554788219294,42.411,121.2,0.00581,0.419,0.295048068
1554788219340,42.457,121.2,0.00581,0.419,0.295048068
1554788219386,42.503,121.2,0.00581,0.419,0.295048068
1554788219432,42.549,121.2,0.00581,0.419,0.295048068
1554788219495,42.612,121.3,0.00579,0.42,0.29497734
1554788219541,42.658,121.3,0.00579,0.42,0.29497734
1554788219587,42.704,121.3,0.00579,0.42,0.29497734
1554788219633,42.75,121.3,0.00579,0.42,0.29497734
1554788219694,42.811,121.3,0.00573,0.422,0.293310678
1554788219740,42.857,121.3,0.00573,0.422,0.293310678
1554788219786,42.903,121.3,0.00573,0.422,0.293310678
1554788219832,42.949,121.3,0.00573,0.422,0.293310678
1554788219895,43.012,121.2,0.00572,0.424,0.293943936
1554788219941,43.058,121.2,0.00572,0.424,0.293943936
1554788219987,43.104,121.2,0.00572,0.424,0.293943936
1554788220033,43.15,121.2,0.00572,0.424,0.293943936
1554788220094,43.211,121.2,0.00575,0.421,0.2933949
1554788220140,43.258,121.2,0.00575,0.421,0.2933949
1554788220186,43.304,121.2,0.00575,0.421,0.2933949
1554788220233,43.35,121.2,0.00575,0.421,0.2933949
1554788220295,43.412,121.2,0.00575,0.418,0.2913042
1554788220341,43.458,121.2,0.00575,0.418,0.2913042
1554788220387,43.505,121.2,0.00575,0.418,0.2913042
1554788220434,43.551,121.2,0.00575,0.418,0.2913042
1554788220495,43.612,121.2,0.00571,0.422,0.292045944
1554788220541,43.658,121.2,0.00571,0.422,0.292045944
1554788220587,43.704,121.2,0.00571,0.422,0.292045944
1554788220633,43.75,121.2,0.00571,0.422,0.292045944
1554788220694,43.811,121.2,0.00575,0.419,0.2920011
1554788220740,43.858,121.2,0.00575,0.419,0.2920011
1554788220787,43.904,121.2,0.00575,0.419,0.2920011
1554788220833,43.95,121.2,0.00575,0.419,0.2920011
1554788220894,44.011,121.1,0.00579,0.415,0.290985135
1554788220940,44.057,121.1,0.00579,0.415,0.290985135
1554788220986,44.103,121.1,0.00579,0.415,0.290985135
1554788221032,44.149,121.1,0.00579,0.415,0.290985135
1554788221094,44.211,121.1,0.0058,0.419,0.29429722
1554788221141,44.258,121.1,0.0058,0.419,0.29429722
1554788221187,44.304,121.1,0.0058,0.419,0.29429722
1554788221233,44.35,121.1,0.0058,0.419,0.29429722
1554788221294,44.411,121.1,0.00579,0.422,0.295893318
1554788221340,44.457,121.1,0.00579,0.422,0.295893318
1554788221386,44.503,121.1,0.00579,0.422,0.295893318
1554788221432,44.549,121.1,0.00579,0.422,0.295893318
1554788221494,44.611,121.2,0.0058,0.418,0.29383728
1554788221540,44.657,121.2,0.0058,0.418,0.29383728
1554788221586,44.703,121.2,0.0058,0.418,0.29383728
1554788221632,44.749,121.2,0.0058,0.418,0.29383728
1554788221694,44.812,121.2,0.00584,0.419,0.296571552
1554788221741,44.858,121.2,0.00584,0.419,0.296571552
1554788221787,44.904,121.2,0.00584,0.419,0.296571552
1554788221833,44.95,121.2,0.00584,0.419,0.296571552
1554788221894,45.011,121.1,0.00582,0.419,0.295312038
1554788221940,45.057,121.1,0.00582,0.419,0.295312038
1554788221986,45.103,121.1,0.00582,0.419,0.295312038
1554788222032,45.149,121.1,0.00582,0.419,0.295312038
1554788222094,45.212,121.2,0.00584,0.421,0.297987168
1554788222141,45.258,121.2,0.00584,0.421,0.297987168
1554788222187,45.304,121.2,0.00584,0.421,0.297987168
1554788222233,45.35,121.2,0.00584,0.421,0.297987168
1554788222294,45.411,121.2,0.00584,0.421,0.297987168
1554788222340,45.457,121.2,0.00584,0.421,0.297987168
1554788222386,45.503,121.2,0.00584,0.421,0.297987168
1554788222432,45.549,121.2,0.00584,0.421,0.297987168
1554788222494,45.611,121.2,0.00584,0.419,0.296571552
1554788222539,45.656,121.2,0.00584,0.419,0.296571552
1554788222585,45.703,121.2,0.00584,0.419,0.296571552
1554788222632,45.749,121.2,0.00584,0.419,0.296571552
1554788222694,45.811,121.2,0.00579,0.419,0.294032412
1554788222740,45.857,121.2,0.00579,0.419,0.294032412
1554788222786,45.903,121.2,0.00579,0.419,0.294032412
1554788222832,45.949,121.2,0.00579,0.419,0.294032412
1554788222895,46.012,121.2,0.0058,0.42,0.2952432
1554788222941,46.058,121.2,0.0058,0.42,0.2952432
1554788222987,46.104,121.2,0.0058,0.42,0.2952432
1554788223033,46.15,121.2,0.0058,0.42,0.2952432
1554788223094,46.211,121.2,0.00585,0.419,0.29707938
1554788223141,46.258,121.2,0.00585,0.419,0.29707938
1554788223187,46.304,121.2,0.00585,0.419,0.29707938
1554788223233,46.35,121.2,0.00585,0.419,0.29707938
1554788223294,46.411,121.3,0.00585,0.418,0.29661489
1554788223340,46.457,121.3,0.00585,0.418,0.29661489
1554788223386,46.503,121.3,0.00585,0.418,0.29661489
1554788223432,46.549,121.3,0.00585,0.418,0.29661489
1554788223494,46.611,121.3,0.00581,0.417,0.293882001
1554788223539,46.656,121.3,0.00581,0.417,0.293882001
1554788223585,46.703,121.3,0.00581,0.417,0.293882001
1554788223632,46.749,121.3,0.00581,0.417,0.293882001
1554788223694,46.811,121.3,0.00575,0.421,0.293636975
1554788223740,46.857,121.3,0.00575,0.421,0.293636975
1554788223786,46.903,121.3,0.00575,0.421,0.293636975
1554788223832,46.949,121.3,0.00575,0.421,0.293636975
1554788223895,47.012,121.2,0.00575,0.419,0.2920011
1554788223941,47.058,121.2,0.00575,0.419,0.2920011
1554788223987,47.104,121.2,0.00575,0.419,0.2920011
1554788224033,47.15,121.2,0.00575,0.419,0.2920011
1554788224094,47.211,121.2,0.00575,0.421,0.2933949
1554788224140,47.257,121.2,0.00575,0.421,0.2933949
1554788224186,47.303,121.2,0.00575,0.421,0.2933949
1554788224233,47.35,121.2,0.00575,0.421,0.2933949
1554788224294,47.411,121.3,0.00573,0.421,0.292615629
1554788224340,47.457,121.3,0.00573,0.421,0.292615629
1554788224386,47.503,121.3,0.00573,0.421,0.292615629
1554788224432,47.549,121.3,0.00573,0.421,0.292615629
1554788224494,47.611,121.3,0.00572,0.421,0.292104956
1554788224541,47.658,121.3,0.00572,0.421,0.292104956
1554788224587,47.704,121.3,0.00572,0.421,0.292104956
1554788224633,47.75,121.3,0.00572,0.421,0.292104956
1554788224694,47.811,121.3,0.00572,0.421,0.292104956
1554788224740,47.857,121.3,0.00572,0.421,0.292104956
1554788224786,47.903,121.3,0.00572,0.421,0.292104956
1554788224832,47.949,121.3,0.00572,0.421,0.292104956
1554788224894,48.011,121.2,0.00573,0.419,0.290985444
1554788224939,48.056,121.2,0.00573,0.419,0.290985444
1554788224985,48.102,121.2,0.00573,0.419,0.290985444
1554788225032,48.149,121.2,0.00573,0.419,0.290985444
1554788225094,48.211,121.2,0.00575,0.421,0.2933949
1554788225140,48.257,121.2,0.00575,0.421,0.2933949
1554788225186,48.303,121.2,0.00575,0.421,0.2933949
1554788225232,48.349,121.2,0.00575,0.421,0.2933949
1554788225293,48.411,121.2,0.00578,0.422,0.295626192
1554788225339,48.456,121.2,0.00578,0.422,0.295626192
1554788225386,48.503,121.2,0.00578,0.422,0.295626192
1554788225432,48.549,121.2,0.00578,0.422,0.295626192
1554788225494,48.611,121.2,0.00579,0.421,0.295435908
1554788225540,48.657,121.2,0.00579,0.421,0.295435908
1554788225586,48.703,121.2,0.00579,0.421,0.295435908
1554788225632,48.749,121.2,0.00579,0.421,0.295435908
1554788225694,48.811,121.2,0.0058,0.418,0.29383728
1554788225740,48.857,121.2,0.0058,0.418,0.29383728
1554788225786,48.903,121.2,0.0058,0.418,0.29383728
1554788225832,48.949,121.2,0.0058,0.418,0.29383728
1554788225894,49.011,121.2,0.00576,0.422,0.294603264
1554788225940,49.057,121.2,0.00576,0.422,0.294603264
1554788225986,49.103,121.2,0.00576,0.422,0.294603264
1554788226032,49.149,121.2,0.00576,0.422,0.294603264
1554788226094,49.211,121.1,0.00579,0.423,0.296594487
1554788226140,49.257,121.1,0.00579,0.423,0.296594487
1554788226186,49.303,121.1,0.00579,0.423,0.296594487
1554788226232,49.349,121.1,0.00579,0.423,0.296594487
1554788226294,49.411,121.2,0.00579,0.423,0.296839404
1554788226340,49.457,121.2,0.00579,0.423,0.296839404
1554788226387,49.504,121.2,0.00579,0.423,0.296839404
1554788226433,49.55,121.2,0.00579,0.423,0.296839404
1554788226494,49.611,121.2,0.0058,0.422,0.29664912
1554788226540,49.657,121.2,0.0058,0.422,0.29664912
1554788226586,49.703,121.2,0.0058,0.422,0.29664912
1554788226632,49.749,121.2,0.0058,0.422,0.29664912
1554788226694,49.811,121.2,0.00579,0.423,0.296839404
1554788226740,49.857,121.2,0.00579,0.423,0.296839404
1554788226787,49.904,121.2,0.00579,0.423,0.296839404
1554788226833,49.95,121.2,0.00579,0.423,0.296839404
1554788226894,50.011,121.2,0.00579,0.422,0.296137656
1554788226940,50.057,121.2,0.00579,0.422,0.296137656
1554788226986,50.103,121.2,0.00579,0.422,0.296137656
1554788227033,50.15,121.2,0.00579,0.422,0.296137656
1554788227094,50.211,121.2,0.00583,0.418,0.295357128
1554788227140,50.257,121.2,0.00583,0.418,0.295357128
1554788227186,50.303,121.2,0.00583,0.418,0.295357128
1554788227232,50.349,121.2,0.00583,0.418,0.295357128
1554788227294,50.411,121.3,0.00581,0.42,0.29599626
1554788227340,50.457,121.3,0.00581,0.42,0.29599626
1554788227386,50.503,121.3,0.00581,0.42,0.29599626
1554788227432,50.549,121.3,0.00581,0.42,0.29599626
1554788227493,50.61,121.3,0.00578,0.42,0.29446788
1554788227540,50.657,121.3,0.00578,0.42,0.29446788
1554788227586,50.703,121.3,0.00578,0.42,0.29446788
1554788227632,50.749,121.3,0.00578,0.42,0.29446788
1554788227694,50.811,121.3,0.00575,0.423,0.295031925
1554788227740,50.857,121.3,0.00575,0.423,0.295031925
1554788227786,50.903,121.3,0.00575,0.423,0.295031925
1554788227833,50.95,121.3,0.00575,0.423,0.295031925
1554788227894,51.011,121.3,0.00574,0.42,0.29243004
1554788227940,51.057,121.3,0.00574,0.42,0.29243004
1554788227986,51.103,121.3,0.00574,0.42,0.29243004
1554788228032,51.149,121.3,0.00574,0.42,0.29243004
1554788228093,51.21,121.3,0.00578,0.416,0.291663424
1554788228139,51.256,121.3,0.00578,0.416,0.291663424
1554788228185,51.302,121.3,0.00578,0.416,0.291663424
1554788228231,51.348,121.3,0.00578,0.416,0.291663424
1554788228294,51.411,121.3,0.00575,0.419,0.292242025
1554788228340,51.457,121.3,0.00575,0.419,0.292242025
1554788228386,51.503,121.3,0.00575,0.419,0.292242025
1554788228432,51.549,121.3,0.00575,0.419,0.292242025
1554788228494,51.611,121.3,0.00572,0.42,0.29141112
1554788228540,51.657,121.3,0.00572,0.42,0.29141112
1554788228586,51.703,121.3,0.00572,0.42,0.29141112
1554788228632,51.749,121.3,0.00572,0.42,0.29141112
1554788228693,51.81,121.3,0.0057,0.422,0.29177502
1554788228739,51.856,121.3,0.0057,0.422,0.29177502
1554788228785,51.902,121.3,0.0057,0.422,0.29177502
1554788228831,51.948,121.3,0.0057,0.422,0.29177502
1554788228894,52.011,121.3,0.00572,0.421,0.292104956
1554788228940,52.057,121.3,0.00572,0.421,0.292104956
1554788228986,52.103,121.3,0.00572,0.421,0.292104956
1554788229033,52.15,121.3,0.00572,0.421,0.292104956
1554788229093,52.21,121.2,0.00574,0.42,0.29218896
1554788229139,52.256,121.2,0.00574,0.42,0.29218896
1554788229185,52.302,121.2,0.00574,0.42,0.29218896
1554788229231,52.348,121.2,0.00574,0.42,0.29218896
1554788229294,52.411,121.2,0.00579,0.42,0.29473416
1554788229340,52.457,121.2,0.00579,0.42,0.29473416
1554788229386,52.503,121.2,0.00579,0.42,0.29473416
1554788229432,52.549,121.2,0.00579,0.42,0.29473416
1554788229493,52.61,121.2,0.00578,0.419,0.293524584
1554788229539,52.656,121.2,0.00578,0.419,0.293524584
1554788229585,52.702,121.2,0.00578,0.419,0.293524584
1554788229632,52.749,121.2,0.00578,0.419,0.293524584
1554788229693,52.81,121.2,0.00577,0.42,0.29371608
1554788229739,52.856,121.2,0.00577,0.42,0.29371608
1554788229785,52.902,121.2,0.00577,0.42,0.29371608
1554788229831,52.948,121.2,0.00577,0.42,0.29371608
1554788229893,53.01,121.2,0.00577,0.42,0.29371608
1554788229939,53.056,121.2,0.00577,0.42,0.29371608
1554788229985,53.102,121.2,0.00577,0.42,0.29371608
1554788230031,53.148,121.2,0.00577,0.42,0.29371608
1554788230094,53.211,121.1,0.00578,0.421,0.294682318
1554788230140,53.257,121.1,0.00578,0.421,0.294682318
1554788230186,53.303,121.1,0.00578,0.421,0.294682318
1554788230232,53.349,121.1,0.00578,0.421,0.294682318
1554788230293,53.41,121.2,0.00581,0.421,0.296456412
1554788230339,53.456,121.2,0.00581,0.421,0.296456412
1554788230385,53.502,121.2,0.00581,0.421,0.296456412
1554788230431,53.548,121.2,0.00581,0.421,0.296456412
1554788230493,53.61,121.2,0.00583,0.423,0.298890108
1554788230539,53.656,121.2,0.00583,0.423,0.298890108
1554788230585,53.702,121.2,0.00583,0.423,0.298890108
1554788230632,53.749,121.2,0.00583,0.423,0.298890108
1554788230694,53.811,121.2,0.00582,0.422,0.297672048
1554788230740,53.857,121.2,0.00582,0.422,0.297672048
1554788230786,53.903,121.2,0.00582,0.422,0.297672048
1554788230832,53.949,121.2,0.00582,0.422,0.297672048
1554788230893,54.01,121.2,0.0058,0.42,0.2952432
1554788230939,54.056,121.2,0.0058,0.42,0.2952432
1554788230985,54.102,121.2,0.0058,0.42,0.2952432
1554788231031,54.149,121.2,0.0058,0.42,0.2952432
1554788231094,54.211,121.2,0.00578,0.422,0.295626192
1554788231140,54.257,121.2,0.00578,0.422,0.295626192
1554788231186,54.303,121.2,0.00578,0.422,0.295626192
1554788231232,54.349,121.2,0.00578,0.422,0.295626192
1554788231294,54.411,121.2,0.00577,0.425,0.2972127
1554788231340,54.457,121.2,0.00577,0.425,0.2972127
1554788231386,54.503,121.2,0.00577,0.425,0.2972127
1554788231432,54.549,121.2,0.00577,0.425,0.2972127
1554788231493,54.61,121.2,0.00578,0.423,0.296326728
1554788231539,54.656,121.2,0.00578,0.423,0.296326728
1554788231585,54.702,121.2,0.00578,0.423,0.296326728
1554788231632,54.749,121.2,0.00578,0.423,0.296326728
1554788231693,54.81,121.3,0.00574,0.422,0.293822564
1554788231739,54.856,121.3,0.00574,0.422,0.293822564
1554788231785,54.902,121.3,0.00574,0.422,0.293822564
1554788231831,54.948,121.3,0.00574,0.422,0.293822564
1554788231893,55.01,121.3,0.00573,0.421,0.292615629
1554788231940,55.057,121.3,0.00573,0.421,0.292615629
1554788231986,55.103,121.3,0.00573,0.421,0.292615629
1554788232032,55.149,121.3,0.00573,0.421,0.292615629
1554788232093,55.21,121.2,0.00574,0.42,0.29218896
1554788232139,55.256,121.2,0.00574,0.42,0.29218896
1554788232185,55.302,121.2,0.00574,0.42,0.29218896
1554788232232,55.349,121.2,0.00574,0.42,0.29218896
1554788232293,55.41,121.3,0.00573,0.421,0.292615629
1554788232339,55.456,121.3,0.00573,0.421,0.292615629
1554788232385,55.502,121.3,0.00573,0.421,0.292615629
1554788232431,55.548,121.3,0.00573,0.421,0.292615629
1554788232493,55.61,121.3,0.00576,0.417,0.291352896
1554788232539,55.656,121.3,0.00576,0.417,0.291352896
1554788232585,55.702,121.3,0.00576,0.417,0.291352896
1554788232632,55.749,121.3,0.00576,0.417,0.291352896
1554788232693,55.81,121.3,0.00575,0.418,0.29154455
1554788232739,55.856,121.3,0.00575,0.418,0.29154455
1554788232785,55.902,121.3,0.00575,0.418,0.29154455
1554788232831,55.948,121.3,0.00575,0.418,0.29154455
1554788232893,56.01,121.3,0.00574,0.419,0.291733778
1554788232939,56.056,121.3,0.00574,0.419,0.291733778
1554788232986,56.103,121.3,0.00574,0.419,0.291733778
1554788233032,56.149,121.3,0.00574,0.419,0.291733778
1554788233093,56.21,121.3,0.00578,0.419,0.293766766
1554788233139,56.256,121.3,0.00578,0.419,0.293766766
1554788233185,56.302,121.3,0.00578,0.419,0.293766766
1554788233231,56.348,121.3,0.00578,0.419,0.293766766
1554788233293,56.41,121.3,0.00576,0.419,0.292750272
1554788233339,56.456,121.3,0.00576,0.419,0.292750272
1554788233385,56.502,121.3,0.00576,0.419,0.292750272
1554788233432,56.549,121.3,0.00576,0.419,0.292750272
1554788233493,56.61,121.3,0.00579,0.419,0.294275013
1554788233538,56.655,121.3,0.00579,0.419,0.294275013
1554788233585,56.702,121.3,0.00579,0.419,0.294275013
1554788233631,56.748,121.3,0.00579,0.419,0.294275013
1554788233693,56.81,121.3,0.00579,0.417,0.292870359
1554788233739,56.856,121.3,0.00579,0.417,0.292870359
1554788233785,56.902,121.3,0.00579,0.417,0.292870359
1554788233832,56.949,121.3,0.00579,0.417,0.292870359
1554788233893,57.01,121.2,0.00582,0.419,0.295555896
1554788233939,57.056,121.2,0.00582,0.419,0.295555896
1554788233985,57.102,121.2,0.00582,0.419,0.295555896
1554788234031,57.148,121.2,0.00582,0.419,0.295555896
1554788234092,57.209,121.2,0.0058,0.419,0.29454024
1554788234138,57.255,121.2,0.0058,0.419,0.29454024
1554788234184,57.301,121.2,0.0058,0.419,0.29454024
1554788234231,57.348,121.2,0.0058,0.419,0.29454024
1554788234293,57.41,121.2,0.00582,0.423,0.298377432
1554788234339,57.456,121.2,0.00582,0.423,0.298377432
1554788234385,57.502,121.2,0.00582,0.423,0.298377432
1554788234431,57.548,121.2,0.00582,0.423,0.298377432
1554788234493,57.61,121.2,0.00582,0.42,0.29626128
1554788234540,57.657,121.2,0.00582,0.42,0.29626128
1554788234586,57.703,121.2,0.00582,0.42,0.29626128
1554788234632,57.749,121.2,0.00582,0.42,0.29626128
1554788234693,57.81,121.2,0.00582,0.42,0.29626128
1554788234739,57.856,121.2,0.00582,0.42,0.29626128
1554788234785,57.902,121.2,0.00582,0.42,0.29626128
1554788234831,57.948,121.2,0.00582,0.42,0.29626128
1554788234892,58.009,121.2,0.00581,0.421,0.296456412
1554788234938,58.055,121.2,0.00581,0.421,0.296456412
1554788234985,58.102,121.2,0.00581,0.421,0.296456412
1554788235031,58.148,121.2,0.00581,0.421,0.296456412
1554788235093,58.21,121.2,0.00583,0.42,0.29677032
1554788235139,58.256,121.2,0.00583,0.42,0.29677032
1554788235185,58.302,121.2,0.00583,0.42,0.29677032
1554788235232,58.349,121.2,0.00583,0.42,0.29677032
1554788235293,58.41,121.2,0.0058,0.421,0.29594616
1554788235339,58.456,121.2,0.0058,0.421,0.29594616
1554788235385,58.502,121.2,0.0058,0.421,0.29594616
1554788235431,58.548,121.2,0.0058,0.421,0.29594616
1554788235493,58.61,121.2,0.00579,0.42,0.29473416
1554788235539,58.656,121.2,0.00579,0.42,0.29473416
1554788235585,58.702,121.2,0.00579,0.42,0.29473416
1554788235631,58.748,121.2,0.00579,0.42,0.29473416
1554788235693,58.81,121.3,0.00574,0.423,0.294518826
1554788235739,58.856,121.3,0.00574,0.423,0.294518826
1554788235785,58.902,121.3,0.00574,0.423,0.294518826
1554788235831,58.948,121.3,0.00574,0.423,0.294518826
1554788235892,59.009,121.3,0.00574,0.421,0.293126302
1554788235939,59.056,121.3,0.00574,0.421,0.293126302
1554788235985,59.102,121.3,0.00574,0.421,0.293126302
1554788236031,59.148,121.3,0.00574,0.421,0.293126302
1554788236093,59.21,121.2,0.00572,0.423,0.293250672
1554788236139,59.256,121.2,0.00572,0.423,0.293250672
1554788236186,59.303,121.2,0.00572,0.423,0.293250672
1554788236232,59.349,121.2,0.00572,0.423,0.293250672
1554788236293,59.41,121.2,0.00572,0.421,0.291864144
1554788236339,59.456,121.2,0.00572,0.421,0.291864144
1554788236385,59.502,121.2,0.00572,0.421,0.291864144
1554788236431,59.548,121.2,0.00572,0.421,0.291864144
1554788236492,59.609,121.3,0.00576,0.418,0.292051584
1554788236538,59.655,121.3,0.00576,0.418,0.292051584
1554788236584,59.701,121.3,0.00576,0.418,0.292051584
1554788236630,59.747,121.3,0.00576,0.418,0.292051584
1554788236693,59.81,121.3,0.00578,0.416,0.291663424
1554788236739,59.856,121.3,0.00578,0.416,0.291663424
1554788236785,59.902,121.3,0.00578,0.416,0.291663424
1554788236831,59.948,121.3,0.00578,0.416,0.291663424
1554788236892,60.009,121.3,0.00575,0.421,0.293636975
1554788236939,60.056,121.3,0.00575,0.421,0.293636975
1554788236985,60.102,121.3,0.00575,0.421,0.293636975
1554788237031,60.148,121.3,0.00575,0.421,0.293636975
1554788237093,60.21,121.3,0.00574,0.422,0.293822564
1554788237139,60.256,121.3,0.00574,0.422,0.293822564
1554788237186,60.303,121.3,0.00574,0.422,0.293822564
1554788237232,60.349,121.3,0.00574,0.422,0.293822564
1554788237293,60.41,121.3,0.00578,0.42,0.29446788
1554788237339,60.456,121.3,0.00578,0.42,0.29446788
1554788237385,60.502,121.3,0.00578,0.42,0.29446788
1554788237431,60.548,121.3,0.00578,0.42,0.29446788
1554788237492,60.609,121.3,0.00579,0.419,0.294275013
1554788237538,60.655,121.3,0.00579,0.419,0.294275013
1554788237584,60.701,121.3,0.00579,0.419,0.294275013
1554788237630,60.747,121.3,0.00579,0.419,0.294275013
1554788237693,60.81,121.3,0.00581,0.42,0.29599626
1554788237739,60.856,121.3,0.00581,0.42,0.29599626
1554788237785,60.902,121.3,0.00581,0.42,0.29599626
1554788237831,60.948,121.3,0.00581,0.42,0.29599626
1554788237892,61.009,121.2,0.0058,0.419,0.29454024
1554788237938,61.055,121.2,0.0058,0.419,0.29454024
1554788237984,61.101,121.2,0.0058,0.419,0.29454024
1554788238031,61.148,121.2,0.0058,0.419,0.29454024
1554788238093,61.21,121.2,0.00584,0.418,0.295863744
1554788238139,61.256,121.2,0.00584,0.418,0.295863744
1554788238185,61.302,121.2,0.00584,0.418,0.295863744
1554788238231,61.349,121.2,0.00584,0.418,0.295863744
1554788238293,61.41,121.2,0.00585,0.417,0.29566134
1554788238339,61.456,121.2,0.00585,0.417,0.29566134
1554788238385,61.502,121.2,0.00585,0.417,0.29566134
1554788238431,61.548,121.2,0.00585,0.417,0.29566134
1554788238492,61.609,121.2,0.00588,0.416,0.296464896
1554788238538,61.655,121.2,0.00588,0.416,0.296464896
1554788238584,61.701,121.2,0.00588,0.416,0.296464896
1554788238630,61.747,121.2,0.00588,0.416,0.296464896
1554788238693,61.81,121.2,0.00587,0.416,0.295960704
1554788238739,61.856,121.2,0.00587,0.416,0.295960704
1554788238785,61.902,121.2,0.00587,0.416,0.295960704
1554788238831,61.948,121.2,0.00587,0.416,0.295960704
1554788238892,62.01,121.2,0.00582,0.417,0.294145128
1554788238939,62.056,121.2,0.00582,0.417,0.294145128
1554788238985,62.102,121.2,0.00582,0.417,0.294145128
1554788239031,62.148,121.2,0.00582,0.417,0.294145128
1554788239092,62.209,121.1,0.00585,0.417,0.295417395
1554788239138,62.255,121.1,0.00585,0.417,0.295417395
1554788239184,62.301,121.1,0.00585,0.417,0.295417395
1554788239230,62.348,121.1,0.00585,0.417,0.295417395
1554788239292,62.409,121.2,0.00588,0.413,0.294326928
1554788239338,62.455,121.2,0.00588,0.413,0.294326928
1554788239384,62.501,121.2,0.00588,0.413,0.294326928
1554788239430,62.547,121.2,0.00588,0.413,0.294326928
1554788239492,62.609,121.2,0.00583,0.415,0.29323734
1554788239538,62.655,121.2,0.00583,0.415,0.29323734
1554788239584,62.701,121.2,0.00583,0.415,0.29323734
1554788239630,62.747,121.2,0.00583,0.415,0.29323734
1554788239693,62.81,121.2,0.00579,0.42,0.29473416
1554788239739,62.856,121.2,0.00579,0.42,0.29473416
1554788239785,62.902,121.2,0.00579,0.42,0.29473416
1554788239831,62.948,121.2,0.00579,0.42,0.29473416
1554788239892,63.009,121.2,0.00574,0.42,0.29218896
1554788239938,63.055,121.2,0.00574,0.42,0.29218896
1554788239984,63.101,121.2,0.00574,0.42,0.29218896
1554788240030,63.148,121.2,0.00574,0.42,0.29218896
1554788240093,63.21,121.2,0.00576,0.418,0.291810816
1554788240139,63.256,121.2,0.00576,0.418,0.291810816
1554788240185,63.302,121.2,0.00576,0.418,0.291810816
1554788240231,63.348,121.2,0.00576,0.418,0.291810816
1554788240292,63.409,121.2,0.00576,0.42,0.29320704
1554788240339,63.456,121.2,0.00576,0.42,0.29320704
1554788240385,63.502,121.2,0.00576,0.42,0.29320704
1554788240431,63.548,121.2,0.00576,0.42,0.29320704
1554788240492,63.609,121.3,0.00575,0.421,0.293636975
1554788240538,63.655,121.3,0.00575,0.421,0.293636975
1554788240584,63.701,121.3,0.00575,0.421,0.293636975
1554788240630,63.748,121.3,0.00575,0.421,0.293636975
1554788240692,63.809,121.3,0.00578,0.42,0.29446788
1554788240738,63.855,121.3,0.00578,0.42,0.29446788
1554788240784,63.901,121.3,0.00578,0.42,0.29446788
1554788240830,63.947,121.3,0.00578,0.42,0.29446788
1554788240892,64.009,121.3,0.00574,0.419,0.291733778
1554788240938,64.055,121.3,0.00574,0.419,0.291733778
1554788240984,64.101,121.3,0.00574,0.419,0.291733778
1554788241030,64.148,121.3,0.00574,0.419,0.291733778
1554788241092,64.209,121.2,0.00574,0.418,0.290797584
1554788241138,64.255,121.2,0.00574,0.418,0.290797584
1554788241184,64.301,121.2,0.00574,0.418,0.290797584
1554788241230,64.347,121.2,0.00574,0.418,0.290797584
1554788241292,64.409,121.2,0.00579,0.419,0.294032412
1554788241338,64.455,121.2,0.00579,0.419,0.294032412
1554788241384,64.502,121.2,0.00579,0.419,0.294032412
1554788241430,64.548,121.2,0.00579,0.419,0.294032412
1554788241492,64.609,121.2,0.00581,0.418,0.294343896
1554788241537,64.655,121.2,0.00581,0.418,0.294343896
1554788241584,64.701,121.2,0.00581,0.418,0.294343896
1554788241630,64.747,121.2,0.00581,0.418,0.294343896
1554788241692,64.809,121.3,0.00582,0.417,0.294387822
1554788241738,64.855,121.3,0.00582,0.417,0.294387822
1554788241784,64.901,121.3,0.00582,0.417,0.294387822
1554788241830,64.947,121.3,0.00582,0.417,0.294387822
1554788241893,65.01,121.2,0.00578,0.42,0.29422512
1554788241939,65.056,121.2,0.00578,0.42,0.29422512
1554788241985,65.102,121.2,0.00578,0.42,0.29422512
1554788242031,65.148,121.2,0.00578,0.42,0.29422512
1554788242092,65.209,121.2,0.00584,0.42,0.29727936
1554788242138,65.255,121.2,0.00584,0.42,0.29727936
1554788242184,65.302,121.2,0.00584,0.42,0.29727936
1554788242231,65.348,121.2,0.00584,0.42,0.29727936
1554788242291,65.408,121.2,0.00583,0.42,0.29677032
1554788242338,65.455,121.2,0.00583,0.42,0.29677032
1554788242384,65.501,121.2,0.00583,0.42,0.29677032
1554788242430,65.547,121.2,0.00583,0.42,0.29677032
1554788242492,65.609,121.2,0.00581,0.423,0.297864756
1554788242538,65.655,121.2,0.00581,0.423,0.297864756
1554788242584,65.701,121.2,0.00581,0.423,0.297864756
1554788242630,65.747,121.2,0.00581,0.423,0.297864756
1554788242692,65.809,121.2,0.00577,0.42,0.29371608
1554788242737,65.854,121.2,0.00577,0.42,0.29371608
1554788242784,65.901,121.2,0.00577,0.42,0.29371608
1554788242830,65.947,121.2,0.00577,0.42,0.29371608
1554788242892,66.009,121.2,0.00577,0.419,0.293016756
1554788242938,66.055,121.2,0.00577,0.419,0.293016756
1554788242984,66.101,121.2,0.00577,0.419,0.293016756
1554788243031,66.148,121.2,0.00577,0.419,0.293016756
1554788243092,66.209,121.2,0.00576,0.422,0.294603264
1554788243138,66.255,121.2,0.00576,0.422,0.294603264
1554788243184,66.301,121.2,0.00576,0.422,0.294603264
1554788243230,66.347,121.2,0.00576,0.422,0.294603264
1554788243292,66.409,121.2,0.00578,0.421,0.294925656
1554788243338,66.455,121.2,0.00578,0.421,0.294925656
1554788243385,66.502,121.2,0.00578,0.421,0.294925656
1554788243431,66.548,121.2,0.00578,0.421,0.294925656
1554788243492,66.609,121.2,0.00576,0.421,0.293905152
1554788243538,66.655,121.2,0.00576,0.421,0.293905152
1554788243584,66.701,121.2,0.00576,0.421,0.293905152
1554788243631,66.748,121.2,0.00576,0.421,0.293905152
1554788243692,66.809,121.2,0.00577,0.421,0.294415404
1554788243738,66.855,121.2,0.00577,0.421,0.294415404
1554788243784,66.901,121.2,0.00577,0.421,0.294415404
1554788243830,66.947,121.2,0.00577,0.421,0.294415404
1554788243892,67.009,121.2,0.00576,0.419,0.292508928
1554788243938,67.055,121.2,0.00576,0.419,0.292508928
1554788243984,67.101,121.2,0.00576,0.419,0.292508928
1554788244030,67.147,121.2,0.00576,0.419,0.292508928
1554788244092,67.209,121.2,0.00576,0.415,0.28971648
1554788244138,67.255,121.2,0.00576,0.415,0.28971648
1554788244184,67.301,121.2,0.00576,0.415,0.28971648
1554788244230,67.347,121.2,0.00576,0.415,0.28971648
1554788244295,67.412,121.2,0.00579,0.417,0.292628916
1554788244341,67.458,121.2,0.00579,0.417,0.292628916
1554788244386,67.503,121.2,0.00579,0.417,0.292628916
1554788244433,67.55,121.2,0.00579,0.417,0.292628916
1554788244491,67.608,121.2,0.00576,0.421,0.293905152
1554788244537,67.654,121.2,0.00576,0.421,0.293905152
1554788244583,67.7,121.2,0.00576,0.421,0.293905152
1554788244629,67.746,121.2,0.00576,0.421,0.293905152
1554788244692,67.809,121.3,0.00581,0.416,0.293177248
1554788244738,67.855,121.3,0.00581,0.416,0.293177248
1554788244784,67.901,121.3,0.00581,0.416,0.293177248
1554788244830,67.947,121.3,0.00581,0.416,0.293177248
1554788244891,68.008,121.3,0.00579,0.415,0.291465705
1554788244937,68.054,121.3,0.00579,0.415,0.291465705
1554788244984,68.101,121.3,0.00579,0.415,0.291465705
1554788245030,68.147,121.3,0.00579,0.415,0.291465705
1554788245092,68.209,121.2,0.00577,0.419,0.293016756
1554788245138,68.255,121.2,0.00577,0.419,0.293016756
1554788245184,68.301,121.2,0.00577,0.419,0.293016756
1554788245231,68.348,121.2,0.00577,0.419,0.293016756
1554788245291,68.408,121.2,0.00574,0.423,0.294276024
1554788245338,68.455,121.2,0.00574,0.423,0.294276024
1554788245384,68.501,121.2,0.00574,0.423,0.294276024
1554788245430,68.547,121.2,0.00574,0.423,0.294276024
1554788245492,68.609,121.2,0.00575,0.424,0.2954856
1554788245538,68.655,121.2,0.00575,0.424,0.2954856
1554788245585,68.702,121.2,0.00575,0.424,0.2954856
1554788245631,68.748,121.2,0.00575,0.424,0.2954856
1554788245692,68.809,121.3,0.0058,0.421,0.29619034
1554788245738,68.855,121.3,0.0058,0.421,0.29619034
1554788245784,68.901,121.3,0.0058,0.421,0.29619034
1554788245830,68.947,121.3,0.0058,0.421,0.29619034
1554788245891,69.008,121.3,0.00579,0.419,0.294275013
1554788245937,69.054,121.3,0.00579,0.419,0.294275013
1554788245983,69.1,121.3,0.00579,0.419,0.294275013
1554788246029,69.146,121.3,0.00579,0.419,0.294275013
1554788246092,69.209,121.2,0.00578,0.421,0.294925656
1554788246138,69.255,121.2,0.00578,0.421,0.294925656
1554788246184,69.301,121.2,0.00578,0.421,0.294925656
1554788246230,69.347,121.2,0.00578,0.421,0.294925656
1554788246291,69.408,121.2,0.00581,0.42,0.29575224
1554788246337,69.454,121.2,0.00581,0.42,0.29575224
1554788246383,69.5,121.2,0.00581,0.42,0.29575224
1554788246430,69.547,121.2,0.00581,0.42,0.29575224
1554788246492,69.609,121.2,0.00581,0.42,0.29575224
1554788246538,69.655,121.2,0.00581,0.42,0.29575224
1554788246584,69.701,121.2,0.00581,0.42,0.29575224
1554788246630,69.747,121.2,0.00581,0.42,0.29575224
1554788246691,69.808,121.2,0.00584,0.42,0.29727936
1554788246737,69.854,121.2,0.00584,0.42,0.29727936
1554788246783,69.9,121.2,0.00584,0.42,0.29727936
1554788246829,69.946,121.2,0.00584,0.42,0.29727936
1554788246892,70.009,121.2,0.00578,0.42,0.29422512
1554788246938,70.055,121.2,0.00578,0.42,0.29422512
1554788246984,70.101,121.2,0.00578,0.42,0.29422512
1554788247030,70.147,121.2,0.00578,0.42,0.29422512
1554788247091,70.208,121.2,0.00576,0.422,0.294603264
1554788247137,70.254,121.2,0.00576,0.422,0.294603264
1554788247183,70.3,121.2,0.00576,0.422,0.294603264
1554788247230,70.347,121.2,0.00576,0.422,0.294603264
1554788247292,70.409,121.2,0.0058,0.419,0.29454024
1554788247338,70.455,121.2,0.0058,0.419,0.29454024
1554788247384,70.501,121.2,0.0058,0.419,0.29454024
1554788247430,70.547,121.2,0.0058,0.419,0.29454024
1554788247491,70.608,121.2,0.00581,0.417,0.293639724
1554788247537,70.654,121.2,0.00581,0.417,0.293639724
1554788247584,70.701,121.2,0.00581,0.417,0.293639724
1554788247630,70.747,121.2,0.00581,0.417,0.293639724
1554788247692,70.809,121.2,0.00576,0.42,0.29320704
1554788247738,70.855,121.2,0.00576,0.42,0.29320704
1554788247784,70.901,121.2,0.00576,0.42,0.29320704
1554788247830,70.947,121.2,0.00576,0.42,0.29320704
1554788247891,71.008,121.2,0.00572,0.423,0.293250672
1554788247937,71.054,121.2,0.00572,0.423,0.293250672
1554788247984,71.101,121.2,0.00572,0.423,0.293250672
1554788248030,71.147,121.2,0.00572,0.423,0.293250672
1554788248091,71.208,121.2,0.0057,0.423,0.29222532
1554788248137,71.254,121.2,0.0057,0.423,0.29222532
1554788248183,71.3,121.2,0.0057,0.423,0.29222532
1554788248229,71.346,121.2,0.0057,0.423,0.29222532
1554788248292,71.409,121.2,0.00575,0.419,0.2920011
1554788248338,71.455,121.2,0.00575,0.419,0.2920011
1554788248384,71.501,121.2,0.00575,0.419,0.2920011
1554788248430,71.547,121.2,0.00575,0.419,0.2920011
1554788248491,71.608,121.2,0.00577,0.417,0.291618108
1554788248537,71.654,121.2,0.00577,0.417,0.291618108
1554788248584,71.701,121.2,0.00577,0.417,0.291618108
1554788248630,71.747,121.2,0.00577,0.417,0.291618108
1554788248692,71.809,121.2,0.00574,0.423,0.294276024
1554788248738,71.855,121.2,0.00574,0.423,0.294276024
1554788248784,71.901,121.2,0.00574,0.423,0.294276024
1554788248830,71.947,121.2,0.00574,0.423,0.294276024
1554788248891,72.008,121.3,0.00574,0.423,0.294518826
1554788248937,72.054,121.3,0.00574,0.423,0.294518826
1554788248984,72.101,121.3,0.00574,0.423,0.294518826
1554788249030,72.147,121.3,0.00574,0.423,0.294518826
1554788249091,72.208,121.3,0.00573,0.42,0.29192058
1554788249137,72.254,121.3,0.00573,0.42,0.29192058
1554788249183,72.3,121.3,0.00573,0.42,0.29192058
1554788249229,72.346,121.3,0.00573,0.42,0.29192058
1554788249291,72.408,121.2,0.00577,0.42,0.29371608
1554788249337,72.454,121.2,0.00577,0.42,0.29371608
1554788249384,72.501,121.2,0.00577,0.42,0.29371608
1554788249429,72.546,121.2,0.00577,0.42,0.29371608
1554788249492,72.609,121.3,0.00578,0.42,0.29446788
1554788249538,72.655,121.3,0.00578,0.42,0.29446788
1554788249584,72.701,121.3,0.00578,0.42,0.29446788
1554788249630,72.747,121.3,0.00578,0.42,0.29446788
1554788249691,72.808,121.3,0.00582,0.419,0.295799754
1554788249737,72.854,121.3,0.00582,0.419,0.295799754
1554788249783,72.9,121.3,0.00582,0.419,0.295799754
1554788249829,72.946,121.3,0.00582,0.419,0.295799754
1554788249891,73.008,121.3,0.00583,0.419,0.296308001
1554788249937,73.054,121.3,0.00583,0.419,0.296308001
1554788249983,73.1,121.3,0.00583,0.419,0.296308001
1554788250029,73.146,121.3,0.00583,0.419,0.296308001
1554788250091,73.208,121.3,0.00587,0.415,0.295492865
1554788250137,73.254,121.3,0.00587,0.415,0.295492865
1554788250184,73.301,121.3,0.00587,0.415,0.295492865
1554788250230,73.347,121.3,0.00587,0.415,0.295492865
1554788250291,73.408,121.2,0.00586,0.416,0.295456512
1554788250336,73.453,121.2,0.00586,0.416,0.295456512
1554788250383,73.5,121.2,0.00586,0.416,0.295456512
1554788250429,73.546,121.2,0.00586,0.416,0.295456512
1554788250491,73.608,121.2,0.00629,0.425,0.3239979
1554788250537,73.654,121.2,0.00629,0.425,0.3239979
1554788250584,73.701,121.2,0.00629,0.425,0.3239979
1554788250630,73.747,121.2,0.00629,0.425,0.3239979
1554788250691,73.808,121.2,0.00641,0.426,0.330955992
1554788250737,73.854,121.2,0.00641,0.426,0.330955992
1554788250783,73.9,121.2,0.00641,0.426,0.330955992
1554788250829,73.946,121.2,0.00641,0.426,0.330955992
1554788250891,74.008,121.2,0.0064,0.425,0.329664
1554788250937,74.054,121.2,0.0064,0.425,0.329664
1554788250984,74.101,121.2,0.0064,0.425,0.329664
1554788251029,74.146,121.2,0.0064,0.425,0.329664
1554788251090,74.207,121.2,0.00637,0.426,0.328890744
1554788251136,74.253,121.2,0.00637,0.426,0.328890744
1554788251182,74.299,121.2,0.00637,0.426,0.328890744
1554788251229,74.346,121.2,0.00637,0.426,0.328890744
1554788251291,74.408,121.2,0.00631,0.425,0.3250281
1554788251337,74.454,121.2,0.00631,0.425,0.3250281
1554788251383,74.5,121.2,0.00631,0.425,0.3250281
1554788251429,74.546,121.2,0.00631,0.425,0.3250281
1554788251491,74.608,121.2,0.00631,0.426,0.325792872
1554788251537,74.654,121.2,0.00631,0.426,0.325792872
1554788251583,74.7,121.2,0.00631,0.426,0.325792872
1554788251629,74.746,121.2,0.00631,0.426,0.325792872
1554788251690,74.807,121.2,0.00637,0.426,0.328890744
1554788251736,74.853,121.2,0.00637,0.426,0.328890744
1554788251782,74.899,121.2,0.00637,0.426,0.328890744
1554788251829,74.946,121.2,0.00637,0.426,0.328890744
1554788251891,75.008,121.2,0.00635,0.424,0.32631888
1554788251937,75.054,121.2,0.00635,0.424,0.32631888
1554788251983,75.1,121.2,0.00635,0.424,0.32631888
1554788252029,75.146,121.2,0.00635,0.424,0.32631888
1554788252091,75.208,121.2,0.00635,0.423,0.32554926
1554788252138,75.255,121.2,0.00635,0.423,0.32554926
1554788252184,75.301,121.2,0.00635,0.423,0.32554926
1554788252230,75.347,121.2,0.00635,0.423,0.32554926
1554788252291,75.408,121.2,0.00634,0.425,0.3265734
1554788252337,75.454,121.2,0.00634,0.425,0.3265734
1554788252383,75.5,121.2,0.00634,0.425,0.3265734
1554788252429,75.546,121.2,0.00634,0.425,0.3265734
1554788252491,75.608,121.2,0.0063,0.423,0.32298588
1554788252537,75.654,121.2,0.0063,0.423,0.32298588
1554788252584,75.701,121.2,0.0063,0.423,0.32298588
1554788252630,75.747,121.2,0.0063,0.423,0.32298588
1554788252691,75.808,121.3,0.00637,0.424,0.327616744
1554788252737,75.854,121.3,0.00637,0.424,0.327616744
1554788252783,75.9,121.3,0.00637,0.424,0.327616744
1554788252829,75.946,121.3,0.00637,0.424,0.327616744
1554788252890,76.007,121.3,0.00633,0.427,0.327862983
1554788252936,76.053,121.3,0.00633,0.427,0.327862983
1554788252982,76.099,121.3,0.00633,0.427,0.327862983
1554788253029,76.146,121.3,0.00633,0.427,0.327862983
1554788253091,76.208,121.3,0.00629,0.429,0.327317133
1554788253137,76.254,121.3,0.00629,0.429,0.327317133
1554788253183,76.3,121.3,0.00629,0.429,0.327317133
1554788253230,76.347,121.3,0.00629,0.429,0.327317133
1554788253291,76.408,121.3,0.00627,0.427,0.324755277
1554788253337,76.454,121.3,0.00627,0.427,0.324755277
1554788253383,76.5,121.3,0.00627,0.427,0.324755277
1554788253429,76.546,121.3,0.00627,0.427,0.324755277
1554788253491,76.608,121.2,0.00632,0.429,0.328607136
1554788253537,76.654,121.2,0.00632,0.429,0.328607136
1554788253583,76.7,121.2,0.00632,0.429,0.328607136
1554788253629,76.746,121.2,0.00632,0.429,0.328607136
1554788253690,76.807,121.3,0.00634,0.43,0.33068806
1554788253736,76.853,121.3,0.00634,0.43,0.33068806
1554788253782,76.899,121.3,0.00634,0.43,0.33068806
1554788253828,76.945,121.3,0.00634,0.43,0.33068806
1554788253891,77.008,121.3,0.00636,0.43,0.33173124
1554788253937,77.054,121.3,0.00636,0.43,0.33173124
1554788253983,77.1,121.3,0.00636,0.43,0.33173124
1554788254029,77.146,121.3,0.00636,0.43,0.33173124
1554788254090,77.207,121.2,0.00639,0.427,0.330697836
1554788254137,77.254,121.2,0.00639,0.427,0.330697836
1554788254183,77.3,121.2,0.00639,0.427,0.330697836
1554788254229,77.346,121.2,0.00639,0.427,0.330697836
1554788254291,77.408,121.2,0.00638,0.427,0.330180312
1554788254337,77.454,121.2,0.00638,0.427,0.330180312
1554788254383,77.5,121.2,0.00638,0.427,0.330180312
1554788254429,77.546,121.2,0.00638,0.427,0.330180312
1554788254490,77.607,121.2,0.00637,0.427,0.329662788
1554788254537,77.654,121.2,0.00637,0.427,0.329662788
1554788254583,77.7,121.2,0.00637,0.427,0.329662788
1554788254629,77.746,121.2,0.00637,0.427,0.329662788
1554788254691,77.808,121.2,0.00639,0.428,0.331472304
1554788254737,77.854,121.2,0.00639,0.428,0.331472304
1554788254783,77.9,121.2,0.00639,0.428,0.331472304
1554788254829,77.946,121.2,0.00639,0.428,0.331472304
1554788254890,78.007,121.2,0.00638,0.428,0.330953568
1554788254937,78.054,121.2,0.00638,0.428,0.330953568
1554788254983,78.1,121.2,0.00638,0.428,0.330953568
1554788255029,78.146,121.2,0.00638,0.428,0.330953568
1554788255091,78.208,121.2,0.00638,0.425,0.3286338
1554788255138,78.255,121.2,0.00638,0.425,0.3286338
1554788255184,78.301,121.2,0.00638,0.425,0.3286338
1554788255231,78.348,121.2,0.00638,0.425,0.3286338
1554788255290,78.407,121.2,0.00627,0.427,0.324487548
1554788255337,78.454,121.2,0.00627,0.427,0.324487548
1554788255383,78.5,121.2,0.00627,0.427,0.324487548
1554788255429,78.546,121.2,0.00627,0.427,0.324487548
1554788255491,78.608,121.2,0.00631,0.431,0.329616732
1554788255537,78.654,121.2,0.00631,0.431,0.329616732
1554788255583,78.7,121.2,0.00631,0.431,0.329616732
1554788255629,78.746,121.2,0.00631,0.431,0.329616732
1554788255690,78.807,121.2,0.00631,0.428,0.327322416
1554788255737,78.854,121.2,0.00631,0.428,0.327322416
1554788255783,78.9,121.2,0.00631,0.428,0.327322416
1554788255829,78.946,121.2,0.00631,0.428,0.327322416
1554788255891,79.008,121.2,0.00632,0.429,0.328607136
1554788255937,79.054,121.2,0.00632,0.429,0.328607136
1554788255983,79.1,121.2,0.00632,0.429,0.328607136
1554788256029,79.146,121.2,0.00632,0.429,0.328607136
1554788256090,79.207,121.2,0.00629,0.429,0.327047292
1554788256136,79.253,121.2,0.00629,0.429,0.327047292
1554788256182,79.299,121.2,0.00629,0.429,0.327047292
1554788256228,79.345,121.2,0.00629,0.429,0.327047292
1554788256291,79.408,121.2,0.00633,0.428,0.328359888
1554788256337,79.454,121.2,0.00633,0.428,0.328359888
1554788256383,79.5,121.2,0.00633,0.428,0.328359888
1554788256429,79.546,121.2,0.00633,0.428,0.328359888
1554788256490,79.607,121.2,0.00626,0.427,0.323970024
1554788256536,79.653,121.2,0.00626,0.427,0.323970024
1554788256582,79.699,121.2,0.00626,0.427,0.323970024
1554788256628,79.745,121.2,0.00626,0.427,0.323970024
1554788256691,79.808,121.2,0.00632,0.427,0.327075168
1554788256737,79.854,121.2,0.00632,0.427,0.327075168
1554788256783,79.9,121.2,0.00632,0.427,0.327075168
1554788256829,79.946,121.2,0.00632,0.427,0.327075168
1554788256890,80.007,121.3,0.00631,0.429,0.328357887
1554788256936,80.053,121.3,0.00631,0.429,0.328357887
1554788256982,80.099,121.3,0.00631,0.429,0.328357887
1554788257028,80.145,121.3,0.00631,0.429,0.328357887
1554788257091,80.208,121.3,0.00631,0.428,0.327592484
1554788257137,80.254,121.3,0.00631,0.428,0.327592484
1554788257183,80.3,121.3,0.00631,0.428,0.327592484
1554788257229,80.346,121.3,0.00631,0.428,0.327592484
1554788257290,80.407,121.3,0.00628,0.429,0.326796756
1554788257336,80.453,121.3,0.00628,0.429,0.326796756
1554788257382,80.499,121.3,0.00628,0.429,0.326796756
1554788257428,80.545,121.3,0.00628,0.429,0.326796756
1554788257491,80.608,121.2,0.00631,0.429,0.328087188
1554788257537,80.654,121.2,0.00631,0.429,0.328087188
1554788257583,80.7,121.2,0.00631,0.429,0.328087188
1554788257629,80.746,121.2,0.00631,0.429,0.328087188
1554788257690,80.807,121.3,0.00637,0.427,0.329934787
1554788257736,80.853,121.3,0.00637,0.427,0.329934787
1554788257782,80.899,121.3,0.00637,0.427,0.329934787
1554788257828,80.945,121.3,0.00637,0.427,0.329934787
1554788257892,81.009,121.3,0.00634,0.43,0.33068806
1554788257938,81.055,121.3,0.00634,0.43,0.33068806
1554788257984,81.101,121.3,0.00634,0.43,0.33068806
1554788258030,81.147,121.3,0.00634,0.43,0.33068806
1554788258090,81.207,121.3,0.00635,0.428,0.32966914
1554788258136,81.253,121.3,0.00635,0.428,0.32966914
1554788258182,81.299,121.3,0.00635,0.428,0.32966914
1554788258228,81.345,121.3,0.00635,0.428,0.32966914
1554788258291,81.408,121.3,0.0063,0.427,0.32630913
1554788258338,81.455,121.3,0.0063,0.427,0.32630913
1554788258384,81.501,121.3,0.0063,0.427,0.32630913
1554788258430,81.547,121.3,0.0063,0.427,0.32630913
1554788258491,81.608,121.2,0.00635,0.429,0.33016698
1554788258537,81.654,121.2,0.00635,0.429,0.33016698
1554788258584,81.701,121.2,0.00635,0.429,0.33016698
1554788258630,81.747,121.2,0.00635,0.429,0.33016698
1554788258691,81.808,121.2,0.00637,0.43,0.33197892
1554788258737,81.854,121.2,0.00637,0.43,0.33197892
1554788258782,81.899,121.2,0.00637,0.43,0.33197892
1554788258829,81.946,121.2,0.00637,0.43,0.33197892
1554788258891,82.008,121.3,0.00636,0.428,0.330188304
1554788258937,82.054,121.3,0.00636,0.428,0.330188304
1554788258983,82.1,121.3,0.00636,0.428,0.330188304
1554788259029,82.146,121.3,0.00636,0.428,0.330188304
1554788259091,82.208,121.2,0.00637,0.428,0.330434832
1554788259137,82.255,121.2,0.00637,0.428,0.330434832
1554788259184,82.301,121.2,0.00637,0.428,0.330434832
1554788259230,82.347,121.2,0.00637,0.428,0.330434832
1554788259291,82.408,121.2,0.0063,0.427,0.32604012
1554788259337,82.454,121.2,0.0063,0.427,0.32604012
1554788259383,82.5,121.2,0.0063,0.427,0.32604012
1554788259429,82.546,121.2,0.0063,0.427,0.32604012
1554788259490,82.607,121.2,0.00631,0.428,0.327322416
1554788259536,82.653,121.2,0.00631,0.428,0.327322416
1554788259582,82.699,121.2,0.00631,0.428,0.327322416
1554788259628,82.745,121.2,0.00631,0.428,0.327322416
1554788259690,82.807,121.2,0.00634,0.429,0.329647032
1554788259736,82.853,121.2,0.00634,0.429,0.329647032
1554788259782,82.899,121.2,0.00634,0.429,0.329647032
1554788259828,82.946,121.2,0.00634,0.429,0.329647032
1554788259891,83.008,121.2,0.00639,0.425,0.3291489
1554788259937,83.054,121.2,0.00639,0.425,0.3291489
1554788259983,83.1,121.2,0.00639,0.425,0.3291489
1554788260029,83.146,121.2,0.00639,0.425,0.3291489
1554788260090,83.207,121.2,0.00634,0.422,0.324268176
1554788260136,83.253,121.2,0.00634,0.422,0.324268176
1554788260182,83.299,121.2,0.00634,0.422,0.324268176
1554788260228,83.345,121.2,0.00634,0.422,0.324268176
1554788260290,83.407,121.2,0.00631,0.425,0.3250281
1554788260336,83.453,121.2,0.00631,0.425,0.3250281
1554788260382,83.499,121.2,0.00631,0.425,0.3250281
1554788260428,83.545,121.2,0.00631,0.425,0.3250281
1554788260491,83.608,121.2,0.00631,0.427,0.326557644
1554788260537,83.654,121.2,0.00631,0.427,0.326557644
1554788260583,83.7,121.2,0.00631,0.427,0.326557644
1554788260629,83.746,121.2,0.00631,0.427,0.326557644
1554788260690,83.807,121.2,0.00633,0.426,0.326825496
1554788260736,83.853,121.2,0.00633,0.426,0.326825496
1554788260782,83.899,121.2,0.00633,0.426,0.326825496
1554788260828,83.945,121.2,0.00633,0.426,0.326825496
1554788260891,84.008,121.2,0.00636,0.427,0.329145264
1554788260937,84.054,121.2,0.00636,0.427,0.329145264
1554788260983,84.1,121.2,0.00636,0.427,0.329145264
1554788261029,84.147,121.2,0.00636,0.427,0.329145264
1554788261090,84.208,121.2,0.00636,0.424,0.326832768
1554788261137,84.254,121.2,0.00636,0.424,0.326832768
1554788261183,84.3,121.2,0.00636,0.424,0.326832768
1554788261229,84.346,121.2,0.00636,0.424,0.326832768
1554788261290,84.407,121.2,0.00629,0.425,0.3239979
1554788261336,84.453,121.2,0.00629,0.425,0.3239979
1554788261382,84.499,121.2,0.00629,0.425,0.3239979
1554788261428,84.545,121.2,0.00629,0.425,0.3239979
1554788261490,84.608,121.2,0.00632,0.426,0.326309184
1554788261537,84.654,121.2,0.00632,0.426,0.326309184
1554788261583,84.7,121.2,0.00632,0.426,0.326309184
1554788261629,84.746,121.2,0.00632,0.426,0.326309184
1554788261690,84.807,121.3,0.00643,0.426,0.332262534
1554788261736,84.853,121.3,0.00643,0.426,0.332262534
1554788261782,84.899,121.3,0.00643,0.426,0.332262534
1554788261829,84.946,121.3,0.00643,0.426,0.332262534
1554788261890,85.007,121.3,0.0064,0.426,0.33071232
1554788261936,85.053,121.3,0.0064,0.426,0.33071232
1554788261981,85.099,121.3,0.0064,0.426,0.33071232
1554788262028,85.145,121.3,0.0064,0.426,0.33071232
1554788262090,85.207,121.3,0.00642,0.425,0.33096705
1554788262136,85.253,121.3,0.00642,0.425,0.33096705
1554788262182,85.299,121.3,0.00642,0.425,0.33096705
1554788262228,85.345,121.3,0.00642,0.425,0.33096705
1554788262290,85.407,121.3,0.00641,0.42,0.32656386
1554788262336,85.453,121.3,0.00641,0.42,0.32656386
1554788262381,85.498,121.3,0.00641,0.42,0.32656386
1554788262427,85.544,121.3,0.00641,0.42,0.32656386
1554788262490,85.607,121.3,0.00644,0.424,0.331216928
1554788262535,85.653,121.3,0.00644,0.424,0.331216928
1554788262582,85.699,121.3,0.00644,0.424,0.331216928
1554788262628,85.745,121.3,0.00644,0.424,0.331216928
1554788262690,85.807,121.3,0.00638,0.428,0.331226632
1554788262736,85.853,121.3,0.00638,0.428,0.331226632
1554788262782,85.9,121.3,0.00638,0.428,0.331226632
1554788262828,85.946,121.3,0.00638,0.428,0.331226632
1554788262890,86.007,121.3,0.00638,0.427,0.330452738
1554788262935,86.052,121.3,0.00638,0.427,0.330452738
1554788262981,86.098,121.3,0.00638,0.427,0.330452738
You pressed Ctrl+C!
