# Mon Apr 08 21:44:11 2019
abstime,time_stamp,volt,curr,pf,mul
1554785052061,0.08,121.3,0.00599,0.425,0.308799475
1554785052109,0.128,121.3,0.00599,0.425,0.308799475
1554785052155,0.174,121.3,0.00599,0.425,0.308799475
1554785052201,0.22,121.3,0.00563,0.425,0.290240575
1554785052247,0.266,121.3,0.00563,0.425,0.290240575
1554785052292,0.311,121.3,0.00563,0.425,0.290240575
1554785052338,0.357,121.3,0.00563,0.425,0.290240575
1554785052390,0.409,121.3,0.00567,0.424,0.291614904
1554785052435,0.454,121.3,0.00567,0.424,0.291614904
1554785052481,0.5,121.3,0.00567,0.424,0.291614904
1554785052527,0.546,121.3,0.00567,0.424,0.291614904
1554785052590,0.609,121.3,0.00567,0.421,0.289551591
1554785052636,0.655,121.3,0.00567,0.421,0.289551591
1554785052682,0.701,121.3,0.00567,0.421,0.289551591
1554785052728,0.747,121.3,0.00567,0.421,0.289551591
1554785052790,0.809,121.3,0.00568,0.424,0.292129216
1554785052836,0.855,121.3,0.00568,0.424,0.292129216
1554785052882,0.901,121.3,0.00568,0.424,0.292129216
1554785052928,0.947,121.3,0.00568,0.424,0.292129216
1554785052990,1.009,121.3,0.00569,0.422,0.291263134
1554785053036,1.055,121.3,0.00569,0.422,0.291263134
1554785053082,1.101,121.3,0.00569,0.422,0.291263134
1554785053128,1.147,121.3,0.00569,0.422,0.291263134
1554785053190,1.209,121.3,0.00575,0.419,0.292242025
1554785053236,1.255,121.3,0.00575,0.419,0.292242025
1554785053282,1.301,121.3,0.00575,0.419,0.292242025
1554785053328,1.347,121.3,0.00575,0.419,0.292242025
1554785053390,1.409,121.3,0.00572,0.421,0.292104956
1554785053436,1.455,121.3,0.00572,0.421,0.292104956
1554785053482,1.501,121.3,0.00572,0.421,0.292104956
1554785053528,1.547,121.3,0.00572,0.421,0.292104956
1554785053590,1.609,121.2,0.0057,0.424,0.29291616
1554785053636,1.655,121.2,0.0057,0.424,0.29291616
1554785053682,1.701,121.2,0.0057,0.424,0.29291616
1554785053729,1.748,121.2,0.0057,0.424,0.29291616
1554785053790,1.809,121.2,0.00572,0.425,0.2946372
1554785053836,1.855,121.2,0.00572,0.425,0.2946372
1554785053882,1.901,121.2,0.00572,0.425,0.2946372
1554785053928,1.947,121.2,0.00572,0.425,0.2946372
1554785053990,2.009,121.2,0.00571,0.424,0.293430048
1554785054036,2.055,121.2,0.00571,0.424,0.293430048
1554785054082,2.101,121.2,0.00571,0.424,0.293430048
1554785054128,2.147,121.2,0.00571,0.424,0.293430048
1554785054189,2.208,121.2,0.00572,0.425,0.2946372
1554785054235,2.254,121.2,0.00572,0.425,0.2946372
1554785054281,2.3,121.2,0.00572,0.425,0.2946372
1554785054327,2.346,121.2,0.00572,0.425,0.2946372
1554785054390,2.409,121.1,0.00571,0.423,0.292496463
1554785054436,2.455,121.1,0.00571,0.423,0.292496463
1554785054482,2.501,121.1,0.00571,0.423,0.292496463
1554785054528,2.547,121.1,0.00571,0.423,0.292496463
1554785054590,2.609,121.2,0.00575,0.425,0.2961825
1554785054636,2.655,121.2,0.00575,0.425,0.2961825
1554785054682,2.701,121.2,0.00575,0.425,0.2961825
1554785054729,2.748,121.2,0.00575,0.425,0.2961825
1554785054789,2.808,121.2,0.00573,0.423,0.293763348
1554785054836,2.855,121.2,0.00573,0.423,0.293763348
1554785054882,2.901,121.2,0.00573,0.423,0.293763348
1554785054928,2.947,121.2,0.00573,0.423,0.293763348
1554785054990,3.009,121.2,0.00571,0.423,0.292737996
1554785055036,3.055,121.2,0.00571,0.423,0.292737996
1554785055083,3.102,121.2,0.00571,0.423,0.292737996
1554785055130,3.149,121.2,0.00571,0.423,0.292737996
1554785055190,3.209,121.2,0.00572,0.423,0.293250672
1554785055236,3.255,121.2,0.00572,0.423,0.293250672
1554785055282,3.301,121.2,0.00572,0.423,0.293250672
1554785055328,3.347,121.2,0.00572,0.423,0.293250672
1554785055390,3.409,121.2,0.00571,0.422,0.292045944
1554785055436,3.455,121.2,0.00571,0.422,0.292045944
1554785055483,3.502,121.2,0.00571,0.422,0.292045944
1554785055529,3.548,121.2,0.00571,0.422,0.292045944
1554785055590,3.609,121.2,0.00576,0.422,0.294603264
1554785055636,3.655,121.2,0.00576,0.422,0.294603264
1554785055682,3.701,121.2,0.00576,0.422,0.294603264
1554785055728,3.747,121.2,0.00576,0.422,0.294603264
1554785055790,3.809,121.2,0.00579,0.418,0.293330664
1554785055836,3.855,121.2,0.00579,0.418,0.293330664
1554785055883,3.902,121.2,0.00579,0.418,0.293330664
1554785055929,3.948,121.2,0.00579,0.418,0.293330664
1554785055990,4.009,121.2,0.0057,0.42,0.2901528
1554785056036,4.055,121.2,0.0057,0.42,0.2901528
1554785056082,4.101,121.2,0.0057,0.42,0.2901528
1554785056128,4.147,121.2,0.0057,0.42,0.2901528
1554785056190,4.209,121.2,0.00569,0.423,0.291712644
1554785056236,4.255,121.2,0.00569,0.423,0.291712644
1554785056283,4.302,121.2,0.00569,0.423,0.291712644
1554785056329,4.348,121.2,0.00569,0.423,0.291712644
1554785056390,4.409,121.3,0.00567,0.422,0.290239362
1554785056436,4.455,121.3,0.00567,0.422,0.290239362
1554785056482,4.501,121.3,0.00567,0.422,0.290239362
1554785056528,4.547,121.3,0.00567,0.422,0.290239362
1554785056589,4.608,121.3,0.00571,0.422,0.292286906
1554785056636,4.655,121.3,0.00571,0.422,0.292286906
1554785056682,4.701,121.3,0.00571,0.422,0.292286906
1554785056728,4.747,121.3,0.00571,0.422,0.292286906
1554785056790,4.809,121.3,0.00572,0.42,0.29141112
1554785056836,4.855,121.3,0.00572,0.42,0.29141112
1554785056882,4.901,121.3,0.00572,0.42,0.29141112
1554785056928,4.947,121.3,0.00572,0.42,0.29141112
1554785056989,5.008,121.3,0.00572,0.42,0.29141112
1554785057035,5.054,121.3,0.00572,0.42,0.29141112
1554785057081,5.1,121.3,0.00572,0.42,0.29141112
1554785057128,5.147,121.3,0.00572,0.42,0.29141112
1554785057190,5.209,121.3,0.00571,0.42,0.29090166
1554785057236,5.255,121.3,0.00571,0.42,0.29090166
1554785057282,5.301,121.3,0.00571,0.42,0.29090166
1554785057328,5.347,121.3,0.00571,0.42,0.29090166
1554785057389,5.408,121.3,0.00574,0.422,0.293822564
1554785057435,5.454,121.3,0.00574,0.422,0.293822564
1554785057481,5.5,121.3,0.00574,0.422,0.293822564
1554785057528,5.547,121.3,0.00574,0.422,0.293822564
1554785057590,5.609,121.3,0.00575,0.42,0.2929395
1554785057636,5.655,121.3,0.00575,0.42,0.2929395
1554785057682,5.701,121.3,0.00575,0.42,0.2929395
1554785057728,5.747,121.3,0.00575,0.42,0.2929395
1554785057789,5.808,121.3,0.00576,0.42,0.29344896
1554785057835,5.854,121.3,0.00576,0.42,0.29344896
1554785057881,5.9,121.3,0.00576,0.42,0.29344896
1554785057927,5.946,121.3,0.00576,0.42,0.29344896
1554785057989,6.008,121.3,0.00573,0.423,0.294005727
1554785058036,6.055,121.3,0.00573,0.423,0.294005727
1554785058082,6.101,121.3,0.00573,0.423,0.294005727
1554785058131,6.15,121.3,0.00573,0.423,0.294005727
1554785058190,6.209,121.2,0.00577,0.42,0.29371608
1554785058236,6.255,121.2,0.00577,0.42,0.29371608
1554785058282,6.301,121.2,0.00577,0.42,0.29371608
1554785058329,6.348,121.2,0.00577,0.42,0.29371608
1554785058390,6.409,121.2,0.00577,0.42,0.29371608
1554785058436,6.455,121.2,0.00577,0.42,0.29371608
1554785058482,6.501,121.2,0.00577,0.42,0.29371608
1554785058528,6.547,121.2,0.00577,0.42,0.29371608
1554785058589,6.608,121.2,0.00574,0.423,0.294276024
1554785058635,6.654,121.2,0.00574,0.423,0.294276024
1554785058681,6.7,121.2,0.00574,0.423,0.294276024
1554785058728,6.747,121.2,0.00574,0.423,0.294276024
1554785058790,6.809,121.2,0.00572,0.424,0.293943936
1554785058836,6.855,121.2,0.00572,0.424,0.293943936
1554785058882,6.901,121.2,0.00572,0.424,0.293943936
1554785058928,6.947,121.2,0.00572,0.424,0.293943936
1554785058989,7.008,121.2,0.00569,0.423,0.291712644
1554785059035,7.054,121.2,0.00569,0.423,0.291712644
1554785059082,7.101,121.2,0.00569,0.423,0.291712644
1554785059128,7.147,121.2,0.00569,0.423,0.291712644
1554785059190,7.209,121.2,0.00574,0.422,0.293580336
1554785059236,7.255,121.2,0.00574,0.422,0.293580336
1554785059282,7.301,121.2,0.00574,0.422,0.293580336
1554785059328,7.347,121.2,0.00574,0.422,0.293580336
1554785059389,7.408,121.2,0.00571,0.423,0.292737996
1554785059435,7.454,121.2,0.00571,0.423,0.292737996
1554785059481,7.5,121.2,0.00571,0.423,0.292737996
1554785059527,7.546,121.2,0.00571,0.423,0.292737996
1554785059590,7.609,121.2,0.00571,0.424,0.293430048
1554785059636,7.655,121.2,0.00571,0.424,0.293430048
1554785059682,7.701,121.2,0.00571,0.424,0.293430048
1554785059728,7.747,121.2,0.00571,0.424,0.293430048
1554785059789,7.808,121.2,0.00569,0.425,0.2930919
1554785059835,7.854,121.2,0.00569,0.425,0.2930919
1554785059882,7.901,121.2,0.00569,0.425,0.2930919
1554785059928,7.947,121.2,0.00569,0.425,0.2930919
1554785059990,8.009,121.2,0.0057,0.425,0.293607
1554785060036,8.055,121.2,0.0057,0.425,0.293607
1554785060082,8.101,121.2,0.0057,0.425,0.293607
1554785060128,8.147,121.2,0.0057,0.425,0.293607
1554785060189,8.208,121.2,0.00566,0.427,0.292918584
1554785060236,8.255,121.2,0.00566,0.427,0.292918584
1554785060282,8.301,121.2,0.00566,0.427,0.292918584
1554785060328,8.347,121.2,0.00566,0.427,0.292918584
1554785060389,8.408,121.2,0.00564,0.424,0.289832832
1554785060435,8.454,121.2,0.00564,0.424,0.289832832
1554785060481,8.5,121.2,0.00564,0.424,0.289832832
1554785060527,8.546,121.2,0.00564,0.424,0.289832832
1554785060589,8.608,121.2,0.00568,0.424,0.291888384
1554785060636,8.655,121.2,0.00568,0.424,0.291888384
1554785060682,8.701,121.2,0.00568,0.424,0.291888384
1554785060728,8.747,121.2,0.00568,0.424,0.291888384
1554785060789,8.808,121.3,0.00568,0.422,0.290751248
1554785060835,8.854,121.3,0.00568,0.422,0.290751248
1554785060881,8.9,121.3,0.00568,0.422,0.290751248
1554785060927,8.946,121.3,0.00568,0.422,0.290751248
1554785060989,9.008,121.3,0.00569,0.423,0.291953331
1554785061036,9.055,121.3,0.00569,0.423,0.291953331
1554785061082,9.101,121.3,0.00569,0.423,0.291953331
1554785061128,9.147,121.3,0.00569,0.423,0.291953331
1554785061189,9.208,121.3,0.0057,0.423,0.29246643
1554785061235,9.254,121.3,0.0057,0.423,0.29246643
1554785061281,9.3,121.3,0.0057,0.423,0.29246643
1554785061327,9.346,121.3,0.0057,0.423,0.29246643
1554785061390,9.409,121.3,0.00569,0.423,0.291953331
1554785061436,9.455,121.3,0.00569,0.423,0.291953331
1554785061482,9.501,121.3,0.00569,0.423,0.291953331
1554785061528,9.547,121.3,0.00569,0.423,0.291953331
1554785061589,9.608,121.3,0.00573,0.423,0.294005727
1554785061635,9.654,121.3,0.00573,0.423,0.294005727
1554785061681,9.7,121.3,0.00573,0.423,0.294005727
1554785061727,9.746,121.3,0.00573,0.423,0.294005727
1554785061790,9.809,121.3,0.00572,0.423,0.293492628
1554785061836,9.855,121.3,0.00572,0.423,0.293492628
1554785061882,9.901,121.3,0.00572,0.423,0.293492628
1554785061928,9.947,121.3,0.00572,0.423,0.293492628
1554785061989,10.008,121.3,0.00571,0.425,0.294364775
1554785062035,10.054,121.3,0.00571,0.425,0.294364775
1554785062081,10.1,121.3,0.00571,0.425,0.294364775
1554785062127,10.146,121.3,0.00571,0.425,0.294364775
1554785062189,10.208,121.3,0.00572,0.425,0.2948803
1554785062234,10.253,121.3,0.00572,0.425,0.2948803
1554785062281,10.3,121.3,0.00572,0.425,0.2948803
1554785062327,10.346,121.3,0.00572,0.425,0.2948803
1554785062389,10.408,121.2,0.00573,0.423,0.293763348
1554785062435,10.454,121.2,0.00573,0.423,0.293763348
1554785062481,10.5,121.2,0.00573,0.423,0.293763348
1554785062527,10.546,121.2,0.00573,0.423,0.293763348
1554785062589,10.608,121.2,0.00575,0.424,0.2954856
1554785062635,10.654,121.2,0.00575,0.424,0.2954856
1554785062680,10.699,121.2,0.00575,0.424,0.2954856
1554785062726,10.745,121.2,0.00575,0.424,0.2954856
1554785062789,10.808,121.2,0.00573,0.422,0.293068872
1554785062835,10.854,121.2,0.00573,0.422,0.293068872
1554785062881,10.9,121.2,0.00573,0.422,0.293068872
1554785062927,10.946,121.2,0.00573,0.422,0.293068872
1554785062989,11.008,121.2,0.00572,0.423,0.293250672
1554785063035,11.054,121.2,0.00572,0.423,0.293250672
1554785063081,11.1,121.2,0.00572,0.423,0.293250672
1554785063127,11.146,121.2,0.00572,0.423,0.293250672
1554785063190,11.209,121.2,0.00571,0.421,0.291353892
1554785063236,11.255,121.2,0.00571,0.421,0.291353892
1554785063282,11.301,121.2,0.00571,0.421,0.291353892
1554785063328,11.347,121.2,0.00571,0.421,0.291353892
1554785063389,11.408,121.2,0.00572,0.421,0.291864144
1554785063435,11.454,121.2,0.00572,0.421,0.291864144
1554785063481,11.5,121.2,0.00572,0.421,0.291864144
1554785063527,11.547,121.2,0.00572,0.421,0.291864144
1554785063588,11.608,121.2,0.00572,0.422,0.292557408
1554785063635,11.654,121.2,0.00572,0.422,0.292557408
1554785063683,11.702,121.2,0.00572,0.422,0.292557408
1554785063729,11.748,121.2,0.00572,0.422,0.292557408
1554785063789,11.808,121.2,0.00569,0.422,0.291023016
1554785063835,11.854,121.2,0.00569,0.422,0.291023016
1554785063881,11.9,121.2,0.00569,0.422,0.291023016
1554785063927,11.946,121.2,0.00569,0.422,0.291023016
1554785063988,12.008,121.2,0.00567,0.424,0.291374496
1554785064034,12.053,121.2,0.00567,0.424,0.291374496
1554785064080,12.099,121.2,0.00567,0.424,0.291374496
1554785064127,12.146,121.2,0.00567,0.424,0.291374496
1554785064189,12.208,121.2,0.00566,0.425,0.2915466
1554785064235,12.254,121.2,0.00566,0.425,0.2915466
1554785064281,12.3,121.2,0.00566,0.425,0.2915466
1554785064327,12.346,121.2,0.00566,0.425,0.2915466
1554785064390,12.409,121.2,0.00565,0.426,0.29171628
1554785064436,12.455,121.2,0.00565,0.426,0.29171628
1554785064482,12.501,121.2,0.00565,0.426,0.29171628
1554785064528,12.547,121.2,0.00565,0.426,0.29171628
1554785064589,12.608,121.2,0.00567,0.424,0.291374496
1554785064636,12.655,121.2,0.00567,0.424,0.291374496
1554785064682,12.701,121.2,0.00567,0.424,0.291374496
1554785064728,12.747,121.2,0.00567,0.424,0.291374496
1554785064789,12.808,121.2,0.00569,0.425,0.2930919
1554785064835,12.854,121.2,0.00569,0.425,0.2930919
1554785064881,12.9,121.2,0.00569,0.425,0.2930919
1554785064927,12.946,121.2,0.00569,0.425,0.2930919
1554785064989,13.008,121.3,0.0057,0.424,0.29315784
1554785065035,13.054,121.3,0.0057,0.424,0.29315784
1554785065081,13.1,121.3,0.0057,0.424,0.29315784
1554785065127,13.146,121.3,0.0057,0.424,0.29315784
1554785065189,13.208,121.3,0.00568,0.423,0.291440232
1554785065235,13.254,121.3,0.00568,0.423,0.291440232
1554785065282,13.301,121.3,0.00568,0.423,0.291440232
1554785065328,13.347,121.3,0.00568,0.423,0.291440232
1554785065388,13.407,121.3,0.0057,0.423,0.29246643
1554785065434,13.453,121.3,0.0057,0.423,0.29246643
1554785065480,13.499,121.3,0.0057,0.423,0.29246643
1554785065526,13.545,121.3,0.0057,0.423,0.29246643
1554785065588,13.607,121.3,0.00574,0.424,0.295215088
1554785065634,13.653,121.3,0.00574,0.424,0.295215088
1554785065680,13.699,121.3,0.00574,0.424,0.295215088
1554785065726,13.745,121.3,0.00574,0.424,0.295215088
1554785065789,13.808,121.3,0.00578,0.418,0.293065652
1554785065834,13.853,121.3,0.00578,0.418,0.293065652
1554785065880,13.899,121.3,0.00578,0.418,0.293065652
1554785065926,13.945,121.3,0.00578,0.418,0.293065652
1554785065989,14.008,121.3,0.00579,0.42,0.29497734
1554785066035,14.054,121.3,0.00579,0.42,0.29497734
1554785066081,14.1,121.3,0.00579,0.42,0.29497734
1554785066127,14.146,121.3,0.00579,0.42,0.29497734
1554785066188,14.207,121.3,0.00572,0.423,0.293492628
1554785066234,14.253,121.3,0.00572,0.423,0.293492628
1554785066279,14.298,121.3,0.00572,0.423,0.293492628
1554785066325,14.344,121.3,0.00572,0.423,0.293492628
1554785066389,14.408,121.3,0.00571,0.425,0.294364775
1554785066434,14.453,121.3,0.00571,0.425,0.294364775
1554785066480,14.499,121.3,0.00571,0.425,0.294364775
1554785066526,14.545,121.3,0.00571,0.425,0.294364775
1554785066588,14.607,121.2,0.00572,0.425,0.2946372
1554785066634,14.653,121.2,0.00572,0.425,0.2946372
1554785066680,14.699,121.2,0.00572,0.425,0.2946372
1554785066727,14.746,121.2,0.00572,0.425,0.2946372
1554785066789,14.808,121.3,0.00571,0.423,0.292979529
1554785066835,14.854,121.3,0.00571,0.423,0.292979529
1554785066881,14.9,121.3,0.00571,0.423,0.292979529
1554785066928,14.947,121.3,0.00571,0.423,0.292979529
1554785066989,15.008,121.3,0.00572,0.422,0.292798792
1554785067035,15.054,121.3,0.00572,0.422,0.292798792
1554785067081,15.1,121.3,0.00572,0.422,0.292798792
1554785067127,15.146,121.3,0.00572,0.422,0.292798792
1554785067188,15.207,121.2,0.00567,0.423,0.290687292
1554785067234,15.253,121.2,0.00567,0.423,0.290687292
1554785067280,15.299,121.2,0.00567,0.423,0.290687292
1554785067326,15.345,121.2,0.00567,0.423,0.290687292
1554785067388,15.407,121.2,0.0057,0.422,0.29153448
1554785067435,15.454,121.2,0.0057,0.422,0.29153448
1554785067481,15.5,121.2,0.0057,0.422,0.29153448
1554785067527,15.546,121.2,0.0057,0.422,0.29153448
1554785067588,15.607,121.1,0.00572,0.424,0.293701408
1554785067634,15.653,121.1,0.00572,0.424,0.293701408
1554785067680,15.699,121.1,0.00572,0.424,0.293701408
1554785067726,15.745,121.1,0.00572,0.424,0.293701408
1554785067789,15.808,121.2,0.00574,0.421,0.292884648
1554785067835,15.854,121.2,0.00574,0.421,0.292884648
1554785067881,15.9,121.2,0.00574,0.421,0.292884648
1554785067927,15.946,121.2,0.00574,0.421,0.292884648
1554785067988,16.007,121.2,0.00574,0.421,0.292884648
1554785068034,16.053,121.2,0.00574,0.421,0.292884648
1554785068080,16.099,121.2,0.00574,0.421,0.292884648
1554785068126,16.145,121.2,0.00574,0.421,0.292884648
1554785068189,16.208,121.2,0.00573,0.421,0.292374396
1554785068235,16.254,121.2,0.00573,0.421,0.292374396
1554785068281,16.3,121.2,0.00573,0.421,0.292374396
1554785068327,16.346,121.2,0.00573,0.421,0.292374396
1554785068388,16.407,121.2,0.00568,0.419,0.288446304
1554785068434,16.453,121.2,0.00568,0.419,0.288446304
1554785068480,16.499,121.2,0.00568,0.419,0.288446304
1554785068526,16.545,121.2,0.00568,0.419,0.288446304
1554785068588,16.607,121.2,0.00568,0.424,0.291888384
1554785068636,16.655,121.2,0.00568,0.424,0.291888384
1554785068682,16.701,121.2,0.00568,0.424,0.291888384
1554785068728,16.747,121.2,0.00568,0.424,0.291888384
1554785068789,16.808,121.2,0.00567,0.424,0.291374496
1554785068835,16.854,121.2,0.00567,0.424,0.291374496
1554785068881,16.9,121.2,0.00567,0.424,0.291374496
1554785068927,16.946,121.2,0.00567,0.424,0.291374496
1554785068988,17.007,121.2,0.0057,0.424,0.29291616
1554785069035,17.054,121.2,0.0057,0.424,0.29291616
1554785069081,17.1,121.2,0.0057,0.424,0.29291616
1554785069127,17.146,121.2,0.0057,0.424,0.29291616
1554785069188,17.207,121.3,0.00572,0.424,0.294186464
1554785069234,17.253,121.3,0.00572,0.424,0.294186464
1554785069280,17.299,121.3,0.00572,0.424,0.294186464
1554785069326,17.345,121.3,0.00572,0.424,0.294186464
1554785069389,17.408,121.3,0.00567,0.424,0.291614904
1554785069435,17.454,121.3,0.00567,0.424,0.291614904
1554785069481,17.5,121.3,0.00567,0.424,0.291614904
1554785069527,17.546,121.3,0.00567,0.424,0.291614904
1554785069588,17.607,121.3,0.00568,0.425,0.2928182
1554785069634,17.653,121.3,0.00568,0.425,0.2928182
1554785069680,17.699,121.3,0.00568,0.425,0.2928182
1554785069726,17.745,121.3,0.00568,0.425,0.2928182
1554785069788,17.807,121.3,0.00571,0.428,0.296442644
1554785069834,17.853,121.3,0.00571,0.428,0.296442644
1554785069880,17.899,121.3,0.00571,0.428,0.296442644
1554785069927,17.946,121.3,0.00571,0.428,0.296442644
1554785069989,18.008,121.3,0.0057,0.426,0.29454066
1554785070035,18.054,121.3,0.0057,0.426,0.29454066
1554785070081,18.1,121.3,0.0057,0.426,0.29454066
1554785070127,18.146,121.3,0.0057,0.426,0.29454066
1554785070188,18.207,121.3,0.00571,0.424,0.293672152
1554785070234,18.253,121.3,0.00571,0.424,0.293672152
1554785070280,18.299,121.3,0.00571,0.424,0.293672152
1554785070326,18.345,121.3,0.00571,0.424,0.293672152
1554785070388,18.407,121.3,0.00571,0.425,0.294364775
1554785070435,18.454,121.3,0.00571,0.425,0.294364775
1554785070481,18.5,121.3,0.00571,0.425,0.294364775
1554785070527,18.546,121.3,0.00571,0.425,0.294364775
1554785070588,18.607,121.3,0.00573,0.425,0.295395825
1554785070634,18.653,121.3,0.00573,0.425,0.295395825
1554785070680,18.699,121.3,0.00573,0.425,0.295395825
1554785070726,18.745,121.3,0.00573,0.425,0.295395825
1554785070788,18.807,121.3,0.00573,0.423,0.294005727
1554785070834,18.853,121.3,0.00573,0.423,0.294005727
1554785070880,18.899,121.3,0.00573,0.423,0.294005727
1554785070927,18.946,121.3,0.00573,0.423,0.294005727
1554785070988,19.007,121.3,0.0057,0.423,0.29246643
1554785071033,19.052,121.3,0.0057,0.423,0.29246643
1554785071080,19.099,121.3,0.0057,0.423,0.29246643
1554785071126,19.145,121.3,0.0057,0.423,0.29246643
1554785071188,19.207,121.3,0.00566,0.428,0.293846824
1554785071234,19.253,121.3,0.00566,0.428,0.293846824
1554785071280,19.299,121.3,0.00566,0.428,0.293846824
1554785071326,19.345,121.3,0.00566,0.428,0.293846824
1554785071389,19.408,121.2,0.00566,0.426,0.292232592
1554785071435,19.454,121.2,0.00566,0.426,0.292232592
1554785071481,19.5,121.2,0.00566,0.426,0.292232592
1554785071527,19.546,121.2,0.00566,0.426,0.292232592
1554785071588,19.607,121.2,0.00564,0.425,0.2905164
1554785071634,19.653,121.2,0.00564,0.425,0.2905164
1554785071680,19.699,121.2,0.00564,0.425,0.2905164
1554785071726,19.745,121.2,0.00564,0.425,0.2905164
1554785071789,19.808,121.2,0.00564,0.425,0.2905164
1554785071835,19.854,121.2,0.00564,0.425,0.2905164
1554785071881,19.9,121.2,0.00564,0.425,0.2905164
1554785071927,19.946,121.2,0.00564,0.425,0.2905164
1554785071988,20.007,121.2,0.00564,0.427,0.291883536
1554785072034,20.053,121.2,0.00564,0.427,0.291883536
1554785072080,20.099,121.2,0.00564,0.427,0.291883536
1554785072126,20.146,121.2,0.00564,0.427,0.291883536
1554785072188,20.207,121.2,0.00564,0.424,0.289832832
1554785072234,20.253,121.2,0.00564,0.424,0.289832832
1554785072280,20.299,121.2,0.00564,0.424,0.289832832
1554785072326,20.345,121.2,0.00564,0.424,0.289832832
1554785072388,20.407,121.2,0.00562,0.424,0.288805056
1554785072434,20.453,121.2,0.00562,0.424,0.288805056
1554785072480,20.499,121.2,0.00562,0.424,0.288805056
1554785072527,20.546,121.2,0.00562,0.424,0.288805056
1554785072588,20.607,121.2,0.00563,0.424,0.289318944
1554785072634,20.653,121.2,0.00563,0.424,0.289318944
1554785072680,20.699,121.2,0.00563,0.424,0.289318944
1554785072726,20.745,121.2,0.00563,0.424,0.289318944
1554785072788,20.807,121.2,0.00565,0.426,0.29171628
1554785072834,20.853,121.2,0.00565,0.426,0.29171628
1554785072880,20.899,121.2,0.00565,0.426,0.29171628
1554785072926,20.945,121.2,0.00565,0.426,0.29171628
1554785072988,21.007,121.2,0.00566,0.426,0.292232592
1554785073033,21.052,121.2,0.00566,0.426,0.292232592
1554785073080,21.099,121.2,0.00566,0.426,0.292232592
1554785073126,21.145,121.2,0.00566,0.426,0.292232592
1554785073188,21.207,121.2,0.00573,0.423,0.293763348
1554785073234,21.253,121.2,0.00573,0.423,0.293763348
1554785073280,21.299,121.2,0.00573,0.423,0.293763348
1554785073326,21.345,121.2,0.00573,0.423,0.293763348
1554785073388,21.407,121.2,0.00571,0.423,0.292737996
1554785073434,21.453,121.2,0.00571,0.423,0.292737996
1554785073480,21.499,121.2,0.00571,0.423,0.292737996
1554785073526,21.545,121.2,0.00571,0.423,0.292737996
1554785073588,21.607,121.2,0.00567,0.426,0.292748904
1554785073635,21.654,121.2,0.00567,0.426,0.292748904
1554785073681,21.7,121.2,0.00567,0.426,0.292748904
1554785073727,21.746,121.2,0.00567,0.426,0.292748904
1554785073788,21.807,121.2,0.00566,0.429,0.294290568
1554785073834,21.853,121.2,0.00566,0.429,0.294290568
1554785073880,21.899,121.2,0.00566,0.429,0.294290568
1554785073926,21.945,121.2,0.00566,0.429,0.294290568
1554785073988,22.007,121.3,0.00569,0.428,0.295404316
1554785074033,22.052,121.3,0.00569,0.428,0.295404316
1554785074080,22.099,121.3,0.00569,0.428,0.295404316
1554785074126,22.145,121.3,0.00569,0.428,0.295404316
1554785074188,22.207,121.3,0.00568,0.426,0.293507184
1554785074234,22.253,121.3,0.00568,0.426,0.293507184
1554785074281,22.3,121.3,0.00568,0.426,0.293507184
1554785074327,22.346,121.3,0.00568,0.426,0.293507184
1554785074388,22.407,121.3,0.0057,0.427,0.29523207
1554785074434,22.453,121.3,0.0057,0.427,0.29523207
1554785074480,22.499,121.3,0.0057,0.427,0.29523207
1554785074526,22.545,121.3,0.0057,0.427,0.29523207
1554785074588,22.607,121.3,0.00569,0.426,0.294023922
1554785074634,22.653,121.3,0.00569,0.426,0.294023922
1554785074681,22.7,121.3,0.00569,0.426,0.294023922
1554785074727,22.746,121.3,0.00569,0.426,0.294023922
1554785074788,22.807,121.3,0.00572,0.423,0.293492628
1554785074834,22.853,121.3,0.00572,0.423,0.293492628
1554785074880,22.899,121.3,0.00572,0.423,0.293492628
1554785074926,22.945,121.3,0.00572,0.423,0.293492628
1554785074987,23.006,121.3,0.00571,0.425,0.294364775
1554785075033,23.052,121.3,0.00571,0.425,0.294364775
1554785075079,23.098,121.3,0.00571,0.425,0.294364775
1554785075125,23.144,121.3,0.00571,0.425,0.294364775
1554785075188,23.207,121.3,0.00568,0.424,0.292129216
1554785075234,23.253,121.3,0.00568,0.424,0.292129216
1554785075280,23.299,121.3,0.00568,0.424,0.292129216
1554785075326,23.345,121.3,0.00568,0.424,0.292129216
1554785075387,23.406,121.3,0.00565,0.424,0.29058628
1554785075434,23.453,121.3,0.00565,0.424,0.29058628
1554785075480,23.499,121.3,0.00565,0.424,0.29058628
1554785075526,23.545,121.3,0.00565,0.424,0.29058628
1554785075587,23.606,121.2,0.00566,0.427,0.292918584
1554785075633,23.652,121.2,0.00566,0.427,0.292918584
1554785075679,23.698,121.2,0.00566,0.427,0.292918584
1554785075725,23.745,121.2,0.00566,0.427,0.292918584
1554785075788,23.807,121.2,0.00569,0.421,0.290333388
1554785075834,23.853,121.2,0.00569,0.421,0.290333388
1554785075880,23.899,121.2,0.00569,0.421,0.290333388
1554785075926,23.945,121.2,0.00569,0.421,0.290333388
1554785075987,24.006,121.2,0.00569,0.424,0.292402272
1554785076033,24.052,121.2,0.00569,0.424,0.292402272
1554785076079,24.099,121.2,0.00569,0.424,0.292402272
1554785076126,24.145,121.2,0.00569,0.424,0.292402272
1554785076188,24.207,121.2,0.00565,0.424,0.29034672
1554785076234,24.253,121.2,0.00565,0.424,0.29034672
1554785076280,24.3,121.2,0.00565,0.424,0.29034672
1554785076327,24.346,121.2,0.00565,0.424,0.29034672
1554785076388,24.407,121.2,0.00558,0.425,0.2874258
1554785076434,24.453,121.2,0.00558,0.425,0.2874258
1554785076480,24.499,121.2,0.00558,0.425,0.2874258
1554785076526,24.545,121.2,0.00558,0.425,0.2874258
1554785076587,24.606,121.1,0.00564,0.424,0.289593696
1554785076633,24.652,121.1,0.00564,0.424,0.289593696
1554785076679,24.698,121.1,0.00564,0.424,0.289593696
1554785076725,24.744,121.1,0.00564,0.424,0.289593696
1554785076787,24.807,121.1,0.00577,0.422,0.294871234
1554785076834,24.853,121.1,0.00577,0.422,0.294871234
1554785076880,24.899,121.1,0.00577,0.422,0.294871234
1554785076926,24.945,121.1,0.00577,0.422,0.294871234
1554785076988,25.007,121.2,0.00562,0.424,0.288805056
1554785077034,25.053,121.2,0.00562,0.424,0.288805056
1554785077080,25.099,121.2,0.00562,0.424,0.288805056
1554785077126,25.145,121.2,0.00562,0.424,0.288805056
1554785077187,25.206,121.2,0.00571,0.423,0.292737996
1554785077233,25.252,121.2,0.00571,0.423,0.292737996
1554785077279,25.298,121.2,0.00571,0.423,0.292737996
1554785077325,25.344,121.2,0.00571,0.423,0.292737996
1554785077388,25.407,121.2,0.00571,0.423,0.292737996
1554785077434,25.453,121.2,0.00571,0.423,0.292737996
1554785077480,25.499,121.2,0.00571,0.423,0.292737996
1554785077526,25.545,121.2,0.00571,0.423,0.292737996
1554785077587,25.606,121.2,0.00568,0.423,0.291199968
1554785077633,25.652,121.2,0.00568,0.423,0.291199968
1554785077679,25.698,121.2,0.00568,0.423,0.291199968
1554785077725,25.744,121.2,0.00568,0.423,0.291199968
1554785077788,25.807,121.2,0.0057,0.423,0.29222532
1554785077834,25.853,121.2,0.0057,0.423,0.29222532
1554785077880,25.899,121.2,0.0057,0.423,0.29222532
1554785077926,25.945,121.2,0.0057,0.423,0.29222532
1554785077987,26.006,121.2,0.00571,0.429,0.296890308
1554785078033,26.052,121.2,0.00571,0.429,0.296890308
1554785078080,26.099,121.2,0.00571,0.429,0.296890308
1554785078126,26.145,121.2,0.00571,0.429,0.296890308
1554785078187,26.206,121.3,0.00573,0.427,0.296785923
1554785078233,26.252,121.3,0.00573,0.427,0.296785923
1554785078279,26.298,121.3,0.00573,0.427,0.296785923
1554785078325,26.344,121.3,0.00573,0.427,0.296785923
1554785078387,26.406,121.3,0.00573,0.423,0.294005727
1554785078433,26.452,121.3,0.00573,0.423,0.294005727
1554785078479,26.498,121.3,0.00573,0.423,0.294005727
1554785078526,26.545,121.3,0.00573,0.423,0.294005727
1554785078588,26.607,121.3,0.00576,0.423,0.295545024
1554785078634,26.653,121.3,0.00576,0.423,0.295545024
1554785078680,26.699,121.3,0.00576,0.423,0.295545024
1554785078726,26.745,121.3,0.00576,0.423,0.295545024
1554785078787,26.806,121.3,0.0057,0.425,0.29384925
1554785078833,26.852,121.3,0.0057,0.425,0.29384925
1554785078880,26.899,121.3,0.0057,0.425,0.29384925
1554785078926,26.945,121.3,0.0057,0.425,0.29384925
1554785078987,27.006,121.3,0.00573,0.425,0.295395825
1554785079033,27.052,121.3,0.00573,0.425,0.295395825
1554785079079,27.098,121.3,0.00573,0.425,0.295395825
1554785079125,27.144,121.3,0.00573,0.425,0.295395825
1554785079187,27.206,121.3,0.00572,0.421,0.292104956
1554785079233,27.252,121.3,0.00572,0.421,0.292104956
1554785079279,27.298,121.3,0.00572,0.421,0.292104956
1554785079326,27.345,121.3,0.00572,0.421,0.292104956
1554785079387,27.406,121.3,0.0057,0.421,0.29108361
1554785079433,27.452,121.3,0.0057,0.421,0.29108361
1554785079479,27.498,121.3,0.0057,0.421,0.29108361
1554785079525,27.544,121.3,0.0057,0.421,0.29108361
1554785079587,27.606,121.3,0.00569,0.421,0.290572937
1554785079633,27.652,121.3,0.00569,0.421,0.290572937
1554785079679,27.699,121.3,0.00569,0.421,0.290572937
1554785079726,27.745,121.3,0.00569,0.421,0.290572937
1554785079787,27.806,121.2,0.0057,0.424,0.29291616
1554785079833,27.852,121.2,0.0057,0.424,0.29291616
1554785079879,27.898,121.2,0.0057,0.424,0.29291616
1554785079925,27.944,121.2,0.0057,0.424,0.29291616
1554785079988,28.007,121.2,0.00568,0.423,0.291199968
1554785080034,28.053,121.2,0.00568,0.423,0.291199968
1554785080080,28.099,121.2,0.00568,0.423,0.291199968
1554785080126,28.145,121.2,0.00568,0.423,0.291199968
1554785080187,28.206,121.2,0.00567,0.422,0.290000088
1554785080233,28.252,121.2,0.00567,0.422,0.290000088
1554785080279,28.298,121.2,0.00567,0.422,0.290000088
1554785080325,28.344,121.2,0.00567,0.422,0.290000088
1554785080387,28.406,121.2,0.00561,0.425,0.2889711
1554785080433,28.453,121.2,0.00561,0.425,0.2889711
1554785080480,28.499,121.2,0.00561,0.425,0.2889711
1554785080526,28.545,121.2,0.00561,0.425,0.2889711
1554785080587,28.606,121.2,0.00566,0.423,0.290174616
1554785080633,28.652,121.2,0.00566,0.423,0.290174616
1554785080679,28.698,121.2,0.00566,0.423,0.290174616
1554785080725,28.744,121.2,0.00566,0.423,0.290174616
1554785080787,28.806,121.2,0.0057,0.423,0.29222532
1554785080833,28.852,121.2,0.0057,0.423,0.29222532
1554785080879,28.898,121.2,0.0057,0.423,0.29222532
1554785080925,28.944,121.2,0.0057,0.423,0.29222532
1554785080987,29.006,121.2,0.00571,0.423,0.292737996
1554785081034,29.053,121.2,0.00571,0.423,0.292737996
1554785081080,29.099,121.2,0.00571,0.423,0.292737996
1554785081126,29.145,121.2,0.00571,0.423,0.292737996
1554785081187,29.206,121.2,0.00571,0.425,0.2941221
1554785081233,29.252,121.2,0.00571,0.425,0.2941221
1554785081279,29.298,121.2,0.00571,0.425,0.2941221
1554785081325,29.344,121.2,0.00571,0.425,0.2941221
1554785081387,29.406,121.2,0.00572,0.423,0.293250672
1554785081433,29.452,121.2,0.00572,0.423,0.293250672
1554785081479,29.498,121.2,0.00572,0.423,0.293250672
1554785081525,29.544,121.2,0.00572,0.423,0.293250672
1554785081586,29.606,121.2,0.0057,0.423,0.29222532
1554785081633,29.652,121.2,0.0057,0.423,0.29222532
1554785081679,29.698,121.2,0.0057,0.423,0.29222532
1554785081725,29.744,121.2,0.0057,0.423,0.29222532
1554785081787,29.806,121.2,0.00574,0.426,0.296363088
1554785081833,29.852,121.2,0.00574,0.426,0.296363088
1554785081879,29.898,121.2,0.00574,0.426,0.296363088
1554785081925,29.945,121.2,0.00574,0.426,0.296363088
1554785081987,30.006,121.3,0.0057,0.426,0.29454066
1554785082033,30.052,121.3,0.0057,0.426,0.29454066
1554785082079,30.098,121.3,0.0057,0.426,0.29454066
1554785082125,30.144,121.3,0.0057,0.426,0.29454066
1554785082187,30.206,121.3,0.00573,0.425,0.295395825
1554785082233,30.252,121.3,0.00573,0.425,0.295395825
1554785082279,30.298,121.3,0.00573,0.425,0.295395825
1554785082326,30.345,121.3,0.00573,0.425,0.295395825
1554785082387,30.406,121.3,0.00569,0.425,0.293333725
1554785082433,30.452,121.3,0.00569,0.425,0.293333725
1554785082479,30.498,121.3,0.00569,0.425,0.293333725
1554785082525,30.544,121.3,0.00569,0.425,0.293333725
1554785082587,30.606,121.2,0.0057,0.424,0.29291616
1554785082633,30.652,121.2,0.0057,0.424,0.29291616
1554785082679,30.698,121.2,0.0057,0.424,0.29291616
1554785082725,30.744,121.2,0.0057,0.424,0.29291616
1554785082787,30.806,121.2,0.00571,0.426,0.294814152
1554785082834,30.853,121.2,0.00571,0.426,0.294814152
1554785082880,30.899,121.2,0.00571,0.426,0.294814152
1554785082926,30.945,121.2,0.00571,0.426,0.294814152
1554785082987,31.006,121.2,0.00569,0.425,0.2930919
1554785083033,31.052,121.2,0.00569,0.425,0.2930919
1554785083079,31.098,121.2,0.00569,0.425,0.2930919
1554785083125,31.144,121.2,0.00569,0.425,0.2930919
1554785083186,31.205,121.3,0.00571,0.423,0.292979529
1554785083232,31.251,121.3,0.00571,0.423,0.292979529
1554785083278,31.297,121.3,0.00571,0.423,0.292979529
1554785083324,31.344,121.3,0.00571,0.423,0.292979529
1554785083387,31.406,121.3,0.00571,0.423,0.292979529
1554785083433,31.452,121.3,0.00571,0.423,0.292979529
1554785083479,31.498,121.3,0.00571,0.423,0.292979529
1554785083525,31.544,121.3,0.00571,0.423,0.292979529
1554785083586,31.605,121.2,0.00569,0.424,0.292402272
1554785083632,31.651,121.2,0.00569,0.424,0.292402272
1554785083678,31.697,121.2,0.00569,0.424,0.292402272
1554785083724,31.743,121.2,0.00569,0.424,0.292402272
1554785083787,31.806,121.2,0.00573,0.421,0.292374396
1554785083833,31.852,121.2,0.00573,0.421,0.292374396
1554785083879,31.898,121.2,0.00573,0.421,0.292374396
1554785083925,31.944,121.2,0.00573,0.421,0.292374396
1554785083986,32.005,121.2,0.00569,0.421,0.290333388
1554785084032,32.051,121.2,0.00569,0.421,0.290333388
1554785084078,32.097,121.2,0.00569,0.421,0.290333388
1554785084124,32.144,121.2,0.00569,0.421,0.290333388
1554785084187,32.206,121.2,0.00566,0.422,0.289488624
1554785084233,32.252,121.2,0.00566,0.422,0.289488624
1554785084279,32.298,121.2,0.00566,0.422,0.289488624
1554785084325,32.344,121.2,0.00566,0.422,0.289488624
1554785084386,32.405,121.2,0.00565,0.424,0.29034672
1554785084432,32.451,121.2,0.00565,0.424,0.29034672
1554785084478,32.497,121.2,0.00565,0.424,0.29034672
1554785084524,32.544,121.2,0.00565,0.424,0.29034672
1554785084587,32.606,121.2,0.00567,0.423,0.290687292
1554785084633,32.652,121.2,0.00567,0.423,0.290687292
1554785084679,32.698,121.2,0.00567,0.423,0.290687292
1554785084725,32.744,121.2,0.00567,0.423,0.290687292
1554785084786,32.805,121.2,0.00569,0.423,0.291712644
1554785084832,32.851,121.2,0.00569,0.423,0.291712644
1554785084878,32.897,121.2,0.00569,0.423,0.291712644
1554785084924,32.944,121.2,0.00569,0.423,0.291712644
1554785084987,33.006,121.2,0.00572,0.425,0.2946372
1554785085033,33.052,121.2,0.00572,0.425,0.2946372
1554785085079,33.098,121.2,0.00572,0.425,0.2946372
1554785085125,33.144,121.2,0.00572,0.425,0.2946372
1554785085186,33.205,121.2,0.0057,0.423,0.29222532
1554785085232,33.251,121.2,0.0057,0.423,0.29222532
1554785085278,33.297,121.2,0.0057,0.423,0.29222532
1554785085324,33.344,121.2,0.0057,0.423,0.29222532
1554785085387,33.406,121.2,0.0057,0.423,0.29222532
1554785085433,33.452,121.2,0.0057,0.423,0.29222532
1554785085479,33.498,121.2,0.0057,0.423,0.29222532
1554785085525,33.544,121.2,0.0057,0.423,0.29222532
1554785085586,33.605,121.2,0.00572,0.422,0.292557408
1554785085632,33.651,121.2,0.00572,0.422,0.292557408
1554785085678,33.697,121.2,0.00572,0.422,0.292557408
1554785085724,33.743,121.2,0.00572,0.422,0.292557408
1554785085787,33.806,121.2,0.00575,0.423,0.2947887
1554785085833,33.852,121.2,0.00575,0.423,0.2947887
1554785085879,33.898,121.2,0.00575,0.423,0.2947887
1554785085925,33.944,121.2,0.00575,0.423,0.2947887
1554785085986,34.005,121.2,0.00574,0.424,0.294971712
1554785086032,34.051,121.2,0.00574,0.424,0.294971712
1554785086078,34.097,121.2,0.00574,0.424,0.294971712
1554785086124,34.143,121.2,0.00574,0.424,0.294971712
1554785086187,34.206,121.3,0.0058,0.421,0.29619034
1554785086233,34.252,121.3,0.0058,0.421,0.29619034
1554785086279,34.298,121.3,0.0058,0.421,0.29619034
1554785086325,34.344,121.3,0.0058,0.421,0.29619034
1554785086386,34.405,121.3,0.00582,0.418,0.295093788
1554785086432,34.451,121.3,0.00582,0.418,0.295093788
1554785086478,34.498,121.3,0.00582,0.418,0.295093788
1554785086525,34.544,121.3,0.00582,0.418,0.295093788
1554785086587,34.606,121.3,0.00575,0.421,0.293636975
1554785086633,34.652,121.3,0.00575,0.421,0.293636975
1554785086679,34.698,121.3,0.00575,0.421,0.293636975
1554785086726,34.745,121.3,0.00575,0.421,0.293636975
1554785086787,34.806,121.2,0.00576,0.424,0.295999488
1554785086833,34.852,121.2,0.00576,0.424,0.295999488
1554785086879,34.898,121.2,0.00576,0.424,0.295999488
1554785086925,34.944,121.2,0.00576,0.424,0.295999488
1554785086986,35.005,121.3,0.0057,0.424,0.29315784
1554785087032,35.051,121.3,0.0057,0.424,0.29315784
1554785087078,35.097,121.3,0.0057,0.424,0.29315784
1554785087124,35.143,121.3,0.0057,0.424,0.29315784
1554785087187,35.206,121.3,0.00571,0.423,0.292979529
1554785087233,35.252,121.3,0.00571,0.423,0.292979529
1554785087279,35.298,121.3,0.00571,0.423,0.292979529
1554785087325,35.344,121.3,0.00571,0.423,0.292979529
1554785087386,35.405,121.3,0.00568,0.421,0.290062264
1554785087432,35.451,121.3,0.00568,0.421,0.290062264
1554785087479,35.498,121.3,0.00568,0.421,0.290062264
1554785087525,35.544,121.3,0.00568,0.421,0.290062264
1554785087586,35.605,121.2,0.00566,0.426,0.292232592
1554785087632,35.651,121.2,0.00566,0.426,0.292232592
1554785087678,35.697,121.2,0.00566,0.426,0.292232592
1554785087724,35.743,121.2,0.00566,0.426,0.292232592
1554785087786,35.805,121.2,0.00568,0.423,0.291199968
1554785087832,35.851,121.2,0.00568,0.423,0.291199968
1554785087878,35.897,121.2,0.00568,0.423,0.291199968
1554785087924,35.943,121.2,0.00568,0.423,0.291199968
1554785087987,36.006,121.2,0.00567,0.424,0.291374496
1554785088033,36.052,121.2,0.00567,0.424,0.291374496
1554785088079,36.098,121.2,0.00567,0.424,0.291374496
1554785088125,36.144,121.2,0.00567,0.424,0.291374496
1554785088186,36.206,121.2,0.00569,0.421,0.290333388
1554785088232,36.251,121.2,0.00569,0.421,0.290333388
1554785088278,36.297,121.2,0.00569,0.421,0.290333388
1554785088324,36.344,121.2,0.00569,0.421,0.290333388
1554785088387,36.406,121.2,0.00562,0.423,0.288123912
1554785088433,36.452,121.2,0.00562,0.423,0.288123912
1554785088479,36.498,121.2,0.00562,0.423,0.288123912
1554785088525,36.544,121.2,0.00562,0.423,0.288123912
1554785088586,36.605,121.2,0.00567,0.424,0.291374496
1554785088632,36.651,121.2,0.00567,0.424,0.291374496
1554785088678,36.697,121.2,0.00567,0.424,0.291374496
1554785088725,36.744,121.2,0.00567,0.424,0.291374496
1554785088786,36.805,121.2,0.0057,0.423,0.29222532
1554785088832,36.851,121.2,0.0057,0.423,0.29222532
1554785088878,36.897,121.2,0.0057,0.423,0.29222532
1554785088924,36.943,121.2,0.0057,0.423,0.29222532
1554785088986,37.005,121.2,0.00576,0.421,0.293905152
1554785089032,37.051,121.2,0.00576,0.421,0.293905152
1554785089078,37.097,121.2,0.00576,0.421,0.293905152
1554785089124,37.143,121.2,0.00576,0.421,0.293905152
1554785089186,37.205,121.2,0.00573,0.421,0.292374396
1554785089232,37.252,121.2,0.00573,0.421,0.292374396
1554785089279,37.298,121.2,0.00573,0.421,0.292374396
1554785089325,37.344,121.2,0.00573,0.421,0.292374396
1554785089386,37.405,121.2,0.00568,0.422,0.290511552
1554785089431,37.451,121.2,0.00568,0.422,0.290511552
1554785089478,37.497,121.2,0.00568,0.422,0.290511552
1554785089524,37.543,121.2,0.00568,0.422,0.290511552
1554785089586,37.605,121.2,0.00568,0.425,0.2925768
1554785089632,37.651,121.2,0.00568,0.425,0.2925768
1554785089678,37.698,121.2,0.00568,0.425,0.2925768
1554785089724,37.744,121.2,0.00568,0.425,0.2925768
1554785089786,37.805,121.2,0.00573,0.425,0.2951523
1554785089831,37.85,121.2,0.00573,0.425,0.2951523
1554785089877,37.897,121.2,0.00573,0.425,0.2951523
1554785089924,37.943,121.2,0.00573,0.425,0.2951523
1554785089986,38.005,121.2,0.00575,0.425,0.2961825
1554785090032,38.051,121.2,0.00575,0.425,0.2961825
1554785090078,38.097,121.2,0.00575,0.425,0.2961825
1554785090124,38.143,121.2,0.00575,0.425,0.2961825
1554785090187,38.206,121.2,0.00574,0.423,0.294276024
1554785090233,38.252,121.2,0.00574,0.423,0.294276024
1554785090278,38.298,121.2,0.00574,0.423,0.294276024
1554785090325,38.344,121.2,0.00574,0.423,0.294276024
1554785090386,38.405,121.3,0.00576,0.423,0.295545024
1554785090432,38.451,121.3,0.00576,0.423,0.295545024
1554785090478,38.497,121.3,0.00576,0.423,0.295545024
1554785090524,38.543,121.3,0.00576,0.423,0.295545024
1554785090586,38.605,121.2,0.00573,0.422,0.293068872
1554785090633,38.652,121.2,0.00573,0.422,0.293068872
1554785090678,38.697,121.2,0.00573,0.422,0.293068872
1554785090725,38.744,121.2,0.00573,0.422,0.293068872
1554785090786,38.805,121.2,0.00573,0.424,0.294457824
1554785090831,38.85,121.2,0.00573,0.424,0.294457824
1554785090878,38.897,121.2,0.00573,0.424,0.294457824
1554785090924,38.943,121.2,0.00573,0.424,0.294457824
1554785090986,39.005,121.2,0.00574,0.425,0.2956674
1554785091032,39.051,121.2,0.00574,0.425,0.2956674
1554785091078,39.097,121.2,0.00574,0.425,0.2956674
1554785091124,39.143,121.2,0.00574,0.425,0.2956674
1554785091187,39.206,121.2,0.0057,0.424,0.29291616
1554785091232,39.251,121.2,0.0057,0.424,0.29291616
1554785091279,39.298,121.2,0.0057,0.424,0.29291616
1554785091325,39.344,121.2,0.0057,0.424,0.29291616
1554785091387,39.406,121.2,0.00572,0.42,0.29117088
1554785091433,39.452,121.2,0.00572,0.42,0.29117088
1554785091480,39.499,121.2,0.00572,0.42,0.29117088
1554785091526,39.545,121.2,0.00572,0.42,0.29117088
1554785091587,39.606,121.2,0.00571,0.421,0.291353892
1554785091633,39.652,121.2,0.00571,0.421,0.291353892
1554785091679,39.698,121.2,0.00571,0.421,0.291353892
1554785091725,39.744,121.2,0.00571,0.421,0.291353892
1554785091786,39.805,121.2,0.0057,0.424,0.29291616
1554785091832,39.851,121.2,0.0057,0.424,0.29291616
1554785091878,39.897,121.2,0.0057,0.424,0.29291616
1554785091924,39.943,121.2,0.0057,0.424,0.29291616
1554785091987,40.006,121.2,0.00564,0.426,0.291199968
1554785092033,40.052,121.2,0.00564,0.426,0.291199968
1554785092079,40.098,121.2,0.00564,0.426,0.291199968
1554785092125,40.144,121.2,0.00564,0.426,0.291199968
1554785092186,40.205,121.2,0.00565,0.423,0.28966194
1554785092232,40.251,121.2,0.00565,0.423,0.28966194
1554785092278,40.297,121.2,0.00565,0.423,0.28966194
1554785092324,40.343,121.2,0.00565,0.423,0.28966194
1554785092387,40.406,121.2,0.00568,0.425,0.2925768
1554785092433,40.452,121.2,0.00568,0.425,0.2925768
1554785092479,40.498,121.2,0.00568,0.425,0.2925768
1554785092525,40.544,121.2,0.00568,0.425,0.2925768
1554785092586,40.605,121.2,0.00566,0.423,0.290174616
1554785092632,40.651,121.2,0.00566,0.423,0.290174616
1554785092678,40.697,121.2,0.00566,0.423,0.290174616
1554785092724,40.743,121.2,0.00566,0.423,0.290174616
1554785092786,40.805,121.2,0.00565,0.423,0.28966194
1554785092833,40.852,121.2,0.00565,0.423,0.28966194
1554785092879,40.898,121.2,0.00565,0.423,0.28966194
1554785092925,40.944,121.2,0.00565,0.423,0.28966194
1554785092986,41.005,121.2,0.00569,0.424,0.292402272
1554785093032,41.051,121.2,0.00569,0.424,0.292402272
1554785093078,41.098,121.2,0.00569,0.424,0.292402272
1554785093125,41.144,121.2,0.00569,0.424,0.292402272
1554785093186,41.205,121.2,0.00571,0.425,0.2941221
1554785093232,41.251,121.2,0.00571,0.425,0.2941221
1554785093277,41.296,121.2,0.00571,0.425,0.2941221
1554785093323,41.343,121.2,0.00571,0.425,0.2941221
1554785093386,41.405,121.2,0.00571,0.426,0.294814152
1554785093432,41.451,121.2,0.00571,0.426,0.294814152
1554785093478,41.497,121.2,0.00571,0.426,0.294814152
1554785093524,41.543,121.2,0.00571,0.426,0.294814152
1554785093586,41.605,121.2,0.00567,0.424,0.291374496
1554785093632,41.651,121.2,0.00567,0.424,0.291374496
1554785093679,41.698,121.2,0.00567,0.424,0.291374496
1554785093725,41.744,121.2,0.00567,0.424,0.291374496
1554785093786,41.805,121.2,0.00574,0.425,0.2956674
1554785093832,41.851,121.2,0.00574,0.425,0.2956674
1554785093878,41.897,121.2,0.00574,0.425,0.2956674
1554785093924,41.943,121.2,0.00574,0.425,0.2956674
1554785093986,42.005,121.2,0.00573,0.423,0.293763348
1554785094032,42.051,121.2,0.00573,0.423,0.293763348
1554785094078,42.097,121.2,0.00573,0.423,0.293763348
1554785094124,42.143,121.2,0.00573,0.423,0.293763348
1554785094185,42.204,121.3,0.00577,0.422,0.295358222
1554785094231,42.25,121.3,0.00577,0.422,0.295358222
1554785094277,42.296,121.3,0.00577,0.422,0.295358222
1554785094324,42.343,121.3,0.00577,0.422,0.295358222
1554785094386,42.405,121.3,0.00575,0.426,0.29712435
1554785094432,42.451,121.3,0.00575,0.426,0.29712435
1554785094478,42.497,121.3,0.00575,0.426,0.29712435
1554785094524,42.543,121.3,0.00575,0.426,0.29712435
1554785094586,42.605,121.2,0.00568,0.425,0.2925768
1554785094632,42.651,121.2,0.00568,0.425,0.2925768
1554785094678,42.697,121.2,0.00568,0.425,0.2925768
1554785094724,42.743,121.2,0.00568,0.425,0.2925768
1554785094785,42.804,121.2,0.00571,0.425,0.2941221
1554785094831,42.85,121.2,0.00571,0.425,0.2941221
1554785094877,42.896,121.2,0.00571,0.425,0.2941221
1554785094923,42.942,121.2,0.00571,0.425,0.2941221
1554785094985,43.004,121.2,0.0057,0.423,0.29222532
1554785095031,43.05,121.2,0.0057,0.423,0.29222532
1554785095077,43.096,121.2,0.0057,0.423,0.29222532
1554785095124,43.143,121.2,0.0057,0.423,0.29222532
1554785095186,43.205,121.2,0.00571,0.425,0.2941221
1554785095232,43.251,121.2,0.00571,0.425,0.2941221
1554785095278,43.297,121.2,0.00571,0.425,0.2941221
1554785095324,43.343,121.2,0.00571,0.425,0.2941221
1554785095385,43.404,121.2,0.00569,0.423,0.291712644
1554785095432,43.451,121.2,0.00569,0.423,0.291712644
1554785095478,43.497,121.2,0.00569,0.423,0.291712644
1554785095524,43.543,121.2,0.00569,0.423,0.291712644
1554785095586,43.605,121.2,0.00567,0.423,0.290687292
1554785095632,43.651,121.2,0.00567,0.423,0.290687292
1554785095678,43.697,121.2,0.00567,0.423,0.290687292
1554785095724,43.743,121.2,0.00567,0.423,0.290687292
1554785095786,43.805,121.1,0.00567,0.424,0.291134088
1554785095832,43.851,121.1,0.00567,0.424,0.291134088
1554785095878,43.897,121.1,0.00567,0.424,0.291134088
1554785095924,43.943,121.1,0.00567,0.424,0.291134088
1554785095985,44.004,121.1,0.00567,0.425,0.291820725
1554785096031,44.05,121.1,0.00567,0.425,0.291820725
1554785096077,44.096,121.1,0.00567,0.425,0.291820725
1554785096123,44.142,121.1,0.00567,0.425,0.291820725
1554785096186,44.205,121.1,0.00568,0.426,0.293023248
1554785096232,44.251,121.1,0.00568,0.426,0.293023248
1554785096278,44.297,121.1,0.00568,0.426,0.293023248
1554785096324,44.343,121.1,0.00568,0.426,0.293023248
1554785096385,44.404,121.2,0.00568,0.422,0.290511552
1554785096431,44.45,121.2,0.00568,0.422,0.290511552
1554785096477,44.496,121.2,0.00568,0.422,0.290511552
1554785096523,44.542,121.2,0.00568,0.422,0.290511552
1554785096585,44.604,121.2,0.00569,0.422,0.291023016
1554785096632,44.651,121.2,0.00569,0.422,0.291023016
1554785096678,44.697,121.2,0.00569,0.422,0.291023016
1554785096724,44.743,121.2,0.00569,0.422,0.291023016
1554785096785,44.804,121.1,0.00572,0.421,0.291623332
1554785096831,44.85,121.1,0.00572,0.421,0.291623332
1554785096877,44.896,121.1,0.00572,0.421,0.291623332
1554785096923,44.942,121.1,0.00572,0.421,0.291623332
1554785096985,45.004,121.1,0.00569,0.421,0.290093839
1554785097032,45.051,121.1,0.00569,0.421,0.290093839
1554785097078,45.097,121.1,0.00569,0.421,0.290093839
1554785097124,45.143,121.1,0.00569,0.421,0.290093839
1554785097185,45.204,121.2,0.0057,0.425,0.293607
1554785097231,45.25,121.2,0.0057,0.425,0.293607
1554785097277,45.296,121.2,0.0057,0.425,0.293607
1554785097323,45.343,121.2,0.0057,0.425,0.293607
1554785097386,45.405,121.2,0.00573,0.423,0.293763348
1554785097432,45.451,121.2,0.00573,0.423,0.293763348
1554785097478,45.497,121.2,0.00573,0.423,0.293763348
1554785097524,45.543,121.2,0.00573,0.423,0.293763348
1554785097585,45.604,121.2,0.0057,0.422,0.29153448
1554785097631,45.65,121.2,0.0057,0.422,0.29153448
1554785097677,45.696,121.2,0.0057,0.422,0.29153448
1554785097724,45.743,121.2,0.0057,0.422,0.29153448
1554785097785,45.804,121.2,0.00572,0.427,0.296023728
1554785097831,45.85,121.2,0.00572,0.427,0.296023728
1554785097877,45.896,121.2,0.00572,0.427,0.296023728
1554785097923,45.942,121.2,0.00572,0.427,0.296023728
1554785097985,46.004,121.2,0.00575,0.425,0.2961825
1554785098031,46.05,121.2,0.00575,0.425,0.2961825
1554785098077,46.096,121.2,0.00575,0.425,0.2961825
1554785098123,46.142,121.2,0.00575,0.425,0.2961825
1554785098186,46.205,121.2,0.00578,0.424,0.297027264
1554785098232,46.251,121.2,0.00578,0.424,0.297027264
1554785098278,46.297,121.2,0.00578,0.424,0.297027264
1554785098324,46.343,121.2,0.00578,0.424,0.297027264
1554785098385,46.404,121.3,0.00576,0.422,0.294846336
1554785098431,46.45,121.3,0.00576,0.422,0.294846336
1554785098477,46.496,121.3,0.00576,0.422,0.294846336
1554785098523,46.542,121.3,0.00576,0.422,0.294846336
1554785098585,46.604,121.3,0.00577,0.421,0.294658321
1554785098631,46.65,121.3,0.00577,0.421,0.294658321
1554785098678,46.697,121.3,0.00577,0.421,0.294658321
1554785098724,46.743,121.3,0.00577,0.421,0.294658321
1554785098785,46.804,121.2,0.00574,0.422,0.293580336
1554785098831,46.85,121.2,0.00574,0.422,0.293580336
1554785098877,46.896,121.2,0.00574,0.422,0.293580336
1554785098923,46.942,121.2,0.00574,0.422,0.293580336
1554785098985,47.004,121.2,0.00574,0.422,0.293580336
1554785099031,47.05,121.2,0.00574,0.422,0.293580336
1554785099078,47.097,121.2,0.00574,0.422,0.293580336
1554785099124,47.143,121.2,0.00574,0.422,0.293580336
1554785099185,47.204,121.2,0.00582,0.418,0.294850512
1554785099231,47.25,121.2,0.00582,0.418,0.294850512
1554785099277,47.296,121.2,0.00582,0.418,0.294850512
1554785099323,47.342,121.2,0.00582,0.418,0.294850512
1554785099386,47.405,121.2,0.00576,0.417,0.291112704
1554785099432,47.451,121.2,0.00576,0.417,0.291112704
1554785099478,47.497,121.2,0.00576,0.417,0.291112704
1554785099524,47.543,121.2,0.00576,0.417,0.291112704
1554785099585,47.604,121.2,0.00569,0.42,0.28964376
1554785099631,47.65,121.2,0.00569,0.42,0.28964376
1554785099677,47.696,121.2,0.00569,0.42,0.28964376
1554785099723,47.742,121.2,0.00569,0.42,0.28964376
1554785099785,47.804,121.2,0.00569,0.42,0.28964376
1554785099830,47.849,121.2,0.00569,0.42,0.28964376
1554785099877,47.896,121.2,0.00569,0.42,0.28964376
1554785099923,47.942,121.2,0.00569,0.42,0.28964376
1554785099985,48.004,121.2,0.00568,0.423,0.291199968
1554785100031,48.05,121.2,0.00568,0.423,0.291199968
1554785100077,48.096,121.2,0.00568,0.423,0.291199968
1554785100124,48.143,121.2,0.00568,0.423,0.291199968
1554785100185,48.204,121.2,0.00575,0.421,0.2933949
1554785100231,48.25,121.2,0.00575,0.421,0.2933949
1554785100277,48.296,121.2,0.00575,0.421,0.2933949
1554785100323,48.342,121.2,0.00575,0.421,0.2933949
1554785100385,48.404,121.2,0.00569,0.42,0.28964376
1554785100431,48.45,121.2,0.00569,0.42,0.28964376
1554785100478,48.497,121.2,0.00569,0.42,0.28964376
1554785100524,48.543,121.2,0.00569,0.42,0.28964376
1554785100585,48.604,121.2,0.00569,0.421,0.290333388
1554785100631,48.65,121.2,0.00569,0.421,0.290333388
1554785100677,48.696,121.2,0.00569,0.421,0.290333388
1554785100723,48.742,121.2,0.00569,0.421,0.290333388
1554785100785,48.804,121.2,0.0057,0.422,0.29153448
1554785100830,48.849,121.2,0.0057,0.422,0.29153448
1554785100876,48.895,121.2,0.0057,0.422,0.29153448
1554785100922,48.942,121.2,0.0057,0.422,0.29153448
1554785100985,49.004,121.2,0.00572,0.423,0.293250672
1554785101031,49.05,121.2,0.00572,0.423,0.293250672
1554785101077,49.096,121.2,0.00572,0.423,0.293250672
1554785101123,49.142,121.2,0.00572,0.423,0.293250672
1554785101185,49.204,121.2,0.00571,0.424,0.293430048
1554785101232,49.251,121.2,0.00571,0.424,0.293430048
1554785101278,49.297,121.2,0.00571,0.424,0.293430048
1554785101324,49.343,121.2,0.00571,0.424,0.293430048
1554785101385,49.404,121.2,0.00578,0.422,0.295626192
1554785101431,49.45,121.2,0.00578,0.422,0.295626192
1554785101477,49.496,121.2,0.00578,0.422,0.295626192
1554785101523,49.542,121.2,0.00578,0.422,0.295626192
1554785101584,49.603,121.2,0.00577,0.42,0.29371608
1554785101630,49.649,121.2,0.00577,0.42,0.29371608
1554785101676,49.695,121.2,0.00577,0.42,0.29371608
1554785101722,49.741,121.2,0.00577,0.42,0.29371608
1554785101785,49.804,121.2,0.00579,0.418,0.293330664
1554785101831,49.85,121.2,0.00579,0.418,0.293330664
1554785101877,49.896,121.2,0.00579,0.418,0.293330664
1554785101923,49.942,121.2,0.00579,0.418,0.293330664
1554785101985,50.004,121.2,0.00582,0.419,0.295555896
1554785102031,50.05,121.2,0.00582,0.419,0.295555896
1554785102078,50.097,121.2,0.00582,0.419,0.295555896
1554785102124,50.143,121.2,0.00582,0.419,0.295555896
1554785102185,50.204,121.3,0.00579,0.422,0.296381994
1554785102231,50.25,121.3,0.00579,0.422,0.296381994
1554785102277,50.296,121.3,0.00579,0.422,0.296381994
1554785102323,50.342,121.3,0.00579,0.422,0.296381994
1554785102385,50.404,121.3,0.00578,0.42,0.29446788
1554785102431,50.45,121.3,0.00578,0.42,0.29446788
1554785102478,50.497,121.3,0.00578,0.42,0.29446788
1554785102524,50.543,121.3,0.00578,0.42,0.29446788
1554785102585,50.604,121.3,0.00577,0.424,0.296758024
1554785102631,50.65,121.3,0.00577,0.424,0.296758024
1554785102677,50.696,121.3,0.00577,0.424,0.296758024
1554785102723,50.742,121.3,0.00577,0.424,0.296758024
1554785102784,50.803,121.3,0.00574,0.421,0.293126302
1554785102830,50.849,121.3,0.00574,0.421,0.293126302
1554785102876,50.895,121.3,0.00574,0.421,0.293126302
1554785102922,50.941,121.3,0.00574,0.421,0.293126302
1554785102985,51.004,121.3,0.00577,0.42,0.29395842
1554785103031,51.05,121.3,0.00577,0.42,0.29395842
1554785103077,51.096,121.3,0.00577,0.42,0.29395842
1554785103123,51.142,121.3,0.00577,0.42,0.29395842
1554785103184,51.203,121.3,0.00576,0.421,0.294147648
1554785103230,51.249,121.3,0.00576,0.421,0.294147648
1554785103277,51.296,121.3,0.00576,0.421,0.294147648
1554785103323,51.342,121.3,0.00576,0.421,0.294147648
1554785103385,51.404,121.3,0.00573,0.419,0.291225531
1554785103431,51.45,121.3,0.00573,0.419,0.291225531
1554785103478,51.497,121.3,0.00573,0.419,0.291225531
1554785103524,51.543,121.3,0.00573,0.419,0.291225531
1554785103585,51.604,121.3,0.00573,0.421,0.292615629
1554785103631,51.65,121.3,0.00573,0.421,0.292615629
1554785103677,51.696,121.3,0.00573,0.421,0.292615629
1554785103723,51.742,121.3,0.00573,0.421,0.292615629
1554785103784,51.803,121.3,0.0057,0.422,0.29177502
1554785103830,51.849,121.3,0.0057,0.422,0.29177502
1554785103876,51.895,121.3,0.0057,0.422,0.29177502
1554785103923,51.942,121.3,0.0057,0.422,0.29177502
1554785103985,52.004,121.2,0.00566,0.423,0.290174616
1554785104031,52.05,121.2,0.00566,0.423,0.290174616
1554785104078,52.097,121.2,0.00566,0.423,0.290174616
1554785104123,52.142,121.2,0.00566,0.423,0.290174616
1554785104184,52.204,121.2,0.00568,0.424,0.291888384
1554785104231,52.25,121.2,0.00568,0.424,0.291888384
1554785104277,52.296,121.2,0.00568,0.424,0.291888384
1554785104323,52.342,121.2,0.00568,0.424,0.291888384
1554785104384,52.403,121.2,0.00572,0.421,0.291864144
1554785104430,52.449,121.2,0.00572,0.421,0.291864144
1554785104476,52.495,121.2,0.00572,0.421,0.291864144
1554785104522,52.541,121.2,0.00572,0.421,0.291864144
1554785104584,52.603,121.2,0.00571,0.42,0.29066184
1554785104631,52.65,121.2,0.00571,0.42,0.29066184
1554785104677,52.696,121.2,0.00571,0.42,0.29066184
1554785104723,52.742,121.2,0.00571,0.42,0.29066184
1554785104784,52.803,121.2,0.00569,0.423,0.291712644
1554785104830,52.849,121.2,0.00569,0.423,0.291712644
1554785104876,52.895,121.2,0.00569,0.423,0.291712644
1554785104922,52.941,121.2,0.00569,0.423,0.291712644
1554785104985,53.004,121.2,0.00573,0.421,0.292374396
1554785105031,53.05,121.2,0.00573,0.421,0.292374396
1554785105077,53.096,121.2,0.00573,0.421,0.292374396
1554785105123,53.142,121.2,0.00573,0.421,0.292374396
1554785105184,53.203,121.2,0.00571,0.422,0.292045944
1554785105230,53.249,121.2,0.00571,0.422,0.292045944
1554785105276,53.295,121.2,0.00571,0.422,0.292045944
1554785105322,53.341,121.2,0.00571,0.422,0.292045944
1554785105385,53.404,121.2,0.00573,0.424,0.294457824
1554785105431,53.45,121.2,0.00573,0.424,0.294457824
1554785105477,53.496,121.2,0.00573,0.424,0.294457824
1554785105523,53.542,121.2,0.00573,0.424,0.294457824
1554785105584,53.603,121.2,0.00575,0.422,0.2940918
1554785105630,53.649,121.2,0.00575,0.422,0.2940918
1554785105676,53.695,121.2,0.00575,0.422,0.2940918
1554785105722,53.741,121.2,0.00575,0.422,0.2940918
1554785105784,53.803,121.2,0.00575,0.421,0.2933949
1554785105830,53.849,121.2,0.00575,0.421,0.2933949
1554785105876,53.895,121.2,0.00575,0.421,0.2933949
1554785105923,53.942,121.2,0.00575,0.421,0.2933949
1554785105985,54.004,121.2,0.00574,0.425,0.2956674
1554785106031,54.05,121.2,0.00574,0.425,0.2956674
1554785106077,54.096,121.2,0.00574,0.425,0.2956674
1554785106123,54.142,121.2,0.00574,0.425,0.2956674
1554785106184,54.203,121.3,0.00574,0.427,0.297303874
1554785106230,54.249,121.3,0.00574,0.427,0.297303874
1554785106276,54.295,121.3,0.00574,0.427,0.297303874
1554785106322,54.341,121.3,0.00574,0.427,0.297303874
1554785106385,54.404,121.3,0.00576,0.426,0.297641088
1554785106431,54.45,121.3,0.00576,0.426,0.297641088
1554785106477,54.496,121.3,0.00576,0.426,0.297641088
1554785106523,54.542,121.3,0.00576,0.426,0.297641088
1554785106585,54.604,121.3,0.00574,0.425,0.29591135
1554785106631,54.65,121.3,0.00574,0.425,0.29591135
1554785106677,54.696,121.3,0.00574,0.425,0.29591135
1554785106723,54.742,121.3,0.00574,0.425,0.29591135
1554785106784,54.803,121.3,0.00572,0.423,0.293492628
1554785106830,54.849,121.3,0.00572,0.423,0.293492628
1554785106877,54.896,121.3,0.00572,0.423,0.293492628
1554785106923,54.942,121.3,0.00572,0.423,0.293492628
1554785106984,55.003,121.3,0.00574,0.422,0.293822564
1554785107030,55.049,121.3,0.00574,0.422,0.293822564
1554785107076,55.095,121.3,0.00574,0.422,0.293822564
1554785107122,55.141,121.3,0.00574,0.422,0.293822564
1554785107184,55.203,121.3,0.0057,0.425,0.29384925
1554785107231,55.25,121.3,0.0057,0.425,0.29384925
1554785107277,55.296,121.3,0.0057,0.425,0.29384925
1554785107323,55.342,121.3,0.0057,0.425,0.29384925
1554785107385,55.404,121.3,0.0057,0.425,0.29384925
1554785107431,55.45,121.3,0.0057,0.425,0.29384925
1554785107477,55.496,121.3,0.0057,0.425,0.29384925
1554785107523,55.542,121.3,0.0057,0.425,0.29384925
1554785107584,55.603,121.3,0.00569,0.421,0.290572937
1554785107630,55.649,121.3,0.00569,0.421,0.290572937
1554785107676,55.695,121.3,0.00569,0.421,0.290572937
1554785107722,55.741,121.3,0.00569,0.421,0.290572937
1554785107785,55.804,121.3,0.00567,0.422,0.290239362
1554785107831,55.85,121.3,0.00567,0.422,0.290239362
1554785107877,55.896,121.3,0.00567,0.422,0.290239362
1554785107923,55.942,121.3,0.00567,0.422,0.290239362
1554785107984,56.003,121.3,0.00567,0.425,0.292302675
1554785108030,56.049,121.3,0.00567,0.425,0.292302675
1554785108076,56.095,121.3,0.00567,0.425,0.292302675
1554785108122,56.141,121.3,0.00567,0.425,0.292302675
1554785108184,56.203,121.2,0.00567,0.424,0.291374496
1554785108230,56.249,121.2,0.00567,0.424,0.291374496
1554785108276,56.295,121.2,0.00567,0.424,0.291374496
1554785108322,56.341,121.2,0.00567,0.424,0.291374496
1554785108384,56.403,121.2,0.00565,0.424,0.29034672
1554785108430,56.449,121.2,0.00565,0.424,0.29034672
1554785108477,56.496,121.2,0.00565,0.424,0.29034672
1554785108523,56.542,121.2,0.00565,0.424,0.29034672
1554785108584,56.603,121.2,0.00565,0.422,0.28897716
1554785108630,56.649,121.2,0.00565,0.422,0.28897716
1554785108676,56.695,121.2,0.00565,0.422,0.28897716
1554785108722,56.741,121.2,0.00565,0.422,0.28897716
1554785108784,56.803,121.2,0.00568,0.423,0.291199968
1554785108830,56.849,121.2,0.00568,0.423,0.291199968
1554785108876,56.895,121.2,0.00568,0.423,0.291199968
1554785108923,56.942,121.2,0.00568,0.423,0.291199968
1554785108984,57.003,121.2,0.00569,0.423,0.291712644
1554785109030,57.049,121.2,0.00569,0.423,0.291712644
1554785109076,57.095,121.2,0.00569,0.423,0.291712644
1554785109122,57.141,121.2,0.00569,0.423,0.291712644
1554785109184,57.203,121.2,0.00575,0.42,0.292698
1554785109230,57.249,121.2,0.00575,0.42,0.292698
1554785109276,57.295,121.2,0.00575,0.42,0.292698
1554785109322,57.341,121.2,0.00575,0.42,0.292698
1554785109384,57.403,121.2,0.00576,0.419,0.292508928
1554785109429,57.448,121.2,0.00576,0.419,0.292508928
1554785109476,57.495,121.2,0.00576,0.419,0.292508928
1554785109522,57.541,121.2,0.00576,0.419,0.292508928
1554785109584,57.603,121.2,0.00577,0.419,0.293016756
1554785109630,57.649,121.2,0.00577,0.419,0.293016756
1554785109677,57.696,121.2,0.00577,0.419,0.293016756
1554785109723,57.742,121.2,0.00577,0.419,0.293016756
1554785109784,57.803,121.2,0.00571,0.423,0.292737996
1554785109829,57.848,121.2,0.00571,0.423,0.292737996
1554785109875,57.894,121.2,0.00571,0.423,0.292737996
1554785109922,57.941,121.2,0.00571,0.423,0.292737996
1554785109984,58.003,121.2,0.00576,0.423,0.295301376
1554785110030,58.049,121.2,0.00576,0.423,0.295301376
1554785110076,58.095,121.2,0.00576,0.423,0.295301376
1554785110122,58.141,121.2,0.00576,0.423,0.295301376
1554785110184,58.203,121.2,0.00578,0.425,0.2977278
1554785110229,58.248,121.2,0.00578,0.425,0.2977278
1554785110276,58.295,121.2,0.00578,0.425,0.2977278
1554785110322,58.341,121.2,0.00578,0.425,0.2977278
1554785110384,58.403,121.3,0.00577,0.424,0.296758024
1554785110430,58.449,121.3,0.00577,0.424,0.296758024
1554785110476,58.495,121.3,0.00577,0.424,0.296758024
1554785110522,58.541,121.3,0.00577,0.424,0.296758024
1554785110584,58.603,121.3,0.00573,0.426,0.296090874
1554785110631,58.65,121.3,0.00573,0.426,0.296090874
1554785110677,58.696,121.3,0.00573,0.426,0.296090874
1554785110723,58.742,121.3,0.00573,0.426,0.296090874
1554785110784,58.803,121.3,0.0057,0.425,0.29384925
1554785110830,58.849,121.3,0.0057,0.425,0.29384925
1554785110876,58.895,121.3,0.0057,0.425,0.29384925
1554785110922,58.941,121.3,0.0057,0.425,0.29384925
1554785110983,59.002,121.3,0.00572,0.426,0.295574136
1554785111030,59.049,121.3,0.00572,0.426,0.295574136
1554785111076,59.095,121.3,0.00572,0.426,0.295574136
1554785111122,59.141,121.3,0.00572,0.426,0.295574136
1554785111184,59.203,121.3,0.00573,0.423,0.294005727
1554785111230,59.249,121.3,0.00573,0.423,0.294005727
1554785111277,59.296,121.3,0.00573,0.423,0.294005727
1554785111323,59.342,121.3,0.00573,0.423,0.294005727
1554785111384,59.403,121.3,0.00569,0.425,0.293333725
1554785111430,59.449,121.3,0.00569,0.425,0.293333725
1554785111476,59.495,121.3,0.00569,0.425,0.293333725
1554785111523,59.542,121.3,0.00569,0.425,0.293333725
1554785111584,59.603,121.4,0.00573,0.42,0.29216124
1554785111630,59.649,121.4,0.00573,0.42,0.29216124
1554785111676,59.695,121.4,0.00573,0.42,0.29216124
1554785111722,59.741,121.4,0.00573,0.42,0.29216124
1554785111784,59.803,121.3,0.00572,0.42,0.29141112
1554785111830,59.849,121.3,0.00572,0.42,0.29141112
1554785111877,59.896,121.3,0.00572,0.42,0.29141112
1554785111923,59.942,121.3,0.00572,0.42,0.29141112
1554785111984,60.003,121.3,0.00567,0.423,0.290927133
1554785112030,60.049,121.3,0.00567,0.423,0.290927133
1554785112076,60.095,121.3,0.00567,0.423,0.290927133
1554785112122,60.141,121.3,0.00567,0.423,0.290927133
1554785112184,60.203,121.3,0.00568,0.424,0.292129216
1554785112230,60.249,121.3,0.00568,0.424,0.292129216
1554785112276,60.295,121.3,0.00568,0.424,0.292129216
1554785112323,60.342,121.3,0.00568,0.424,0.292129216
1554785112384,60.403,121.3,0.00567,0.422,0.290239362
1554785112430,60.449,121.3,0.00567,0.422,0.290239362
1554785112476,60.495,121.3,0.00567,0.422,0.290239362
1554785112522,60.541,121.3,0.00567,0.422,0.290239362
1554785112584,60.603,121.3,0.0057,0.419,0.28970079
1554785112630,60.649,121.3,0.0057,0.419,0.28970079
1554785112677,60.696,121.3,0.0057,0.419,0.28970079
1554785112723,60.742,121.3,0.0057,0.419,0.28970079
1554785112784,60.803,121.2,0.00571,0.421,0.291353892
1554785112830,60.849,121.2,0.00571,0.421,0.291353892
1554785112876,60.895,121.2,0.00571,0.421,0.291353892
1554785112922,60.941,121.2,0.00571,0.421,0.291353892
1554785112983,61.002,121.2,0.00571,0.419,0.289969788
1554785113030,61.049,121.2,0.00571,0.419,0.289969788
1554785113076,61.095,121.2,0.00571,0.419,0.289969788
1554785113122,61.141,121.2,0.00571,0.419,0.289969788
1554785113184,61.203,121.2,0.00574,0.422,0.293580336
1554785113230,61.249,121.2,0.00574,0.422,0.293580336
1554785113276,61.295,121.2,0.00574,0.422,0.293580336
1554785113323,61.342,121.2,0.00574,0.422,0.293580336
1554785113384,61.403,121.2,0.00574,0.426,0.296363088
1554785113430,61.449,121.2,0.00574,0.426,0.296363088
1554785113476,61.495,121.2,0.00574,0.426,0.296363088
1554785113522,61.541,121.2,0.00574,0.426,0.296363088
1554785113583,61.602,121.2,0.00575,0.421,0.2933949
1554785113629,61.648,121.2,0.00575,0.421,0.2933949
1554785113676,61.695,121.2,0.00575,0.421,0.2933949
1554785113722,61.741,121.2,0.00575,0.421,0.2933949
1554785113784,61.803,121.2,0.00574,0.421,0.292884648
1554785113830,61.849,121.2,0.00574,0.421,0.292884648
1554785113876,61.895,121.2,0.00574,0.421,0.292884648
1554785113923,61.942,121.2,0.00574,0.421,0.292884648
1554785113984,62.003,121.2,0.00579,0.419,0.294032412
1554785114030,62.049,121.2,0.00579,0.419,0.294032412
1554785114076,62.095,121.2,0.00579,0.419,0.294032412
1554785114122,62.141,121.2,0.00579,0.419,0.294032412
1554785114183,62.202,121.2,0.00581,0.42,0.29575224
1554785114229,62.248,121.2,0.00581,0.42,0.29575224
1554785114276,62.295,121.2,0.00581,0.42,0.29575224
1554785114322,62.341,121.2,0.00581,0.42,0.29575224
1554785114384,62.403,121.2,0.0058,0.422,0.29664912
1554785114430,62.449,121.2,0.0058,0.422,0.29664912
1554785114476,62.495,121.2,0.0058,0.422,0.29664912
1554785114522,62.541,121.2,0.0058,0.422,0.29664912
1554785114583,62.602,121.3,0.00579,0.422,0.296381994
1554785114629,62.648,121.3,0.00579,0.422,0.296381994
1554785114676,62.695,121.3,0.00579,0.422,0.296381994
1554785114722,62.741,121.3,0.00579,0.422,0.296381994
1554785114784,62.803,121.3,0.00576,0.419,0.292750272
1554785114830,62.849,121.3,0.00576,0.419,0.292750272
1554785114876,62.895,121.3,0.00576,0.419,0.292750272
1554785114922,62.941,121.3,0.00576,0.419,0.292750272
1554785114984,63.003,121.3,0.00575,0.419,0.292242025
1554785115030,63.049,121.3,0.00575,0.419,0.292242025
1554785115076,63.095,121.3,0.00575,0.419,0.292242025
1554785115122,63.141,121.3,0.00575,0.419,0.292242025
1554785115183,63.202,121.2,0.0058,0.422,0.29664912
1554785115229,63.248,121.2,0.0058,0.422,0.29664912
1554785115275,63.294,121.2,0.0058,0.422,0.29664912
1554785115321,63.34,121.2,0.0058,0.422,0.29664912
1554785115384,63.403,121.3,0.00572,0.421,0.292104956
1554785115430,63.449,121.3,0.00572,0.421,0.292104956
1554785115476,63.495,121.3,0.00572,0.421,0.292104956
1554785115522,63.541,121.3,0.00572,0.421,0.292104956
1554785115583,63.602,121.3,0.00574,0.419,0.291733778
1554785115629,63.648,121.3,0.00574,0.419,0.291733778
1554785115675,63.694,121.3,0.00574,0.419,0.291733778
1554785115721,63.74,121.3,0.00574,0.419,0.291733778
1554785115784,63.803,121.3,0.00573,0.42,0.29192058
1554785115830,63.849,121.3,0.00573,0.42,0.29192058
1554785115876,63.895,121.3,0.00573,0.42,0.29192058
1554785115922,63.941,121.3,0.00573,0.42,0.29192058
1554785115983,64.002,121.3,0.00574,0.417,0.290341254
1554785116029,64.048,121.3,0.00574,0.417,0.290341254
1554785116075,64.094,121.3,0.00574,0.417,0.290341254
1554785116122,64.141,121.3,0.00574,0.417,0.290341254
1554785116184,64.203,121.3,0.00571,0.419,0.290209037
1554785116230,64.249,121.3,0.00571,0.419,0.290209037
1554785116276,64.295,121.3,0.00571,0.419,0.290209037
1554785116322,64.341,121.3,0.00571,0.419,0.290209037
1554785116383,64.402,121.3,0.00571,0.418,0.289516414
1554785116429,64.448,121.3,0.00571,0.418,0.289516414
1554785116475,64.494,121.3,0.00571,0.418,0.289516414
1554785116521,64.54,121.3,0.00571,0.418,0.289516414
1554785116584,64.603,121.3,0.00574,0.418,0.291037516
1554785116630,64.649,121.3,0.00574,0.418,0.291037516
1554785116676,64.695,121.3,0.00574,0.418,0.291037516
1554785116722,64.741,121.3,0.00574,0.418,0.291037516
1554785116783,64.802,121.3,0.00574,0.42,0.29243004
1554785116829,64.848,121.3,0.00574,0.42,0.29243004
1554785116875,64.894,121.3,0.00574,0.42,0.29243004
1554785116921,64.94,121.3,0.00574,0.42,0.29243004
1554785116983,65.002,121.2,0.00571,0.422,0.292045944
1554785117029,65.048,121.2,0.00571,0.422,0.292045944
1554785117075,65.094,121.2,0.00571,0.422,0.292045944
1554785117121,65.14,121.2,0.00571,0.422,0.292045944
1554785117183,65.202,121.2,0.00574,0.421,0.292884648
1554785117229,65.248,121.2,0.00574,0.421,0.292884648
1554785117275,65.294,121.2,0.00574,0.421,0.292884648
1554785117321,65.34,121.2,0.00574,0.421,0.292884648
1554785117384,65.403,121.2,0.00575,0.421,0.2933949
1554785117430,65.449,121.2,0.00575,0.421,0.2933949
1554785117476,65.495,121.2,0.00575,0.421,0.2933949
1554785117522,65.541,121.2,0.00575,0.421,0.2933949
1554785117583,65.602,121.2,0.00574,0.421,0.292884648
1554785117629,65.648,121.2,0.00574,0.421,0.292884648
1554785117675,65.694,121.2,0.00574,0.421,0.292884648
1554785117722,65.741,121.2,0.00574,0.421,0.292884648
1554785117783,65.802,121.2,0.00573,0.421,0.292374396
1554785117829,65.848,121.2,0.00573,0.421,0.292374396
1554785117875,65.894,121.2,0.00573,0.421,0.292374396
1554785117921,65.94,121.2,0.00573,0.421,0.292374396
1554785117983,66.002,121.2,0.00577,0.421,0.294415404
1554785118029,66.048,121.2,0.00577,0.421,0.294415404
1554785118075,66.094,121.2,0.00577,0.421,0.294415404
1554785118122,66.141,121.2,0.00577,0.421,0.294415404
1554785118183,66.202,121.2,0.00582,0.42,0.29626128
1554785118229,66.248,121.2,0.00582,0.42,0.29626128
1554785118275,66.294,121.2,0.00582,0.42,0.29626128
1554785118321,66.34,121.2,0.00582,0.42,0.29626128
1554785118383,66.402,121.2,0.00583,0.419,0.296063724
1554785118429,66.448,121.2,0.00583,0.419,0.296063724
1554785118475,66.494,121.2,0.00583,0.419,0.296063724
1554785118522,66.541,121.2,0.00583,0.419,0.296063724
1554785118583,66.602,121.3,0.0058,0.421,0.29619034
1554785118629,66.648,121.3,0.0058,0.421,0.29619034
1554785118675,66.694,121.3,0.0058,0.421,0.29619034
1554785118721,66.74,121.3,0.0058,0.421,0.29619034
1554785118784,66.803,121.3,0.00579,0.421,0.295679667
1554785118830,66.849,121.3,0.00579,0.421,0.295679667
1554785118876,66.895,121.3,0.00579,0.421,0.295679667
1554785118922,66.941,121.3,0.00579,0.421,0.295679667
1554785118983,67.002,121.3,0.00578,0.419,0.293766766
1554785119029,67.048,121.3,0.00578,0.419,0.293766766
1554785119075,67.094,121.3,0.00578,0.419,0.293766766
1554785119122,67.141,121.3,0.00578,0.419,0.293766766
1554785119183,67.202,121.3,0.00578,0.419,0.293766766
1554785119229,67.248,121.3,0.00578,0.419,0.293766766
1554785119275,67.294,121.3,0.00578,0.419,0.293766766
1554785119322,67.341,121.3,0.00578,0.419,0.293766766
1554785119383,67.402,121.3,0.00575,0.423,0.295031925
1554785119428,67.447,121.3,0.00575,0.423,0.295031925
1554785119475,67.494,121.3,0.00575,0.423,0.295031925
1554785119521,67.54,121.3,0.00575,0.423,0.295031925
1554785119583,67.602,121.3,0.00575,0.418,0.29154455
1554785119629,67.648,121.3,0.00575,0.418,0.29154455
1554785119675,67.694,121.3,0.00575,0.418,0.29154455
1554785119721,67.74,121.3,0.00575,0.418,0.29154455
1554785119782,67.802,121.3,0.00574,0.419,0.291733778
1554785119828,67.847,121.3,0.00574,0.419,0.291733778
1554785119875,67.894,121.3,0.00574,0.419,0.291733778
1554785119921,67.94,121.3,0.00574,0.419,0.291733778
1554785119983,68.002,121.3,0.00574,0.419,0.291733778
1554785120029,68.048,121.3,0.00574,0.419,0.291733778
1554785120075,68.094,121.3,0.00574,0.419,0.291733778
1554785120122,68.141,121.3,0.00574,0.419,0.291733778
1554785120183,68.202,121.3,0.0057,0.418,0.28900938
1554785120229,68.248,121.3,0.0057,0.418,0.28900938
1554785120275,68.294,121.3,0.0057,0.418,0.28900938
1554785120321,68.34,121.3,0.0057,0.418,0.28900938
1554785120382,68.402,121.3,0.00569,0.42,0.28988274
1554785120428,68.447,121.3,0.00569,0.42,0.28988274
1554785120474,68.493,121.3,0.00569,0.42,0.28988274
1554785120521,68.54,121.3,0.00569,0.42,0.28988274
1554785120583,68.602,121.3,0.00574,0.419,0.291733778
1554785120630,68.649,121.3,0.00574,0.419,0.291733778
1554785120676,68.695,121.3,0.00574,0.419,0.291733778
1554785120723,68.742,121.3,0.00574,0.419,0.291733778
1554785120782,68.802,121.3,0.00573,0.421,0.292615629
1554785120828,68.847,121.3,0.00573,0.421,0.292615629
1554785120874,68.893,121.3,0.00573,0.421,0.292615629
1554785120921,68.94,121.3,0.00573,0.421,0.292615629
1554785120983,69.002,121.2,0.00571,0.421,0.291353892
1554785121029,69.048,121.2,0.00571,0.421,0.291353892
1554785121075,69.094,121.2,0.00571,0.421,0.291353892
1554785121121,69.14,121.2,0.00571,0.421,0.291353892
1554785121182,69.201,121.2,0.00572,0.422,0.292557408
1554785121228,69.247,121.2,0.00572,0.422,0.292557408
1554785121274,69.293,121.2,0.00572,0.422,0.292557408
1554785121321,69.34,121.2,0.00572,0.422,0.292557408
1554785121383,69.402,121.2,0.00578,0.422,0.295626192
1554785121429,69.448,121.2,0.00578,0.422,0.295626192
1554785121475,69.494,121.2,0.00578,0.422,0.295626192
1554785121521,69.54,121.2,0.00578,0.422,0.295626192
1554785121582,69.601,121.2,0.00582,0.418,0.294850512
1554785121628,69.647,121.2,0.00582,0.418,0.294850512
1554785121674,69.693,121.2,0.00582,0.418,0.294850512
1554785121720,69.739,121.2,0.00582,0.418,0.294850512
1554785121783,69.802,121.2,0.00576,0.419,0.292508928
1554785121829,69.848,121.2,0.00576,0.419,0.292508928
1554785121875,69.894,121.2,0.00576,0.419,0.292508928
1554785121921,69.94,121.2,0.00576,0.419,0.292508928
1554785121982,70.001,121.2,0.00575,0.421,0.2933949
1554785122029,70.048,121.2,0.00575,0.421,0.2933949
1554785122075,70.094,121.2,0.00575,0.421,0.2933949
1554785122121,70.14,121.2,0.00575,0.421,0.2933949
1554785122182,70.201,121.2,0.0058,0.422,0.29664912
1554785122228,70.247,121.2,0.0058,0.422,0.29664912
1554785122274,70.293,121.2,0.0058,0.422,0.29664912
1554785122320,70.339,121.2,0.0058,0.422,0.29664912
1554785122382,70.401,121.2,0.00576,0.423,0.295301376
1554785122429,70.448,121.2,0.00576,0.423,0.295301376
1554785122475,70.494,121.2,0.00576,0.423,0.295301376
1554785122521,70.54,121.2,0.00576,0.423,0.295301376
1554785122583,70.602,121.3,0.00577,0.422,0.295358222
1554785122629,70.648,121.3,0.00577,0.422,0.295358222
1554785122676,70.695,121.3,0.00577,0.422,0.295358222
1554785122723,70.742,121.3,0.00577,0.422,0.295358222
1554785122783,70.802,121.3,0.00577,0.42,0.29395842
1554785122829,70.848,121.3,0.00577,0.42,0.29395842
1554785122875,70.894,121.3,0.00577,0.42,0.29395842
1554785122921,70.94,121.3,0.00577,0.42,0.29395842
1554785122982,71.001,121.2,0.00572,0.424,0.293943936
1554785123028,71.047,121.2,0.00572,0.424,0.293943936
1554785123074,71.093,121.2,0.00572,0.424,0.293943936
1554785123120,71.139,121.2,0.00572,0.424,0.293943936
1554785123183,71.202,121.3,0.0057,0.423,0.29246643
1554785123229,71.248,121.3,0.0057,0.423,0.29246643
1554785123275,71.294,121.3,0.0057,0.423,0.29246643
1554785123321,71.34,121.3,0.0057,0.423,0.29246643
1554785123382,71.401,121.3,0.00572,0.424,0.294186464
1554785123428,71.447,121.3,0.00572,0.424,0.294186464
1554785123475,71.494,121.3,0.00572,0.424,0.294186464
1554785123521,71.54,121.3,0.00572,0.424,0.294186464
1554785123583,71.602,121.3,0.00573,0.42,0.29192058
1554785123629,71.648,121.3,0.00573,0.42,0.29192058
1554785123676,71.695,121.3,0.00573,0.42,0.29192058
1554785123722,71.741,121.3,0.00573,0.42,0.29192058
1554785123783,71.802,121.3,0.0057,0.422,0.29177502
1554785123829,71.848,121.3,0.0057,0.422,0.29177502
1554785123875,71.894,121.3,0.0057,0.422,0.29177502
1554785123921,71.94,121.3,0.0057,0.422,0.29177502
1554785123982,72.001,121.3,0.0057,0.419,0.28970079
1554785124028,72.047,121.3,0.0057,0.419,0.28970079
1554785124074,72.093,121.3,0.0057,0.419,0.28970079
1554785124120,72.139,121.3,0.0057,0.419,0.28970079
1554785124183,72.202,121.3,0.00567,0.422,0.290239362
1554785124230,72.249,121.3,0.00567,0.422,0.290239362
1554785124276,72.295,121.3,0.00567,0.422,0.290239362
1554785124322,72.341,121.3,0.00567,0.422,0.290239362
1554785124383,72.402,121.3,0.00567,0.425,0.292302675
1554785124429,72.448,121.3,0.00567,0.425,0.292302675
1554785124475,72.494,121.3,0.00567,0.425,0.292302675
1554785124521,72.54,121.3,0.00567,0.425,0.292302675
1554785124582,72.601,121.3,0.00565,0.426,0.29195697
1554785124628,72.647,121.3,0.00565,0.426,0.29195697
1554785124674,72.693,121.3,0.00565,0.426,0.29195697
1554785124720,72.739,121.3,0.00565,0.426,0.29195697
1554785124782,72.801,121.3,0.00564,0.427,0.292124364
1554785124828,72.848,121.3,0.00564,0.427,0.292124364
1554785124875,72.894,121.3,0.00564,0.427,0.292124364
1554785124921,72.94,121.3,0.00564,0.427,0.292124364
1554785124982,73.001,121.3,0.00565,0.425,0.291271625
1554785125028,73.047,121.3,0.00565,0.425,0.291271625
1554785125074,73.093,121.3,0.00565,0.425,0.291271625
1554785125120,73.139,121.3,0.00565,0.425,0.291271625
1554785125182,73.202,121.2,0.00569,0.425,0.2930919
1554785125229,73.248,121.2,0.00569,0.425,0.2930919
1554785125275,73.294,121.2,0.00569,0.425,0.2930919
1554785125321,73.34,121.2,0.00569,0.425,0.2930919
1554785125382,73.401,121.2,0.00573,0.423,0.293763348
1554785125428,73.447,121.2,0.00573,0.423,0.293763348
1554785125474,73.493,121.2,0.00573,0.423,0.293763348
1554785125520,73.539,121.2,0.00573,0.423,0.293763348
1554785125582,73.601,121.2,0.00573,0.424,0.294457824
1554785125629,73.648,121.2,0.00573,0.424,0.294457824
1554785125675,73.694,121.2,0.00573,0.424,0.294457824
1554785125721,73.74,121.2,0.00573,0.424,0.294457824
1554785125782,73.801,121.2,0.00575,0.423,0.2947887
1554785125828,73.847,121.2,0.00575,0.423,0.2947887
1554785125874,73.893,121.2,0.00575,0.423,0.2947887
1554785125920,73.939,121.2,0.00575,0.423,0.2947887
1554785125983,74.002,121.2,0.00573,0.423,0.293763348
1554785126029,74.048,121.2,0.00573,0.423,0.293763348
1554785126075,74.094,121.2,0.00573,0.423,0.293763348
1554785126121,74.14,121.2,0.00573,0.423,0.293763348
1554785126182,74.201,121.2,0.00576,0.424,0.295999488
1554785126228,74.247,121.2,0.00576,0.424,0.295999488
1554785126274,74.293,121.2,0.00576,0.424,0.295999488
1554785126320,74.339,121.2,0.00576,0.424,0.295999488
1554785126382,74.401,121.2,0.00581,0.422,0.297160584
1554785126429,74.448,121.2,0.00581,0.422,0.297160584
1554785126475,74.494,121.2,0.00581,0.422,0.297160584
1554785126521,74.54,121.2,0.00581,0.422,0.297160584
1554785126582,74.601,121.2,0.00579,0.42,0.29473416
1554785126628,74.647,121.2,0.00579,0.42,0.29473416
1554785126674,74.693,121.2,0.00579,0.42,0.29473416
1554785126720,74.739,121.2,0.00579,0.42,0.29473416
1554785126782,74.801,121.2,0.00574,0.424,0.294971712
1554785126827,74.846,121.2,0.00574,0.424,0.294971712
1554785126874,74.893,121.2,0.00574,0.424,0.294971712
1554785126920,74.939,121.2,0.00574,0.424,0.294971712
1554785126982,75.001,121.2,0.00572,0.426,0.295330464
1554785127028,75.047,121.2,0.00572,0.426,0.295330464
1554785127074,75.093,121.2,0.00572,0.426,0.295330464
1554785127120,75.139,121.2,0.00572,0.426,0.295330464
1554785127182,75.201,121.2,0.00571,0.425,0.2941221
1554785127228,75.247,121.2,0.00571,0.425,0.2941221
1554785127275,75.294,121.2,0.00571,0.425,0.2941221
1554785127321,75.34,121.2,0.00571,0.425,0.2941221
1554785127382,75.401,121.3,0.00571,0.426,0.295057398
1554785127427,75.446,121.3,0.00571,0.426,0.295057398
1554785127474,75.493,121.3,0.00571,0.426,0.295057398
1554785127520,75.539,121.3,0.00571,0.426,0.295057398
1554785127582,75.601,121.3,0.00572,0.423,0.293492628
1554785127628,75.647,121.3,0.00572,0.423,0.293492628
1554785127675,75.694,121.3,0.00572,0.423,0.293492628
1554785127721,75.74,121.3,0.00572,0.423,0.293492628
1554785127782,75.801,121.3,0.0057,0.422,0.29177502
1554785127828,75.847,121.3,0.0057,0.422,0.29177502
1554785127874,75.893,121.3,0.0057,0.422,0.29177502
1554785127920,75.939,121.3,0.0057,0.422,0.29177502
1554785127982,76.001,121.3,0.00568,0.422,0.290751248
1554785128028,76.047,121.3,0.00568,0.422,0.290751248
1554785128075,76.094,121.3,0.00568,0.422,0.290751248
1554785128121,76.14,121.3,0.00568,0.422,0.290751248
1554785128182,76.201,121.3,0.00568,0.423,0.291440232
1554785128228,76.247,121.3,0.00568,0.423,0.291440232
1554785128274,76.293,121.3,0.00568,0.423,0.291440232
1554785128320,76.339,121.3,0.00568,0.423,0.291440232
1554785128382,76.401,121.3,0.00567,0.423,0.290927133
1554785128428,76.447,121.3,0.00567,0.423,0.290927133
1554785128475,76.494,121.3,0.00567,0.423,0.290927133
1554785128521,76.54,121.3,0.00567,0.423,0.290927133
1554785128582,76.601,121.3,0.00569,0.421,0.290572937
1554785128628,76.647,121.3,0.00569,0.421,0.290572937
1554785128674,76.693,121.3,0.00569,0.421,0.290572937
1554785128721,76.74,121.3,0.00569,0.421,0.290572937
1554785128782,76.801,121.3,0.00572,0.419,0.290717284
1554785128829,76.848,121.3,0.00572,0.419,0.290717284
1554785128875,76.894,121.3,0.00572,0.419,0.290717284
1554785128921,76.94,121.3,0.00572,0.419,0.290717284
1554785128982,77.001,121.3,0.00572,0.419,0.290717284
1554785129028,77.047,121.3,0.00572,0.419,0.290717284
1554785129074,77.093,121.3,0.00572,0.419,0.290717284
1554785129120,77.139,121.3,0.00572,0.419,0.290717284
1554785129182,77.201,121.3,0.0057,0.421,0.29108361
1554785129228,77.247,121.3,0.0057,0.421,0.29108361
1554785129275,77.294,121.3,0.0057,0.421,0.29108361
1554785129321,77.34,121.3,0.0057,0.421,0.29108361
1554785129382,77.401,121.2,0.00572,0.422,0.292557408
1554785129428,77.447,121.2,0.00572,0.422,0.292557408
1554785129474,77.493,121.2,0.00572,0.422,0.292557408
1554785129520,77.539,121.2,0.00572,0.422,0.292557408
1554785129582,77.601,121.2,0.00574,0.423,0.294276024
1554785129628,77.647,121.2,0.00574,0.423,0.294276024
1554785129675,77.694,121.2,0.00574,0.423,0.294276024
1554785129721,77.74,121.2,0.00574,0.423,0.294276024
1554785129782,77.801,121.2,0.00578,0.42,0.29422512
1554785129828,77.847,121.2,0.00578,0.42,0.29422512
1554785129874,77.893,121.2,0.00578,0.42,0.29422512
1554785129920,77.939,121.2,0.00578,0.42,0.29422512
1554785129982,78.001,121.2,0.00577,0.42,0.29371608
1554785130028,78.047,121.2,0.00577,0.42,0.29371608
1554785130075,78.094,121.2,0.00577,0.42,0.29371608
1554785130121,78.14,121.2,0.00577,0.42,0.29371608
1554785130182,78.201,121.2,0.00579,0.421,0.295435908
1554785130228,78.247,121.2,0.00579,0.421,0.295435908
1554785130274,78.293,121.2,0.00579,0.421,0.295435908
1554785130320,78.339,121.2,0.00579,0.421,0.295435908
1554785130382,78.401,121.2,0.00576,0.422,0.294603264
1554785130428,78.447,121.2,0.00576,0.422,0.294603264
1554785130475,78.494,121.2,0.00576,0.422,0.294603264
1554785130521,78.54,121.2,0.00576,0.422,0.294603264
1554785130582,78.601,121.2,0.00577,0.423,0.295814052
1554785130628,78.647,121.2,0.00577,0.423,0.295814052
1554785130674,78.693,121.2,0.00577,0.423,0.295814052
1554785130720,78.739,121.2,0.00577,0.423,0.295814052
1554785130782,78.801,121.2,0.00575,0.422,0.2940918
1554785130828,78.847,121.2,0.00575,0.422,0.2940918
1554785130875,78.894,121.2,0.00575,0.422,0.2940918
1554785130921,78.94,121.2,0.00575,0.422,0.2940918
1554785130982,79.001,121.2,0.00579,0.422,0.296137656
1554785131028,79.047,121.2,0.00579,0.422,0.296137656
1554785131074,79.093,121.2,0.00579,0.422,0.296137656
1554785131120,79.139,121.2,0.00579,0.422,0.296137656
1554785131181,79.2,121.2,0.00571,0.419,0.289969788
1554785131227,79.246,121.2,0.00571,0.419,0.289969788
1554785131274,79.293,121.2,0.00571,0.419,0.289969788
1554785131320,79.339,121.2,0.00571,0.419,0.289969788
1554785131382,79.401,121.2,0.00578,0.42,0.29422512
1554785131428,79.447,121.2,0.00578,0.42,0.29422512
1554785131474,79.493,121.2,0.00578,0.42,0.29422512
1554785131520,79.539,121.2,0.00578,0.42,0.29422512
1554785131582,79.601,121.3,0.00573,0.42,0.29192058
1554785131628,79.647,121.3,0.00573,0.42,0.29192058
1554785131674,79.693,121.3,0.00573,0.42,0.29192058
1554785131720,79.739,121.3,0.00573,0.42,0.29192058
1554785131781,79.8,121.3,0.0057,0.423,0.29246643
1554785131827,79.846,121.3,0.0057,0.423,0.29246643
1554785131873,79.892,121.3,0.0057,0.423,0.29246643
1554785131920,79.939,121.3,0.0057,0.423,0.29246643
1554785131982,80.001,121.3,0.00572,0.421,0.292104956
1554785132028,80.047,121.3,0.00572,0.421,0.292104956
1554785132074,80.093,121.3,0.00572,0.421,0.292104956
1554785132121,80.14,121.3,0.00572,0.421,0.292104956
1554785132182,80.201,121.3,0.0057,0.42,0.2903922
1554785132228,80.247,121.3,0.0057,0.42,0.2903922
1554785132274,80.293,121.3,0.0057,0.42,0.2903922
1554785132320,80.339,121.3,0.0057,0.42,0.2903922
1554785132382,80.401,121.3,0.00571,0.421,0.291594283
1554785132428,80.447,121.3,0.00571,0.421,0.291594283
1554785132474,80.493,121.3,0.00571,0.421,0.291594283
1554785132521,80.54,121.3,0.00571,0.421,0.291594283
1554785132582,80.601,121.3,0.0057,0.422,0.29177502
1554785132628,80.647,121.3,0.0057,0.422,0.29177502
1554785132674,80.693,121.3,0.0057,0.422,0.29177502
1554785132720,80.739,121.3,0.0057,0.422,0.29177502
1554785132782,80.801,121.3,0.00565,0.422,0.28921559
1554785132828,80.847,121.3,0.00565,0.422,0.28921559
1554785132874,80.893,121.3,0.00565,0.422,0.28921559
1554785132920,80.939,121.3,0.00565,0.422,0.28921559
1554785132981,81.0,121.3,0.00567,0.424,0.291614904
1554785133027,81.046,121.3,0.00567,0.424,0.291614904
1554785133073,81.092,121.3,0.00567,0.424,0.291614904
1554785133119,81.138,121.3,0.00567,0.424,0.291614904
1554785133182,81.201,121.3,0.00571,0.423,0.292979529
1554785133228,81.247,121.3,0.00571,0.423,0.292979529
1554785133274,81.293,121.3,0.00571,0.423,0.292979529
1554785133320,81.339,121.3,0.00571,0.423,0.292979529
1554785133381,81.4,121.3,0.0057,0.425,0.29384925
1554785133427,81.446,121.3,0.0057,0.425,0.29384925
1554785133473,81.492,121.3,0.0057,0.425,0.29384925
1554785133519,81.538,121.3,0.0057,0.425,0.29384925
1554785133582,81.601,121.2,0.00575,0.422,0.2940918
1554785133628,81.647,121.2,0.00575,0.422,0.2940918
1554785133674,81.693,121.2,0.00575,0.422,0.2940918
1554785133720,81.739,121.2,0.00575,0.422,0.2940918
1554785133781,81.8,121.3,0.00577,0.422,0.295358222
1554785133827,81.846,121.3,0.00577,0.422,0.295358222
1554785133873,81.892,121.3,0.00577,0.422,0.295358222
1554785133919,81.938,121.3,0.00577,0.422,0.295358222
1554785133981,82.0,121.2,0.00571,0.422,0.292045944
1554785134027,82.046,121.2,0.00571,0.422,0.292045944
1554785134073,82.092,121.2,0.00571,0.422,0.292045944
1554785134119,82.138,121.2,0.00571,0.422,0.292045944
1554785134182,82.201,121.2,0.00576,0.419,0.292508928
1554785134228,82.247,121.2,0.00576,0.419,0.292508928
1554785134274,82.293,121.2,0.00576,0.419,0.292508928
1554785134320,82.339,121.2,0.00576,0.419,0.292508928
1554785134381,82.4,121.2,0.00576,0.423,0.295301376
1554785134427,82.446,121.2,0.00576,0.423,0.295301376
1554785134473,82.492,121.2,0.00576,0.423,0.295301376
1554785134520,82.539,121.2,0.00576,0.423,0.295301376
1554785134582,82.601,121.2,0.00576,0.424,0.295999488
1554785134628,82.647,121.2,0.00576,0.424,0.295999488
1554785134674,82.693,121.2,0.00576,0.424,0.295999488
1554785134720,82.739,121.2,0.00576,0.424,0.295999488
1554785134781,82.8,121.2,0.00577,0.421,0.294415404
1554785134827,82.846,121.2,0.00577,0.421,0.294415404
1554785134874,82.893,121.2,0.00577,0.421,0.294415404
1554785134920,82.939,121.2,0.00577,0.421,0.294415404
1554785134981,83.0,121.2,0.00575,0.421,0.2933949
1554785135027,83.046,121.2,0.00575,0.421,0.2933949
1554785135073,83.092,121.2,0.00575,0.421,0.2933949
1554785135119,83.138,121.2,0.00575,0.421,0.2933949
1554785135181,83.2,121.2,0.00573,0.421,0.292374396
1554785135227,83.246,121.2,0.00573,0.421,0.292374396
1554785135274,83.293,121.2,0.00573,0.421,0.292374396
1554785135320,83.339,121.2,0.00573,0.421,0.292374396
1554785135382,83.401,121.2,0.00572,0.425,0.2946372
1554785135428,83.447,121.2,0.00572,0.425,0.2946372
1554785135474,83.493,121.2,0.00572,0.425,0.2946372
1554785135520,83.539,121.2,0.00572,0.425,0.2946372
1554785135581,83.6,121.2,0.00575,0.422,0.2940918
1554785135627,83.646,121.2,0.00575,0.422,0.2940918
1554785135674,83.693,121.2,0.00575,0.422,0.2940918
1554785135720,83.739,121.2,0.00575,0.422,0.2940918
1554785135781,83.8,121.3,0.00573,0.421,0.292615629
1554785135826,83.846,121.3,0.00573,0.421,0.292615629
1554785135873,83.892,121.3,0.00573,0.421,0.292615629
1554785135919,83.938,121.3,0.00573,0.421,0.292615629
1554785135981,84.0,121.3,0.00571,0.42,0.29090166
1554785136027,84.046,121.3,0.00571,0.42,0.29090166
1554785136073,84.092,121.3,0.00571,0.42,0.29090166
1554785136119,84.138,121.3,0.00571,0.42,0.29090166
1554785136181,84.2,121.3,0.0057,0.42,0.2903922
1554785136227,84.246,121.3,0.0057,0.42,0.2903922
1554785136273,84.292,121.3,0.0057,0.42,0.2903922
1554785136319,84.338,121.3,0.0057,0.42,0.2903922
1554785136381,84.4,121.3,0.00565,0.423,0.289900935
1554785136427,84.446,121.3,0.00565,0.423,0.289900935
1554785136474,84.493,121.3,0.00565,0.423,0.289900935
1554785136520,84.539,121.3,0.00565,0.423,0.289900935
1554785136581,84.6,121.3,0.0057,0.423,0.29246643
1554785136627,84.646,121.3,0.0057,0.423,0.29246643
1554785136673,84.692,121.3,0.0057,0.423,0.29246643
1554785136719,84.738,121.3,0.0057,0.423,0.29246643
1554785136781,84.8,121.3,0.00567,0.423,0.290927133
1554785136827,84.846,121.3,0.00567,0.423,0.290927133
1554785136873,84.892,121.3,0.00567,0.423,0.290927133
1554785136919,84.938,121.3,0.00567,0.423,0.290927133
1554785136981,85.0,121.3,0.0057,0.42,0.2903922
1554785137027,85.046,121.3,0.0057,0.42,0.2903922
1554785137073,85.092,121.3,0.0057,0.42,0.2903922
1554785137119,85.139,121.3,0.0057,0.42,0.2903922
1554785137181,85.2,121.3,0.00571,0.42,0.29090166
1554785137227,85.246,121.3,0.00571,0.42,0.29090166
1554785137273,85.292,121.3,0.00571,0.42,0.29090166
1554785137319,85.338,121.3,0.00571,0.42,0.29090166
1554785137381,85.401,121.3,0.0057,0.424,0.29315784
1554785137428,85.447,121.3,0.0057,0.424,0.29315784
1554785137474,85.493,121.3,0.0057,0.424,0.29315784
1554785137520,85.539,121.3,0.0057,0.424,0.29315784
1554785137581,85.6,121.3,0.00574,0.422,0.293822564
1554785137627,85.646,121.3,0.00574,0.422,0.293822564
1554785137673,85.692,121.3,0.00574,0.422,0.293822564
1554785137719,85.738,121.3,0.00574,0.422,0.293822564
1554785137781,85.801,121.3,0.00576,0.424,0.296243712
1554785137828,85.847,121.3,0.00576,0.424,0.296243712
1554785137874,85.893,121.3,0.00576,0.424,0.296243712
1554785137920,85.939,121.3,0.00576,0.424,0.296243712
1554785137981,86.0,121.3,0.00575,0.423,0.295031925
1554785138027,86.046,121.3,0.00575,0.423,0.295031925
1554785138073,86.092,121.3,0.00575,0.423,0.295031925
1554785138119,86.139,121.3,0.00575,0.423,0.295031925
1554785138181,86.2,121.2,0.00577,0.423,0.295814052
1554785138226,86.245,121.2,0.00577,0.423,0.295814052
1554785138272,86.292,121.2,0.00577,0.423,0.295814052
1554785138318,86.338,121.2,0.00577,0.423,0.295814052
1554785138381,86.4,121.2,0.00578,0.422,0.295626192
1554785138427,86.446,121.2,0.00578,0.422,0.295626192
1554785138473,86.492,121.2,0.00578,0.422,0.295626192
1554785138519,86.538,121.2,0.00578,0.422,0.295626192
1554785138580,86.599,121.2,0.00578,0.425,0.2977278
1554785138626,86.645,121.2,0.00578,0.425,0.2977278
1554785138672,86.691,121.2,0.00578,0.425,0.2977278
1554785138718,86.737,121.2,0.00578,0.425,0.2977278
1554785138780,86.799,121.2,0.00574,0.422,0.293580336
1554785138826,86.845,121.2,0.00574,0.422,0.293580336
1554785138872,86.891,121.2,0.00574,0.422,0.293580336
1554785138918,86.937,121.2,0.00574,0.422,0.293580336
1554785138981,87.0,121.2,0.0057,0.423,0.29222532
1554785139027,87.046,121.2,0.0057,0.423,0.29222532
1554785139073,87.092,121.2,0.0057,0.423,0.29222532
1554785139119,87.138,121.2,0.0057,0.423,0.29222532
1554785139181,87.2,121.2,0.0057,0.423,0.29222532
1554785139227,87.246,121.2,0.0057,0.423,0.29222532
1554785139274,87.293,121.2,0.0057,0.423,0.29222532
1554785139320,87.339,121.2,0.0057,0.423,0.29222532
1554785139381,87.4,121.2,0.00581,0.425,0.2992731
1554785139427,87.446,121.2,0.00581,0.425,0.2992731
1554785139473,87.492,121.2,0.00581,0.425,0.2992731
1554785139519,87.538,121.2,0.00581,0.425,0.2992731
1554785139580,87.599,121.2,0.00725,0.437,0.3839919
1554785139626,87.645,121.2,0.00725,0.437,0.3839919
1554785139672,87.691,121.2,0.00725,0.437,0.3839919
1554785139718,87.737,121.2,0.00725,0.437,0.3839919
1554785139780,87.8,121.3,0.00724,0.435,0.38202222
1554785139827,87.846,121.3,0.00724,0.435,0.38202222
1554785139873,87.892,121.3,0.00724,0.435,0.38202222
1554785139919,87.938,121.3,0.00724,0.435,0.38202222
1554785139981,88.0,121.3,0.00722,0.434,0.380091124
1554785140027,88.046,121.3,0.00722,0.434,0.380091124
1554785140073,88.093,121.3,0.00722,0.434,0.380091124
1554785140120,88.139,121.3,0.00722,0.434,0.380091124
1554785140180,88.2,121.3,0.0072,0.437,0.38165832
1554785140227,88.246,121.3,0.0072,0.437,0.38165832
1554785140273,88.292,121.3,0.0072,0.437,0.38165832
1554785140319,88.338,121.3,0.0072,0.437,0.38165832
1554785140381,88.4,121.3,0.00721,0.435,0.380439255
1554785140427,88.447,121.3,0.00721,0.435,0.380439255
1554785140474,88.493,121.3,0.00721,0.435,0.380439255
1554785140520,88.539,121.3,0.00721,0.435,0.380439255
1554785140581,88.6,121.3,0.00725,0.437,0.384308725
1554785140627,88.646,121.3,0.00725,0.437,0.384308725
1554785140673,88.692,121.3,0.00725,0.437,0.384308725
1554785140719,88.738,121.3,0.00725,0.437,0.384308725
You pressed Ctrl+C!
1554785140780,88.799,121.3,0.00727,0.433,0.381841483
