# Mon Apr 08 20:12:29 2019
abstime,time_stamp,volt,curr,pf,mul
1554779549366,0.08,121.3,0.00585,0.423,0.300162915
1554779549413,0.127,121.3,0.00585,0.423,0.300162915
1554779549459,0.173,121.3,0.00585,0.423,0.300162915
1554779549504,0.218,121.3,0.00585,0.423,0.300162915
1554779549549,0.263,121.4,0.00566,0.42,0.28859208
1554779549595,0.309,121.4,0.00566,0.42,0.28859208
1554779549641,0.355,121.4,0.00566,0.42,0.28859208
1554779549686,0.4,121.4,0.00566,0.42,0.28859208
1554779549733,0.447,121.4,0.00571,0.421,0.291834674
1554779549779,0.493,121.4,0.00571,0.421,0.291834674
1554779549824,0.538,121.4,0.00571,0.421,0.291834674
1554779549870,0.584,121.4,0.00571,0.421,0.291834674
1554779549932,0.646,121.4,0.00569,0.42,0.29012172
1554779549978,0.693,121.4,0.00569,0.42,0.29012172
1554779550025,0.739,121.4,0.00569,0.42,0.29012172
1554779550071,0.785,121.4,0.00569,0.42,0.29012172
1554779550133,0.847,121.4,0.00573,0.416,0.289378752
1554779550179,0.893,121.4,0.00573,0.416,0.289378752
1554779550225,0.939,121.4,0.00573,0.416,0.289378752
1554779550271,0.985,121.4,0.00573,0.416,0.289378752
1554779550333,1.047,121.4,0.00571,0.419,0.290448286
1554779550379,1.093,121.4,0.00571,0.419,0.290448286
1554779550425,1.139,121.4,0.00571,0.419,0.290448286
1554779550471,1.185,121.4,0.00571,0.419,0.290448286
1554779550533,1.247,121.4,0.00568,0.421,0.290301392
1554779550579,1.293,121.4,0.00568,0.421,0.290301392
1554779550625,1.339,121.4,0.00568,0.421,0.290301392
1554779550671,1.385,121.4,0.00568,0.421,0.290301392
1554779550732,1.446,121.4,0.00568,0.423,0.291680496
1554779550778,1.492,121.4,0.00568,0.423,0.291680496
1554779550825,1.539,121.4,0.00568,0.423,0.291680496
1554779550871,1.585,121.4,0.00568,0.423,0.291680496
1554779550932,1.646,121.4,0.00569,0.421,0.290812486
1554779550978,1.692,121.4,0.00569,0.421,0.290812486
1554779551024,1.738,121.4,0.00569,0.421,0.290812486
1554779551070,1.784,121.4,0.00569,0.421,0.290812486
1554779551132,1.846,121.4,0.00569,0.422,0.291503252
1554779551178,1.892,121.4,0.00569,0.422,0.291503252
1554779551224,1.938,121.4,0.00569,0.422,0.291503252
1554779551271,1.985,121.4,0.00569,0.422,0.291503252
1554779551333,2.047,121.4,0.00568,0.421,0.290301392
1554779551379,2.093,121.4,0.00568,0.421,0.290301392
1554779551425,2.139,121.4,0.00568,0.421,0.290301392
1554779551471,2.185,121.4,0.00568,0.421,0.290301392
1554779551532,2.246,121.4,0.00575,0.421,0.29387905
1554779551578,2.292,121.4,0.00575,0.421,0.29387905
1554779551624,2.338,121.4,0.00575,0.421,0.29387905
1554779551670,2.384,121.4,0.00575,0.421,0.29387905
1554779551733,2.447,121.4,0.00574,0.42,0.29267112
1554779551779,2.493,121.4,0.00574,0.42,0.29267112
1554779551825,2.539,121.4,0.00574,0.42,0.29267112
1554779551871,2.585,121.4,0.00574,0.42,0.29267112
1554779551932,2.646,121.4,0.00574,0.42,0.29267112
1554779551978,2.692,121.4,0.00574,0.42,0.29267112
1554779552024,2.738,121.4,0.00574,0.42,0.29267112
1554779552070,2.784,121.4,0.00574,0.42,0.29267112
1554779552133,2.847,121.4,0.00573,0.424,0.294943728
1554779552179,2.893,121.4,0.00573,0.424,0.294943728
1554779552225,2.939,121.4,0.00573,0.424,0.294943728
1554779552271,2.985,121.4,0.00573,0.424,0.294943728
1554779552332,3.046,121.3,0.00572,0.422,0.292798792
1554779552378,3.092,121.3,0.00572,0.422,0.292798792
1554779552424,3.138,121.3,0.00572,0.422,0.292798792
1554779552470,3.184,121.3,0.00572,0.422,0.292798792
1554779552532,3.246,121.4,0.00571,0.424,0.293914256
1554779552578,3.292,121.4,0.00571,0.424,0.293914256
1554779552624,3.338,121.4,0.00571,0.424,0.293914256
1554779552670,3.384,121.4,0.00571,0.424,0.293914256
1554779552732,3.446,121.4,0.00571,0.423,0.293221062
1554779552778,3.492,121.4,0.00571,0.423,0.293221062
1554779552824,3.538,121.4,0.00571,0.423,0.293221062
1554779552870,3.584,121.4,0.00571,0.423,0.293221062
1554779552933,3.647,121.4,0.00572,0.422,0.293040176
1554779552979,3.693,121.4,0.00572,0.422,0.293040176
1554779553025,3.739,121.4,0.00572,0.422,0.293040176
1554779553071,3.785,121.4,0.00572,0.422,0.293040176
1554779553132,3.846,121.4,0.00568,0.424,0.292370048
1554779553178,3.892,121.4,0.00568,0.424,0.292370048
1554779553224,3.938,121.4,0.00568,0.424,0.292370048
1554779553270,3.984,121.4,0.00568,0.424,0.292370048
1554779553332,4.046,121.4,0.00565,0.423,0.29013993
1554779553378,4.092,121.4,0.00565,0.423,0.29013993
1554779553424,4.138,121.4,0.00565,0.423,0.29013993
1554779553470,4.184,121.4,0.00565,0.423,0.29013993
1554779553532,4.246,121.4,0.00567,0.422,0.290478636
1554779553578,4.292,121.4,0.00567,0.422,0.290478636
1554779553624,4.338,121.4,0.00567,0.422,0.290478636
1554779553670,4.384,121.4,0.00567,0.422,0.290478636
1554779553733,4.447,121.4,0.00566,0.423,0.290653452
1554779553779,4.493,121.4,0.00566,0.423,0.290653452
1554779553825,4.539,121.4,0.00566,0.423,0.290653452
1554779553871,4.585,121.4,0.00566,0.423,0.290653452
1554779553932,4.646,121.4,0.00563,0.422,0.288429404
1554779553978,4.692,121.4,0.00563,0.422,0.288429404
1554779554024,4.738,121.4,0.00563,0.422,0.288429404
1554779554071,4.785,121.4,0.00563,0.422,0.288429404
1554779554132,4.846,121.4,0.00564,0.423,0.289626408
1554779554177,4.891,121.4,0.00564,0.423,0.289626408
1554779554224,4.938,121.4,0.00564,0.423,0.289626408
1554779554270,4.984,121.4,0.00564,0.423,0.289626408
1554779554332,5.046,121.3,0.00566,0.421,0.289040918
1554779554379,5.093,121.3,0.00566,0.421,0.289040918
1554779554425,5.139,121.3,0.00566,0.421,0.289040918
1554779554471,5.185,121.3,0.00566,0.421,0.289040918
1554779554532,5.246,121.3,0.00567,0.424,0.291614904
1554779554578,5.292,121.3,0.00567,0.424,0.291614904
1554779554625,5.339,121.3,0.00567,0.424,0.291614904
1554779554671,5.385,121.3,0.00567,0.424,0.291614904
1554779554732,5.446,121.4,0.00569,0.424,0.292884784
1554779554778,5.492,121.4,0.00569,0.424,0.292884784
1554779554824,5.538,121.4,0.00569,0.424,0.292884784
1554779554870,5.584,121.4,0.00569,0.424,0.292884784
1554779554933,5.647,121.4,0.00565,0.424,0.29082584
1554779554979,5.693,121.4,0.00565,0.424,0.29082584
1554779555025,5.739,121.4,0.00565,0.424,0.29082584
1554779555071,5.785,121.4,0.00565,0.424,0.29082584
1554779555132,5.846,121.4,0.00566,0.423,0.290653452
1554779555178,5.892,121.4,0.00566,0.423,0.290653452
1554779555224,5.938,121.4,0.00566,0.423,0.290653452
1554779555270,5.984,121.4,0.00566,0.423,0.290653452
1554779555331,6.045,121.3,0.00569,0.423,0.291953331
1554779555377,6.091,121.3,0.00569,0.423,0.291953331
1554779555424,6.138,121.3,0.00569,0.423,0.291953331
1554779555470,6.184,121.3,0.00569,0.423,0.291953331
1554779555532,6.246,121.3,0.00574,0.421,0.293126302
1554779555578,6.292,121.3,0.00574,0.421,0.293126302
1554779555625,6.339,121.3,0.00574,0.421,0.293126302
1554779555671,6.385,121.3,0.00574,0.421,0.293126302
1554779555732,6.446,121.4,0.00582,0.419,0.296043612
1554779555778,6.492,121.4,0.00582,0.419,0.296043612
1554779555825,6.539,121.4,0.00582,0.419,0.296043612
1554779555871,6.585,121.4,0.00582,0.419,0.296043612
1554779555932,6.646,121.4,0.00578,0.421,0.295412332
1554779555978,6.692,121.4,0.00578,0.421,0.295412332
1554779556024,6.738,121.4,0.00578,0.421,0.295412332
1554779556070,6.784,121.4,0.00578,0.421,0.295412332
1554779556132,6.846,121.3,0.00572,0.422,0.292798792
1554779556178,6.892,121.3,0.00572,0.422,0.292798792
1554779556224,6.938,121.3,0.00572,0.422,0.292798792
1554779556270,6.985,121.3,0.00572,0.422,0.292798792
1554779556331,7.046,121.3,0.00575,0.42,0.2929395
1554779556378,7.092,121.3,0.00575,0.42,0.2929395
1554779556424,7.138,121.3,0.00575,0.42,0.2929395
1554779556470,7.184,121.3,0.00575,0.42,0.2929395
1554779556532,7.246,121.3,0.00575,0.421,0.293636975
1554779556578,7.292,121.3,0.00575,0.421,0.293636975
1554779556624,7.338,121.3,0.00575,0.421,0.293636975
1554779556670,7.384,121.3,0.00575,0.421,0.293636975
1554779556732,7.447,121.4,0.00576,0.42,0.29369088
1554779556778,7.492,121.4,0.00576,0.42,0.29369088
1554779556825,7.539,121.4,0.00576,0.42,0.29369088
1554779556871,7.585,121.4,0.00576,0.42,0.29369088
1554779556933,7.647,121.4,0.00575,0.418,0.2917849
1554779556979,7.693,121.4,0.00575,0.418,0.2917849
1554779557026,7.74,121.4,0.00575,0.418,0.2917849
1554779557072,7.786,121.4,0.00575,0.418,0.2917849
1554779557133,7.847,121.4,0.00573,0.417,0.290074374
1554779557179,7.893,121.4,0.00573,0.417,0.290074374
1554779557225,7.939,121.4,0.00573,0.417,0.290074374
1554779557272,7.986,121.4,0.00573,0.417,0.290074374
1554779557333,8.047,121.4,0.00569,0.419,0.289430954
1554779557378,8.093,121.4,0.00569,0.419,0.289430954
1554779557425,8.139,121.4,0.00569,0.419,0.289430954
1554779557471,8.185,121.4,0.00569,0.419,0.289430954
1554779557532,8.246,121.4,0.00571,0.42,0.29114148
1554779557578,8.292,121.4,0.00571,0.42,0.29114148
1554779557624,8.338,121.4,0.00571,0.42,0.29114148
1554779557670,8.384,121.4,0.00571,0.42,0.29114148
1554779557732,8.446,121.4,0.00569,0.42,0.29012172
1554779557779,8.493,121.4,0.00569,0.42,0.29012172
1554779557825,8.539,121.4,0.00569,0.42,0.29012172
1554779557871,8.585,121.4,0.00569,0.42,0.29012172
1554779557932,8.646,121.4,0.00565,0.421,0.28876811
1554779557978,8.692,121.4,0.00565,0.421,0.28876811
1554779558024,8.738,121.4,0.00565,0.421,0.28876811
1554779558070,8.785,121.4,0.00565,0.421,0.28876811
1554779558132,8.846,121.4,0.00569,0.418,0.288740188
1554779558178,8.892,121.4,0.00569,0.418,0.288740188
1554779558223,8.937,121.4,0.00569,0.418,0.288740188
1554779558270,8.984,121.4,0.00569,0.418,0.288740188
1554779558332,9.046,121.4,0.0057,0.417,0.28855566
1554779558378,9.092,121.4,0.0057,0.417,0.28855566
1554779558424,9.138,121.4,0.0057,0.417,0.28855566
1554779558470,9.184,121.4,0.0057,0.417,0.28855566
1554779558532,9.246,121.4,0.00568,0.422,0.290990944
1554779558577,9.291,121.4,0.00568,0.422,0.290990944
1554779558623,9.337,121.4,0.00568,0.422,0.290990944
1554779558669,9.383,121.4,0.00568,0.422,0.290990944
1554779558732,9.446,121.4,0.0057,0.421,0.29132358
1554779558778,9.492,121.4,0.0057,0.421,0.29132358
1554779558824,9.538,121.4,0.0057,0.421,0.29132358
1554779558870,9.584,121.4,0.0057,0.421,0.29132358
1554779558932,9.646,121.4,0.00566,0.424,0.291340576
1554779558979,9.693,121.4,0.00566,0.424,0.291340576
1554779559025,9.739,121.4,0.00566,0.424,0.291340576
1554779559071,9.785,121.4,0.00566,0.424,0.291340576
1554779559132,9.846,121.4,0.00569,0.424,0.292884784
1554779559178,9.892,121.4,0.00569,0.424,0.292884784
1554779559224,9.938,121.4,0.00569,0.424,0.292884784
1554779559270,9.984,121.4,0.00569,0.424,0.292884784
1554779559331,10.045,121.3,0.00569,0.42,0.28988274
1554779559377,10.091,121.3,0.00569,0.42,0.28988274
1554779559423,10.137,121.3,0.00569,0.42,0.28988274
1554779559470,10.184,121.3,0.00569,0.42,0.28988274
1554779559532,10.246,121.3,0.00573,0.422,0.293310678
1554779559578,10.292,121.3,0.00573,0.422,0.293310678
1554779559624,10.338,121.3,0.00573,0.422,0.293310678
1554779559670,10.384,121.3,0.00573,0.422,0.293310678
1554779559732,10.446,121.4,0.00574,0.424,0.295458464
1554779559778,10.492,121.4,0.00574,0.424,0.295458464
1554779559824,10.538,121.4,0.00574,0.424,0.295458464
1554779559870,10.584,121.4,0.00574,0.424,0.295458464
1554779559931,10.645,121.4,0.00576,0.421,0.294390144
1554779559977,10.691,121.4,0.00576,0.421,0.294390144
1554779560023,10.737,121.4,0.00576,0.421,0.294390144
1554779560069,10.783,121.4,0.00576,0.421,0.294390144
1554779560131,10.845,121.3,0.00571,0.422,0.292286906
1554779560177,10.891,121.3,0.00571,0.422,0.292286906
1554779560224,10.938,121.3,0.00571,0.422,0.292286906
1554779560270,10.984,121.3,0.00571,0.422,0.292286906
1554779560331,11.045,121.3,0.00573,0.423,0.294005727
1554779560377,11.091,121.3,0.00573,0.423,0.294005727
1554779560423,11.137,121.3,0.00573,0.423,0.294005727
1554779560469,11.183,121.3,0.00573,0.423,0.294005727
1554779560531,11.245,121.3,0.00573,0.421,0.292615629
1554779560577,11.291,121.3,0.00573,0.421,0.292615629
1554779560623,11.337,121.3,0.00573,0.421,0.292615629
1554779560669,11.383,121.3,0.00573,0.421,0.292615629
1554779560732,11.446,121.3,0.00576,0.421,0.294147648
1554779560778,11.492,121.3,0.00576,0.421,0.294147648
1554779560824,11.538,121.3,0.00576,0.421,0.294147648
1554779560870,11.584,121.3,0.00576,0.421,0.294147648
1554779560931,11.645,121.3,0.00571,0.417,0.288823791
1554779560977,11.691,121.3,0.00571,0.417,0.288823791
1554779561023,11.737,121.3,0.00571,0.417,0.288823791
1554779561069,11.783,121.3,0.00571,0.417,0.288823791
1554779561132,11.846,121.3,0.00565,0.424,0.29058628
1554779561178,11.892,121.3,0.00565,0.424,0.29058628
1554779561224,11.938,121.3,0.00565,0.424,0.29058628
1554779561270,11.984,121.3,0.00565,0.424,0.29058628
1554779561331,12.045,121.3,0.00565,0.423,0.289900935
1554779561377,12.091,121.3,0.00565,0.423,0.289900935
1554779561423,12.137,121.3,0.00565,0.423,0.289900935
1554779561470,12.184,121.3,0.00565,0.423,0.289900935
1554779561531,12.245,121.3,0.00572,0.419,0.290717284
1554779561577,12.291,121.3,0.00572,0.419,0.290717284
1554779561623,12.337,121.3,0.00572,0.419,0.290717284
1554779561669,12.383,121.3,0.00572,0.419,0.290717284
1554779561731,12.445,121.3,0.00569,0.422,0.291263134
1554779561778,12.492,121.3,0.00569,0.422,0.291263134
1554779561824,12.538,121.3,0.00569,0.422,0.291263134
1554779561870,12.584,121.3,0.00569,0.422,0.291263134
1554779561931,12.645,121.4,0.00565,0.423,0.29013993
1554779561977,12.691,121.4,0.00565,0.423,0.29013993
1554779562023,12.737,121.4,0.00565,0.423,0.29013993
1554779562070,12.784,121.4,0.00565,0.423,0.29013993
1554779562131,12.845,121.4,0.00565,0.422,0.28945402
1554779562177,12.891,121.4,0.00565,0.422,0.28945402
1554779562223,12.937,121.4,0.00565,0.422,0.28945402
1554779562269,12.983,121.4,0.00565,0.422,0.28945402
1554779562331,13.045,121.4,0.00568,0.421,0.290301392
1554779562377,13.092,121.4,0.00568,0.421,0.290301392
1554779562424,13.138,121.4,0.00568,0.421,0.290301392
1554779562470,13.184,121.4,0.00568,0.421,0.290301392
1554779562531,13.245,121.4,0.00567,0.422,0.290478636
1554779562577,13.291,121.4,0.00567,0.422,0.290478636
1554779562623,13.337,121.4,0.00567,0.422,0.290478636
1554779562669,13.383,121.4,0.00567,0.422,0.290478636
1554779562731,13.445,121.4,0.00569,0.422,0.291503252
1554779562777,13.491,121.4,0.00569,0.422,0.291503252
1554779562823,13.537,121.4,0.00569,0.422,0.291503252
1554779562870,13.584,121.4,0.00569,0.422,0.291503252
1554779562931,13.645,121.4,0.0057,0.424,0.29339952
1554779562977,13.691,121.4,0.0057,0.424,0.29339952
1554779563024,13.738,121.4,0.0057,0.424,0.29339952
1554779563070,13.784,121.4,0.0057,0.424,0.29339952
1554779563131,13.845,121.4,0.00571,0.419,0.290448286
1554779563177,13.891,121.4,0.00571,0.419,0.290448286
1554779563223,13.937,121.4,0.00571,0.419,0.290448286
1554779563269,13.983,121.4,0.00571,0.419,0.290448286
1554779563330,14.044,121.4,0.00575,0.417,0.29108685
1554779563376,14.09,121.4,0.00575,0.417,0.29108685
1554779563423,14.137,121.4,0.00575,0.417,0.29108685
1554779563469,14.183,121.4,0.00575,0.417,0.29108685
1554779563531,14.245,121.4,0.00577,0.42,0.29420076
1554779563578,14.292,121.4,0.00577,0.42,0.29420076
1554779563624,14.338,121.4,0.00577,0.42,0.29420076
1554779563670,14.384,121.4,0.00577,0.42,0.29420076
1554779563731,14.445,121.4,0.00573,0.423,0.294248106
1554779563777,14.491,121.4,0.00573,0.423,0.294248106
1554779563823,14.537,121.4,0.00573,0.423,0.294248106
1554779563869,14.583,121.4,0.00573,0.423,0.294248106
1554779563931,14.645,121.4,0.00575,0.424,0.2959732
1554779563976,14.69,121.4,0.00575,0.424,0.2959732
1554779564023,14.737,121.4,0.00575,0.424,0.2959732
1554779564068,14.783,121.4,0.00575,0.424,0.2959732
1554779564131,14.845,121.4,0.00574,0.42,0.29267112
1554779564177,14.891,121.4,0.00574,0.42,0.29267112
1554779564223,14.937,121.4,0.00574,0.42,0.29267112
1554779564269,14.983,121.4,0.00574,0.42,0.29267112
1554779564331,15.045,121.3,0.00572,0.421,0.292104956
1554779564377,15.092,121.3,0.00572,0.421,0.292104956
1554779564424,15.138,121.3,0.00572,0.421,0.292104956
1554779564470,15.184,121.3,0.00572,0.421,0.292104956
1554779564531,15.245,121.3,0.00574,0.421,0.293126302
1554779564577,15.291,121.3,0.00574,0.421,0.293126302
1554779564623,15.337,121.3,0.00574,0.421,0.293126302
1554779564669,15.383,121.3,0.00574,0.421,0.293126302
1554779564730,15.444,121.3,0.00572,0.425,0.2948803
1554779564776,15.49,121.3,0.00572,0.425,0.2948803
1554779564822,15.537,121.3,0.00572,0.425,0.2948803
1554779564868,15.582,121.3,0.00572,0.425,0.2948803
1554779564931,15.645,121.4,0.00573,0.422,0.293552484
1554779564977,15.691,121.4,0.00573,0.422,0.293552484
1554779565023,15.737,121.4,0.00573,0.422,0.293552484
1554779565069,15.783,121.4,0.00573,0.422,0.293552484
1554779565130,15.844,121.3,0.00568,0.422,0.290751248
1554779565176,15.89,121.3,0.00568,0.422,0.290751248
1554779565223,15.937,121.3,0.00568,0.422,0.290751248
1554779565269,15.983,121.3,0.00568,0.422,0.290751248
1554779565331,16.045,121.3,0.00569,0.422,0.291263134
1554779565377,16.091,121.3,0.00569,0.422,0.291263134
1554779565423,16.137,121.3,0.00569,0.422,0.291263134
1554779565469,16.183,121.3,0.00569,0.422,0.291263134
1554779565530,16.244,121.3,0.00569,0.418,0.288502346
1554779565577,16.291,121.3,0.00569,0.418,0.288502346
1554779565623,16.337,121.3,0.00569,0.418,0.288502346
1554779565669,16.383,121.3,0.00569,0.418,0.288502346
1554779565731,16.445,121.3,0.00571,0.418,0.289516414
1554779565777,16.491,121.3,0.00571,0.418,0.289516414
1554779565824,16.538,121.3,0.00571,0.418,0.289516414
1554779565870,16.584,121.3,0.00571,0.418,0.289516414
1554779565931,16.645,121.3,0.00568,0.42,0.28937328
1554779565977,16.691,121.3,0.00568,0.42,0.28937328
1554779566023,16.737,121.3,0.00568,0.42,0.28937328
1554779566069,16.783,121.3,0.00568,0.42,0.28937328
1554779566130,16.844,121.4,0.00569,0.419,0.289430954
1554779566176,16.89,121.4,0.00569,0.419,0.289430954
1554779566222,16.936,121.4,0.00569,0.419,0.289430954
1554779566268,16.982,121.4,0.00569,0.419,0.289430954
1554779566331,17.045,121.3,0.00571,0.417,0.288823791
1554779566377,17.091,121.3,0.00571,0.417,0.288823791
1554779566423,17.137,121.3,0.00571,0.417,0.288823791
1554779566469,17.183,121.3,0.00571,0.417,0.288823791
1554779566530,17.244,121.4,0.00576,0.417,0.291593088
1554779566576,17.29,121.4,0.00576,0.417,0.291593088
1554779566622,17.336,121.4,0.00576,0.417,0.291593088
1554779566668,17.382,121.4,0.00576,0.417,0.291593088
1554779566731,17.445,121.4,0.00572,0.421,0.292345768
1554779566777,17.491,121.4,0.00572,0.421,0.292345768
1554779566823,17.537,121.4,0.00572,0.421,0.292345768
1554779566869,17.583,121.4,0.00572,0.421,0.292345768
1554779566930,17.644,121.4,0.00575,0.419,0.29248295
1554779566976,17.69,121.4,0.00575,0.419,0.29248295
1554779567022,17.736,121.4,0.00575,0.419,0.29248295
1554779567068,17.782,121.4,0.00575,0.419,0.29248295
1554779567131,17.845,121.4,0.00574,0.419,0.291974284
1554779567177,17.891,121.4,0.00574,0.419,0.291974284
1554779567223,17.937,121.4,0.00574,0.419,0.291974284
1554779567270,17.984,121.4,0.00574,0.419,0.291974284
1554779567331,18.045,121.4,0.00571,0.419,0.290448286
1554779567377,18.091,121.4,0.00571,0.419,0.290448286
1554779567423,18.137,121.4,0.00571,0.419,0.290448286
1554779567469,18.183,121.4,0.00571,0.419,0.290448286
1554779567530,18.244,121.4,0.00574,0.421,0.293367956
1554779567576,18.29,121.4,0.00574,0.421,0.293367956
1554779567622,18.336,121.4,0.00574,0.421,0.293367956
1554779567668,18.383,121.4,0.00574,0.421,0.293367956
1554779567731,18.445,121.4,0.00577,0.421,0.294901238
1554779567777,18.491,121.4,0.00577,0.421,0.294901238
1554779567823,18.537,121.4,0.00577,0.421,0.294901238
1554779567869,18.583,121.4,0.00577,0.421,0.294901238
1554779567930,18.644,121.4,0.00579,0.42,0.29522052
1554779567976,18.69,121.4,0.00579,0.42,0.29522052
1554779568022,18.736,121.4,0.00579,0.42,0.29522052
1554779568068,18.782,121.4,0.00579,0.42,0.29522052
1554779568131,18.845,121.4,0.00579,0.421,0.295923426
1554779568177,18.891,121.4,0.00579,0.421,0.295923426
1554779568223,18.937,121.4,0.00579,0.421,0.295923426
1554779568269,18.983,121.4,0.00579,0.421,0.295923426
1554779568330,19.044,121.4,0.00572,0.42,0.29165136
1554779568376,19.09,121.4,0.00572,0.42,0.29165136
1554779568422,19.137,121.4,0.00572,0.42,0.29165136
1554779568469,19.183,121.4,0.00572,0.42,0.29165136
1554779568530,19.244,121.3,0.00575,0.418,0.29154455
1554779568576,19.29,121.3,0.00575,0.418,0.29154455
1554779568622,19.336,121.3,0.00575,0.418,0.29154455
1554779568668,19.382,121.3,0.00575,0.418,0.29154455
1554779568730,19.444,121.3,0.00576,0.418,0.292051584
1554779568776,19.49,121.3,0.00576,0.418,0.292051584
1554779568822,19.536,121.3,0.00576,0.418,0.292051584
1554779568868,19.582,121.3,0.00576,0.418,0.292051584
1554779568931,19.645,121.3,0.00575,0.418,0.29154455
1554779568977,19.691,121.3,0.00575,0.418,0.29154455
1554779569023,19.737,121.3,0.00575,0.418,0.29154455
1554779569069,19.783,121.3,0.00575,0.418,0.29154455
1554779569130,19.844,121.4,0.00574,0.42,0.29267112
1554779569176,19.89,121.4,0.00574,0.42,0.29267112
1554779569222,19.936,121.4,0.00574,0.42,0.29267112
1554779569268,19.982,121.4,0.00574,0.42,0.29267112
1554779569330,20.044,121.3,0.00568,0.42,0.28937328
1554779569376,20.09,121.3,0.00568,0.42,0.28937328
1554779569423,20.137,121.3,0.00568,0.42,0.28937328
1554779569469,20.183,121.3,0.00568,0.42,0.28937328
1554779569530,20.244,121.3,0.00568,0.42,0.28937328
1554779569576,20.29,121.3,0.00568,0.42,0.28937328
1554779569622,20.336,121.3,0.00568,0.42,0.28937328
1554779569668,20.382,121.3,0.00568,0.42,0.28937328
1554779569731,20.445,121.3,0.00567,0.422,0.290239362
1554779569777,20.491,121.3,0.00567,0.422,0.290239362
1554779569823,20.537,121.3,0.00567,0.422,0.290239362
1554779569869,20.583,121.3,0.00567,0.422,0.290239362
1554779569930,20.644,121.3,0.00567,0.421,0.289551591
1554779569976,20.69,121.3,0.00567,0.421,0.289551591
1554779570022,20.736,121.3,0.00567,0.421,0.289551591
1554779570068,20.782,121.3,0.00567,0.421,0.289551591
1554779570130,20.844,121.4,0.00567,0.423,0.291166974
1554779570175,20.889,121.4,0.00567,0.423,0.291166974
1554779570221,20.935,121.4,0.00567,0.423,0.291166974
1554779570268,20.982,121.4,0.00567,0.423,0.291166974
1554779570330,21.044,121.4,0.00567,0.419,0.288413622
1554779570376,21.09,121.4,0.00567,0.419,0.288413622
1554779570422,21.136,121.4,0.00567,0.419,0.288413622
1554779570468,21.182,121.4,0.00567,0.419,0.288413622
1554779570530,21.244,121.4,0.00569,0.419,0.289430954
1554779570577,21.291,121.4,0.00569,0.419,0.289430954
1554779570623,21.337,121.4,0.00569,0.419,0.289430954
1554779570669,21.383,121.4,0.00569,0.419,0.289430954
1554779570730,21.444,121.4,0.00572,0.421,0.292345768
1554779570776,21.49,121.4,0.00572,0.421,0.292345768
1554779570822,21.536,121.4,0.00572,0.421,0.292345768
1554779570868,21.582,121.4,0.00572,0.421,0.292345768
1554779570929,21.644,121.4,0.0057,0.422,0.29201556
1554779570975,21.689,121.4,0.0057,0.422,0.29201556
1554779571021,21.735,121.4,0.0057,0.422,0.29201556
1554779571068,21.782,121.4,0.0057,0.422,0.29201556
1554779571130,21.844,121.4,0.00569,0.421,0.290812486
1554779571176,21.89,121.4,0.00569,0.421,0.290812486
1554779571222,21.936,121.4,0.00569,0.421,0.290812486
1554779571269,21.983,121.4,0.00569,0.421,0.290812486
1554779571330,22.044,121.4,0.00571,0.422,0.292527868
1554779571376,22.09,121.4,0.00571,0.422,0.292527868
1554779571422,22.136,121.4,0.00571,0.422,0.292527868
1554779571468,22.182,121.4,0.00571,0.422,0.292527868
1554779571530,22.244,121.4,0.0057,0.422,0.29201556
1554779571576,22.29,121.4,0.0057,0.422,0.29201556
1554779571622,22.336,121.4,0.0057,0.422,0.29201556
1554779571669,22.383,121.4,0.0057,0.422,0.29201556
1554779571730,22.444,121.4,0.00576,0.422,0.295089408
1554779571776,22.49,121.4,0.00576,0.422,0.295089408
1554779571822,22.536,121.4,0.00576,0.422,0.295089408
1554779571868,22.582,121.4,0.00576,0.422,0.295089408
1554779571930,22.644,121.4,0.00577,0.42,0.29420076
1554779571977,22.691,121.4,0.00577,0.42,0.29420076
1554779572023,22.737,121.4,0.00577,0.42,0.29420076
1554779572069,22.783,121.4,0.00577,0.42,0.29420076
1554779572130,22.844,121.4,0.00574,0.421,0.293367956
1554779572176,22.89,121.4,0.00574,0.421,0.293367956
1554779572223,22.937,121.4,0.00574,0.421,0.293367956
1554779572269,22.983,121.4,0.00574,0.421,0.293367956
1554779572330,23.044,121.4,0.00569,0.422,0.291503252
1554779572376,23.09,121.4,0.00569,0.422,0.291503252
1554779572422,23.136,121.4,0.00569,0.422,0.291503252
1554779572469,23.183,121.4,0.00569,0.422,0.291503252
1554779572530,23.244,121.4,0.00572,0.423,0.293734584
1554779572576,23.29,121.4,0.00572,0.423,0.293734584
1554779572622,23.336,121.4,0.00572,0.423,0.293734584
1554779572668,23.382,121.4,0.00572,0.423,0.293734584
1554779572729,23.443,121.4,0.00578,0.417,0.292605564
1554779572775,23.489,121.4,0.00578,0.417,0.292605564
1554779572821,23.535,121.4,0.00578,0.417,0.292605564
1554779572868,23.582,121.4,0.00578,0.417,0.292605564
1554779572930,23.644,121.4,0.00574,0.419,0.291974284
1554779572976,23.69,121.4,0.00574,0.419,0.291974284
1554779573022,23.736,121.4,0.00574,0.419,0.291974284
1554779573068,23.782,121.4,0.00574,0.419,0.291974284
1554779573129,23.843,121.4,0.00571,0.421,0.291834674
1554779573175,23.889,121.4,0.00571,0.421,0.291834674
1554779573221,23.935,121.4,0.00571,0.421,0.291834674
1554779573267,23.981,121.4,0.00571,0.421,0.291834674
1554779573330,24.044,121.4,0.00565,0.421,0.28876811
1554779573376,24.09,121.4,0.00565,0.421,0.28876811
1554779573422,24.136,121.4,0.00565,0.421,0.28876811
1554779573468,24.183,121.4,0.00565,0.421,0.28876811
1554779573530,24.244,121.3,0.00567,0.421,0.289551591
1554779573576,24.29,121.3,0.00567,0.421,0.289551591
1554779573622,24.336,121.3,0.00567,0.421,0.289551591
1554779573668,24.382,121.3,0.00567,0.421,0.289551591
1554779573729,24.443,121.3,0.00572,0.42,0.29141112
1554779573775,24.49,121.3,0.00572,0.42,0.29141112
1554779573822,24.536,121.3,0.00572,0.42,0.29141112
1554779573868,24.582,121.3,0.00572,0.42,0.29141112
1554779573930,24.644,121.4,0.00568,0.42,0.28961184
1554779573976,24.69,121.4,0.00568,0.42,0.28961184
1554779574022,24.736,121.4,0.00568,0.42,0.28961184
1554779574069,24.783,121.4,0.00568,0.42,0.28961184
1554779574130,24.844,121.4,0.00568,0.418,0.288232736
1554779574176,24.89,121.4,0.00568,0.418,0.288232736
1554779574222,24.936,121.4,0.00568,0.418,0.288232736
1554779574268,24.982,121.4,0.00568,0.418,0.288232736
1554779574329,25.043,121.4,0.00568,0.42,0.28961184
1554779574375,25.089,121.4,0.00568,0.42,0.28961184
1554779574421,25.135,121.4,0.00568,0.42,0.28961184
1554779574468,25.182,121.4,0.00568,0.42,0.28961184
1554779574530,25.244,121.4,0.00569,0.421,0.290812486
1554779574576,25.29,121.4,0.00569,0.421,0.290812486
1554779574622,25.336,121.4,0.00569,0.421,0.290812486
1554779574668,25.382,121.4,0.00569,0.421,0.290812486
1554779574729,25.443,121.4,0.0057,0.421,0.29132358
1554779574775,25.489,121.4,0.0057,0.421,0.29132358
1554779574821,25.535,121.4,0.0057,0.421,0.29132358
1554779574868,25.582,121.4,0.0057,0.421,0.29132358
1554779574930,25.644,121.4,0.00571,0.42,0.29114148
1554779574976,25.69,121.4,0.00571,0.42,0.29114148
1554779575022,25.736,121.4,0.00571,0.42,0.29114148
1554779575068,25.782,121.4,0.00571,0.42,0.29114148
1554779575129,25.843,121.4,0.00576,0.419,0.292991616
1554779575176,25.89,121.4,0.00576,0.419,0.292991616
1554779575222,25.936,121.4,0.00576,0.419,0.292991616
1554779575268,25.982,121.4,0.00576,0.419,0.292991616
1554779575329,26.043,121.4,0.00572,0.419,0.290956952
1554779575375,26.089,121.4,0.00572,0.419,0.290956952
1554779575421,26.135,121.4,0.00572,0.419,0.290956952
1554779575467,26.181,121.4,0.00572,0.419,0.290956952
1554779575530,26.244,121.4,0.00575,0.421,0.29387905
1554779575576,26.29,121.4,0.00575,0.421,0.29387905
1554779575622,26.336,121.4,0.00575,0.421,0.29387905
1554779575668,26.382,121.4,0.00575,0.421,0.29387905
1554779575729,26.443,121.4,0.0057,0.425,0.2940915
1554779575775,26.489,121.4,0.0057,0.425,0.2940915
1554779575821,26.535,121.4,0.0057,0.425,0.2940915
1554779575867,26.581,121.4,0.0057,0.425,0.2940915
1554779575930,26.644,121.4,0.00573,0.424,0.294943728
1554779575976,26.69,121.4,0.00573,0.424,0.294943728
1554779576022,26.736,121.4,0.00573,0.424,0.294943728
1554779576068,26.782,121.4,0.00573,0.424,0.294943728
1554779576129,26.843,121.4,0.00575,0.423,0.29527515
1554779576175,26.889,121.4,0.00575,0.423,0.29527515
1554779576221,26.935,121.4,0.00575,0.423,0.29527515
1554779576267,26.981,121.4,0.00575,0.423,0.29527515
1554779576330,27.044,121.4,0.0057,0.425,0.2940915
1554779576376,27.09,121.4,0.0057,0.425,0.2940915
1554779576422,27.136,121.4,0.0057,0.425,0.2940915
1554779576468,27.182,121.4,0.0057,0.425,0.2940915
1554779576529,27.243,121.4,0.00569,0.423,0.292194018
1554779576575,27.289,121.4,0.00569,0.423,0.292194018
1554779576621,27.335,121.4,0.00569,0.423,0.292194018
1554779576667,27.381,121.4,0.00569,0.423,0.292194018
1554779576729,27.443,121.4,0.00573,0.421,0.292856862
1554779576776,27.49,121.4,0.00573,0.421,0.292856862
1554779576822,27.536,121.4,0.00573,0.421,0.292856862
1554779576868,27.582,121.4,0.00573,0.421,0.292856862
1554779576929,27.643,121.4,0.00569,0.423,0.292194018
1554779576975,27.689,121.4,0.00569,0.423,0.292194018
1554779577021,27.735,121.4,0.00569,0.423,0.292194018
1554779577067,27.781,121.4,0.00569,0.423,0.292194018
1554779577129,27.843,121.4,0.00568,0.422,0.290990944
1554779577175,27.889,121.4,0.00568,0.422,0.290990944
1554779577221,27.935,121.4,0.00568,0.422,0.290990944
1554779577267,27.981,121.4,0.00568,0.422,0.290990944
1554779577330,28.044,121.3,0.00571,0.418,0.289516414
1554779577376,28.09,121.3,0.00571,0.418,0.289516414
1554779577423,28.137,121.3,0.00571,0.418,0.289516414
1554779577469,28.183,121.3,0.00571,0.418,0.289516414
1554779577529,28.243,121.3,0.00574,0.418,0.291037516
1554779577575,28.289,121.3,0.00574,0.418,0.291037516
1554779577621,28.335,121.3,0.00574,0.418,0.291037516
1554779577667,28.381,121.3,0.00574,0.418,0.291037516
1554779577729,28.443,121.3,0.00572,0.418,0.290023448
1554779577775,28.489,121.3,0.00572,0.418,0.290023448
1554779577821,28.535,121.3,0.00572,0.418,0.290023448
1554779577868,28.582,121.3,0.00572,0.418,0.290023448
1554779577929,28.643,121.4,0.00568,0.421,0.290301392
1554779577974,28.688,121.4,0.00568,0.421,0.290301392
1554779578020,28.734,121.4,0.00568,0.421,0.290301392
1554779578067,28.781,121.4,0.00568,0.421,0.290301392
1554779578129,28.843,121.4,0.00566,0.421,0.289279204
1554779578175,28.889,121.4,0.00566,0.421,0.289279204
1554779578221,28.935,121.4,0.00566,0.421,0.289279204
1554779578267,28.981,121.4,0.00566,0.421,0.289279204
1554779578330,29.044,121.4,0.00567,0.42,0.28910196
1554779578376,29.09,121.4,0.00567,0.42,0.28910196
1554779578422,29.136,121.4,0.00567,0.42,0.28910196
1554779578468,29.182,121.4,0.00567,0.42,0.28910196
1554779578529,29.243,121.3,0.00572,0.419,0.290717284
1554779578575,29.289,121.3,0.00572,0.419,0.290717284
1554779578621,29.335,121.3,0.00572,0.419,0.290717284
1554779578667,29.382,121.3,0.00572,0.419,0.290717284
1554779578729,29.443,121.4,0.00571,0.418,0.289755092
1554779578774,29.489,121.4,0.00571,0.418,0.289755092
1554779578821,29.535,121.4,0.00571,0.418,0.289755092
1554779578867,29.581,121.4,0.00571,0.418,0.289755092
1554779578929,29.643,121.4,0.00574,0.422,0.294064792
1554779578975,29.689,121.4,0.00574,0.422,0.294064792
1554779579021,29.735,121.4,0.00574,0.422,0.294064792
1554779579067,29.781,121.4,0.00574,0.422,0.294064792
1554779579128,29.842,121.4,0.00575,0.42,0.293181
1554779579174,29.888,121.4,0.00575,0.42,0.293181
1554779579220,29.934,121.4,0.00575,0.42,0.293181
1554779579266,29.981,121.4,0.00575,0.42,0.293181
1554779579329,30.043,121.4,0.00571,0.419,0.290448286
1554779579375,30.089,121.4,0.00571,0.419,0.290448286
1554779579421,30.135,121.4,0.00571,0.419,0.290448286
1554779579467,30.181,121.4,0.00571,0.419,0.290448286
1554779579528,30.242,121.4,0.00573,0.421,0.292856862
1554779579574,30.289,121.4,0.00573,0.421,0.292856862
1554779579621,30.335,121.4,0.00573,0.421,0.292856862
1554779579667,30.381,121.4,0.00573,0.421,0.292856862
1554779579729,30.443,121.4,0.00579,0.419,0.294517614
1554779579775,30.489,121.4,0.00579,0.419,0.294517614
1554779579822,30.536,121.4,0.00579,0.419,0.294517614
1554779579868,30.582,121.4,0.00579,0.419,0.294517614
1554779579928,30.642,121.4,0.0058,0.419,0.29502628
1554779579974,30.688,121.4,0.0058,0.419,0.29502628
1554779580020,30.734,121.4,0.0058,0.419,0.29502628
1554779580066,30.78,121.4,0.0058,0.419,0.29502628
1554779580129,30.843,121.4,0.00576,0.418,0.292292352
1554779580175,30.889,121.4,0.00576,0.418,0.292292352
1554779580221,30.935,121.4,0.00576,0.418,0.292292352
1554779580267,30.981,121.4,0.00576,0.418,0.292292352
1554779580329,31.043,121.4,0.00577,0.42,0.29420076
1554779580375,31.089,121.4,0.00577,0.42,0.29420076
1554779580421,31.135,121.4,0.00577,0.42,0.29420076
1554779580467,31.181,121.4,0.00577,0.42,0.29420076
1554779580528,31.242,121.4,0.00574,0.421,0.293367956
1554779580574,31.288,121.4,0.00574,0.421,0.293367956
1554779580620,31.334,121.4,0.00574,0.421,0.293367956
1554779580666,31.38,121.4,0.00574,0.421,0.293367956
1554779580729,31.443,121.4,0.00575,0.421,0.29387905
1554779580775,31.489,121.4,0.00575,0.421,0.29387905
1554779580821,31.535,121.4,0.00575,0.421,0.29387905
1554779580867,31.581,121.4,0.00575,0.421,0.29387905
1554779580929,31.643,121.4,0.00573,0.419,0.291465618
1554779580975,31.689,121.4,0.00573,0.419,0.291465618
1554779581022,31.736,121.4,0.00573,0.419,0.291465618
1554779581067,31.781,121.4,0.00573,0.419,0.291465618
1554779581128,31.842,121.4,0.00569,0.423,0.292194018
1554779581175,31.889,121.4,0.00569,0.423,0.292194018
1554779581221,31.935,121.4,0.00569,0.423,0.292194018
1554779581267,31.981,121.4,0.00569,0.423,0.292194018
1554779581329,32.043,121.3,0.0057,0.423,0.29246643
1554779581375,32.089,121.3,0.0057,0.423,0.29246643
1554779581421,32.135,121.3,0.0057,0.423,0.29246643
1554779581467,32.181,121.3,0.0057,0.423,0.29246643
1554779581528,32.242,121.3,0.00567,0.418,0.287488278
1554779581574,32.288,121.3,0.00567,0.418,0.287488278
1554779581620,32.334,121.3,0.00567,0.418,0.287488278
1554779581666,32.38,121.3,0.00567,0.418,0.287488278
1554779581729,32.443,121.3,0.00569,0.42,0.28988274
1554779581775,32.489,121.3,0.00569,0.42,0.28988274
1554779581821,32.535,121.3,0.00569,0.42,0.28988274
1554779581867,32.581,121.3,0.00569,0.42,0.28988274
1554779581928,32.642,121.3,0.00568,0.423,0.291440232
1554779581974,32.688,121.3,0.00568,0.423,0.291440232
1554779582020,32.734,121.3,0.00568,0.423,0.291440232
1554779582067,32.781,121.3,0.00568,0.423,0.291440232
1554779582129,32.843,121.4,0.00569,0.42,0.29012172
1554779582175,32.889,121.4,0.00569,0.42,0.29012172
1554779582221,32.935,121.4,0.00569,0.42,0.29012172
1554779582267,32.981,121.4,0.00569,0.42,0.29012172
1554779582329,33.043,121.4,0.00572,0.417,0.289568136
1554779582375,33.089,121.4,0.00572,0.417,0.289568136
1554779582421,33.135,121.4,0.00572,0.417,0.289568136
1554779582467,33.181,121.4,0.00572,0.417,0.289568136
1554779582529,33.243,121.4,0.0057,0.421,0.29132358
1554779582575,33.289,121.4,0.0057,0.421,0.29132358
1554779582621,33.335,121.4,0.0057,0.421,0.29132358
1554779582667,33.381,121.4,0.0057,0.421,0.29132358
1554779582728,33.442,121.3,0.00568,0.422,0.290751248
1554779582774,33.488,121.3,0.00568,0.422,0.290751248
1554779582820,33.534,121.3,0.00568,0.422,0.290751248
1554779582866,33.58,121.3,0.00568,0.422,0.290751248
1554779582929,33.643,121.3,0.00573,0.42,0.29192058
1554779582975,33.689,121.3,0.00573,0.42,0.29192058
1554779583021,33.735,121.3,0.00573,0.42,0.29192058
1554779583067,33.781,121.3,0.00573,0.42,0.29192058
1554779583128,33.842,121.4,0.00573,0.422,0.293552484
1554779583174,33.888,121.4,0.00573,0.422,0.293552484
1554779583220,33.934,121.4,0.00573,0.422,0.293552484
1554779583266,33.98,121.4,0.00573,0.422,0.293552484
1554779583329,34.043,121.4,0.00571,0.422,0.292527868
1554779583375,34.089,121.4,0.00571,0.422,0.292527868
1554779583421,34.135,121.4,0.00571,0.422,0.292527868
1554779583467,34.181,121.4,0.00571,0.422,0.292527868
1554779583528,34.242,121.3,0.00572,0.421,0.292104956
1554779583574,34.288,121.3,0.00572,0.421,0.292104956
1554779583620,34.334,121.3,0.00572,0.421,0.292104956
1554779583667,34.381,121.3,0.00572,0.421,0.292104956
1554779583729,34.443,121.3,0.00577,0.42,0.29395842
1554779583775,34.489,121.3,0.00577,0.42,0.29395842
1554779583821,34.535,121.3,0.00577,0.42,0.29395842
1554779583867,34.581,121.3,0.00577,0.42,0.29395842
1554779583928,34.642,121.3,0.00578,0.421,0.295168994
1554779583974,34.688,121.3,0.00578,0.421,0.295168994
1554779584020,34.734,121.3,0.00578,0.421,0.295168994
1554779584067,34.781,121.3,0.00578,0.421,0.295168994
1554779584129,34.843,121.4,0.00578,0.419,0.294008948
1554779584175,34.889,121.4,0.00578,0.419,0.294008948
1554779584221,34.935,121.4,0.00578,0.419,0.294008948
1554779584266,34.98,121.4,0.00578,0.419,0.294008948
1554779584329,35.043,121.4,0.00576,0.416,0.290893824
1554779584375,35.089,121.4,0.00576,0.416,0.290893824
1554779584421,35.135,121.4,0.00576,0.416,0.290893824
1554779584467,35.181,121.4,0.00576,0.416,0.290893824
1554779584528,35.242,121.4,0.00581,0.415,0.29271361
1554779584574,35.288,121.4,0.00581,0.415,0.29271361
1554779584620,35.334,121.4,0.00581,0.415,0.29271361
1554779584666,35.38,121.4,0.00581,0.415,0.29271361
1554779584728,35.442,121.4,0.00575,0.417,0.29108685
1554779584774,35.489,121.4,0.00575,0.417,0.29108685
1554779584821,35.535,121.4,0.00575,0.417,0.29108685
1554779584866,35.58,121.4,0.00575,0.417,0.29108685
1554779584929,35.643,121.3,0.00572,0.421,0.292104956
1554779584975,35.689,121.3,0.00572,0.421,0.292104956
1554779585021,35.735,121.3,0.00572,0.421,0.292104956
1554779585067,35.781,121.3,0.00572,0.421,0.292104956
1554779585128,35.842,121.4,0.00569,0.42,0.29012172
1554779585174,35.888,121.4,0.00569,0.42,0.29012172
1554779585221,35.935,121.4,0.00569,0.42,0.29012172
1554779585266,35.98,121.4,0.00569,0.42,0.29012172
1554779585328,36.042,121.4,0.00569,0.422,0.291503252
1554779585373,36.088,121.4,0.00569,0.422,0.291503252
1554779585420,36.134,121.4,0.00569,0.422,0.291503252
1554779585466,36.18,121.4,0.00569,0.422,0.291503252
1554779585528,36.242,121.3,0.00567,0.421,0.289551591
1554779585574,36.288,121.3,0.00567,0.421,0.289551591
1554779585620,36.334,121.3,0.00567,0.421,0.289551591
1554779585666,36.38,121.3,0.00567,0.421,0.289551591
1554779585729,36.443,121.3,0.0057,0.419,0.28970079
1554779585775,36.489,121.3,0.0057,0.419,0.28970079
1554779585821,36.535,121.3,0.0057,0.419,0.28970079
1554779585867,36.581,121.3,0.0057,0.419,0.28970079
1554779585928,36.642,121.3,0.00567,0.421,0.289551591
1554779585974,36.688,121.3,0.00567,0.421,0.289551591
1554779586020,36.734,121.3,0.00567,0.421,0.289551591
1554779586066,36.78,121.3,0.00567,0.421,0.289551591
1554779586128,36.842,121.4,0.00572,0.419,0.290956952
1554779586174,36.888,121.4,0.00572,0.419,0.290956952
1554779586220,36.934,121.4,0.00572,0.419,0.290956952
1554779586266,36.98,121.4,0.00572,0.419,0.290956952
1554779586328,37.042,121.4,0.00569,0.419,0.289430954
1554779586374,37.088,121.4,0.00569,0.419,0.289430954
1554779586420,37.134,121.4,0.00569,0.419,0.289430954
1554779586466,37.18,121.4,0.00569,0.419,0.289430954
1554779586528,37.242,121.4,0.00571,0.42,0.29114148
1554779586574,37.288,121.4,0.00571,0.42,0.29114148
1554779586620,37.334,121.4,0.00571,0.42,0.29114148
1554779586666,37.38,121.4,0.00571,0.42,0.29114148
1554779586727,37.441,121.3,0.0057,0.42,0.2903922
1554779586774,37.488,121.3,0.0057,0.42,0.2903922
1554779586820,37.534,121.3,0.0057,0.42,0.2903922
1554779586866,37.58,121.3,0.0057,0.42,0.2903922
1554779586928,37.642,121.3,0.00577,0.419,0.293258519
1554779586974,37.688,121.3,0.00577,0.419,0.293258519
1554779587020,37.734,121.3,0.00577,0.419,0.293258519
1554779587066,37.78,121.3,0.00577,0.419,0.293258519
1554779587128,37.842,121.4,0.00571,0.422,0.292527868
1554779587175,37.889,121.4,0.00571,0.422,0.292527868
1554779587221,37.935,121.4,0.00571,0.422,0.292527868
1554779587267,37.981,121.4,0.00571,0.422,0.292527868
1554779587328,38.042,121.4,0.0057,0.422,0.29201556
1554779587374,38.088,121.4,0.0057,0.422,0.29201556
1554779587420,38.134,121.4,0.0057,0.422,0.29201556
1554779587466,38.18,121.4,0.0057,0.422,0.29201556
1554779587528,38.242,121.4,0.00571,0.422,0.292527868
1554779587574,38.288,121.4,0.00571,0.422,0.292527868
1554779587621,38.335,121.4,0.00571,0.422,0.292527868
1554779587667,38.381,121.4,0.00571,0.422,0.292527868
1554779587728,38.442,121.3,0.00572,0.422,0.292798792
1554779587774,38.488,121.3,0.00572,0.422,0.292798792
1554779587820,38.534,121.3,0.00572,0.422,0.292798792
1554779587866,38.58,121.3,0.00572,0.422,0.292798792
1554779587928,38.642,121.3,0.00572,0.424,0.294186464
1554779587974,38.688,121.3,0.00572,0.424,0.294186464
1554779588021,38.735,121.3,0.00572,0.424,0.294186464
1554779588067,38.781,121.3,0.00572,0.424,0.294186464
1554779588127,38.842,121.4,0.00574,0.425,0.2961553
1554779588174,38.888,121.4,0.00574,0.425,0.2961553
1554779588220,38.934,121.4,0.00574,0.425,0.2961553
1554779588266,38.98,121.4,0.00574,0.425,0.2961553
1554779588328,39.042,121.4,0.00567,0.423,0.291166974
1554779588374,39.088,121.4,0.00567,0.423,0.291166974
1554779588420,39.134,121.4,0.00567,0.423,0.291166974
1554779588466,39.18,121.4,0.00567,0.423,0.291166974
1554779588527,39.242,121.3,0.00566,0.423,0.290414034
1554779588574,39.288,121.3,0.00566,0.423,0.290414034
1554779588620,39.334,121.3,0.00566,0.423,0.290414034
1554779588665,39.379,121.3,0.00566,0.423,0.290414034
1554779588728,39.442,121.3,0.00574,0.422,0.293822564
1554779588774,39.488,121.3,0.00574,0.422,0.293822564
1554779588820,39.534,121.3,0.00574,0.422,0.293822564
1554779588866,39.58,121.3,0.00574,0.422,0.293822564
1554779588927,39.642,121.3,0.00568,0.423,0.291440232
1554779588974,39.688,121.3,0.00568,0.423,0.291440232
1554779589020,39.734,121.3,0.00568,0.423,0.291440232
1554779589066,39.78,121.3,0.00568,0.423,0.291440232
1554779589128,39.842,121.3,0.00571,0.42,0.29090166
1554779589174,39.888,121.3,0.00571,0.42,0.29090166
1554779589220,39.935,121.3,0.00571,0.42,0.29090166
1554779589267,39.981,121.3,0.00571,0.42,0.29090166
1554779589328,40.042,121.3,0.00571,0.42,0.29090166
1554779589374,40.088,121.3,0.00571,0.42,0.29090166
1554779589420,40.134,121.3,0.00571,0.42,0.29090166
1554779589466,40.18,121.3,0.00571,0.42,0.29090166
1554779589527,40.241,121.3,0.00568,0.421,0.290062264
1554779589573,40.287,121.3,0.00568,0.421,0.290062264
1554779589619,40.333,121.3,0.00568,0.421,0.290062264
1554779589665,40.379,121.3,0.00568,0.421,0.290062264
1554779589728,40.442,121.3,0.00568,0.419,0.288684296
1554779589774,40.488,121.3,0.00568,0.419,0.288684296
1554779589819,40.534,121.3,0.00568,0.419,0.288684296
1554779589865,40.579,121.3,0.00568,0.419,0.288684296
1554779589928,40.642,121.3,0.00569,0.419,0.289192543
1554779589974,40.688,121.3,0.00569,0.419,0.289192543
1554779590020,40.734,121.3,0.00569,0.419,0.289192543
1554779590066,40.78,121.3,0.00569,0.419,0.289192543
1554779590127,40.841,121.3,0.00571,0.42,0.29090166
1554779590173,40.887,121.3,0.00571,0.42,0.29090166
1554779590219,40.934,121.3,0.00571,0.42,0.29090166
1554779590266,40.98,121.3,0.00571,0.42,0.29090166
1554779590328,41.042,121.3,0.00574,0.419,0.291733778
1554779590374,41.088,121.3,0.00574,0.419,0.291733778
1554779590420,41.134,121.3,0.00574,0.419,0.291733778
1554779590466,41.18,121.3,0.00574,0.419,0.291733778
1554779590527,41.241,121.3,0.00568,0.421,0.290062264
1554779590573,41.287,121.3,0.00568,0.421,0.290062264
1554779590619,41.333,121.3,0.00568,0.421,0.290062264
1554779590665,41.379,121.3,0.00568,0.421,0.290062264
1554779590728,41.442,121.3,0.0057,0.42,0.2903922
1554779590774,41.488,121.3,0.0057,0.42,0.2903922
1554779590820,41.534,121.3,0.0057,0.42,0.2903922
1554779590866,41.58,121.3,0.0057,0.42,0.2903922
1554779590927,41.641,121.3,0.00572,0.419,0.290717284
1554779590973,41.687,121.3,0.00572,0.419,0.290717284
1554779591019,41.733,121.3,0.00572,0.419,0.290717284
1554779591065,41.779,121.3,0.00572,0.419,0.290717284
1554779591128,41.842,121.3,0.00575,0.422,0.29433445
1554779591174,41.888,121.3,0.00575,0.422,0.29433445
1554779591220,41.934,121.3,0.00575,0.422,0.29433445
1554779591266,41.98,121.3,0.00575,0.422,0.29433445
1554779591327,42.041,121.3,0.00578,0.421,0.295168994
1554779591373,42.087,121.3,0.00578,0.421,0.295168994
1554779591419,42.133,121.3,0.00578,0.421,0.295168994
1554779591465,42.179,121.3,0.00578,0.421,0.295168994
1554779591528,42.242,121.3,0.00576,0.417,0.291352896
1554779591574,42.288,121.3,0.00576,0.417,0.291352896
1554779591620,42.334,121.3,0.00576,0.417,0.291352896
1554779591666,42.38,121.3,0.00576,0.417,0.291352896
1554779591727,42.441,121.3,0.00583,0.419,0.296308001
1554779591773,42.487,121.3,0.00583,0.419,0.296308001
1554779591819,42.533,121.3,0.00583,0.419,0.296308001
1554779591865,42.579,121.3,0.00583,0.419,0.296308001
1554779591928,42.642,121.3,0.00576,0.421,0.294147648
1554779591974,42.688,121.3,0.00576,0.421,0.294147648
1554779592020,42.734,121.3,0.00576,0.421,0.294147648
1554779592066,42.78,121.3,0.00576,0.421,0.294147648
1554779592127,42.841,121.4,0.00577,0.421,0.294901238
1554779592173,42.887,121.4,0.00577,0.421,0.294901238
1554779592220,42.934,121.4,0.00577,0.421,0.294901238
1554779592266,42.98,121.4,0.00577,0.421,0.294901238
1554779592327,43.041,121.4,0.00577,0.421,0.294901238
1554779592373,43.088,121.4,0.00577,0.421,0.294901238
1554779592420,43.134,121.4,0.00577,0.421,0.294901238
1554779592465,43.179,121.4,0.00577,0.421,0.294901238
1554779592527,43.241,121.4,0.00572,0.424,0.294428992
1554779592573,43.287,121.4,0.00572,0.424,0.294428992
1554779592620,43.334,121.4,0.00572,0.424,0.294428992
1554779592666,43.38,121.4,0.00572,0.424,0.294428992
1554779592727,43.441,121.4,0.00571,0.421,0.291834674
1554779592773,43.487,121.4,0.00571,0.421,0.291834674
1554779592819,43.533,121.4,0.00571,0.421,0.291834674
1554779592865,43.579,121.4,0.00571,0.421,0.291834674
1554779592928,43.642,121.3,0.0057,0.423,0.29246643
1554779592974,43.688,121.3,0.0057,0.423,0.29246643
1554779593020,43.734,121.3,0.0057,0.423,0.29246643
1554779593066,43.78,121.3,0.0057,0.423,0.29246643
1554779593127,43.841,121.4,0.00569,0.422,0.291503252
1554779593173,43.887,121.4,0.00569,0.422,0.291503252
1554779593219,43.933,121.4,0.00569,0.422,0.291503252
1554779593266,43.98,121.4,0.00569,0.422,0.291503252
1554779593327,44.041,121.4,0.00567,0.42,0.28910196
1554779593373,44.087,121.4,0.00567,0.42,0.28910196
1554779593419,44.133,121.4,0.00567,0.42,0.28910196
1554779593465,44.179,121.4,0.00567,0.42,0.28910196
1554779593527,44.241,121.3,0.00568,0.421,0.290062264
1554779593574,44.288,121.3,0.00568,0.421,0.290062264
1554779593620,44.334,121.3,0.00568,0.421,0.290062264
1554779593666,44.38,121.3,0.00568,0.421,0.290062264
1554779593727,44.441,121.3,0.00574,0.416,0.289644992
1554779593773,44.487,121.3,0.00574,0.416,0.289644992
1554779593819,44.533,121.3,0.00574,0.416,0.289644992
1554779593865,44.579,121.3,0.00574,0.416,0.289644992
1554779593928,44.642,121.3,0.00568,0.414,0.285239376
1554779593974,44.688,121.3,0.00568,0.414,0.285239376
1554779594020,44.734,121.3,0.00568,0.414,0.285239376
1554779594066,44.78,121.3,0.00568,0.414,0.285239376
1554779594127,44.841,121.3,0.00571,0.419,0.290209037
1554779594174,44.888,121.3,0.00571,0.419,0.290209037
1554779594220,44.934,121.3,0.00571,0.419,0.290209037
1554779594266,44.98,121.3,0.00571,0.419,0.290209037
1554779594327,45.041,121.3,0.00568,0.422,0.290751248
1554779594374,45.088,121.3,0.00568,0.422,0.290751248
1554779594420,45.134,121.3,0.00568,0.422,0.290751248
1554779594466,45.18,121.3,0.00568,0.422,0.290751248
1554779594527,45.241,121.3,0.00567,0.421,0.289551591
1554779594573,45.287,121.3,0.00567,0.421,0.289551591
1554779594619,45.333,121.3,0.00567,0.421,0.289551591
1554779594665,45.379,121.3,0.00567,0.421,0.289551591
1554779594727,45.441,121.3,0.00567,0.421,0.289551591
1554779594774,45.488,121.3,0.00567,0.421,0.289551591
1554779594820,45.534,121.3,0.00567,0.421,0.289551591
1554779594866,45.58,121.3,0.00567,0.421,0.289551591
1554779594927,45.641,121.3,0.00574,0.42,0.29243004
1554779594973,45.687,121.3,0.00574,0.42,0.29243004
1554779595019,45.733,121.3,0.00574,0.42,0.29243004
1554779595065,45.779,121.3,0.00574,0.42,0.29243004
1554779595126,45.84,121.3,0.00574,0.421,0.293126302
1554779595172,45.886,121.3,0.00574,0.421,0.293126302
1554779595219,45.933,121.3,0.00574,0.421,0.293126302
1554779595264,45.978,121.3,0.00574,0.421,0.293126302
1554779595327,46.041,121.3,0.00574,0.421,0.293126302
1554779595373,46.087,121.3,0.00574,0.421,0.293126302
1554779595419,46.133,121.3,0.00574,0.421,0.293126302
1554779595465,46.179,121.3,0.00574,0.421,0.293126302
1554779595527,46.241,121.3,0.00572,0.42,0.29141112
1554779595573,46.288,121.3,0.00572,0.42,0.29141112
1554779595620,46.334,121.3,0.00572,0.42,0.29141112
1554779595666,46.38,121.3,0.00572,0.42,0.29141112
1554779595727,46.441,121.3,0.00576,0.419,0.292750272
1554779595773,46.487,121.3,0.00576,0.419,0.292750272
1554779595819,46.533,121.3,0.00576,0.419,0.292750272
1554779595865,46.579,121.3,0.00576,0.419,0.292750272
1554779595926,46.64,121.3,0.00578,0.422,0.295870108
1554779595972,46.686,121.3,0.00578,0.422,0.295870108
1554779596018,46.732,121.3,0.00578,0.422,0.295870108
1554779596064,46.778,121.3,0.00578,0.422,0.295870108
1554779596126,46.841,121.3,0.00584,0.419,0.296816248
1554779596173,46.887,121.3,0.00584,0.419,0.296816248
1554779596219,46.933,121.3,0.00584,0.419,0.296816248
1554779596265,46.979,121.3,0.00584,0.419,0.296816248
1554779596327,47.041,121.4,0.00577,0.419,0.293500282
1554779596373,47.087,121.4,0.00577,0.419,0.293500282
1554779596420,47.134,121.4,0.00577,0.419,0.293500282
1554779596466,47.18,121.4,0.00577,0.419,0.293500282
1554779596527,47.241,121.4,0.00573,0.422,0.293552484
1554779596573,47.287,121.4,0.00573,0.422,0.293552484
1554779596620,47.334,121.4,0.00573,0.422,0.293552484
1554779596666,47.38,121.4,0.00573,0.422,0.293552484
1554779596727,47.441,121.4,0.00572,0.421,0.292345768
1554779596773,47.487,121.4,0.00572,0.421,0.292345768
1554779596819,47.533,121.4,0.00572,0.421,0.292345768
1554779596865,47.579,121.4,0.00572,0.421,0.292345768
1554779596926,47.64,121.4,0.00572,0.422,0.293040176
1554779596972,47.686,121.4,0.00572,0.422,0.293040176
1554779597019,47.733,121.4,0.00572,0.422,0.293040176
1554779597065,47.779,121.4,0.00572,0.422,0.293040176
1554779597127,47.841,121.4,0.00571,0.42,0.29114148
1554779597173,47.887,121.4,0.00571,0.42,0.29114148
1554779597219,47.933,121.4,0.00571,0.42,0.29114148
1554779597265,47.979,121.4,0.00571,0.42,0.29114148
1554779597326,48.04,121.4,0.00572,0.419,0.290956952
1554779597373,48.087,121.4,0.00572,0.419,0.290956952
1554779597418,48.132,121.4,0.00572,0.419,0.290956952
1554779597465,48.179,121.4,0.00572,0.419,0.290956952
1554779597527,48.241,121.4,0.0057,0.419,0.28993962
1554779597573,48.287,121.4,0.0057,0.419,0.28993962
1554779597619,48.333,121.4,0.0057,0.419,0.28993962
1554779597665,48.379,121.4,0.0057,0.419,0.28993962
1554779597726,48.44,121.3,0.0057,0.417,0.28831797
1554779597772,48.486,121.3,0.0057,0.417,0.28831797
1554779597818,48.532,121.3,0.0057,0.417,0.28831797
1554779597864,48.578,121.3,0.0057,0.417,0.28831797
1554779597927,48.641,121.3,0.0057,0.418,0.28900938
1554779597973,48.687,121.3,0.0057,0.418,0.28900938
1554779598019,48.733,121.3,0.0057,0.418,0.28900938
1554779598065,48.779,121.3,0.0057,0.418,0.28900938
1554779598126,48.84,121.3,0.00569,0.421,0.290572937
1554779598172,48.886,121.3,0.00569,0.421,0.290572937
1554779598218,48.932,121.3,0.00569,0.421,0.290572937
1554779598264,48.978,121.3,0.00569,0.421,0.290572937
1554779598327,49.041,121.3,0.00569,0.42,0.28988274
1554779598373,49.087,121.3,0.00569,0.42,0.28988274
1554779598419,49.133,121.3,0.00569,0.42,0.28988274
1554779598465,49.179,121.3,0.00569,0.42,0.28988274
1554779598526,49.24,121.3,0.00576,0.418,0.292051584
1554779598572,49.286,121.3,0.00576,0.418,0.292051584
1554779598618,49.332,121.3,0.00576,0.418,0.292051584
1554779598665,49.379,121.3,0.00576,0.418,0.292051584
1554779598727,49.441,121.3,0.0057,0.42,0.2903922
1554779598773,49.487,121.3,0.0057,0.42,0.2903922
1554779598819,49.533,121.3,0.0057,0.42,0.2903922
1554779598865,49.579,121.3,0.0057,0.42,0.2903922
1554779598927,49.641,121.3,0.00574,0.419,0.291733778
1554779598973,49.687,121.3,0.00574,0.419,0.291733778
1554779599019,49.733,121.3,0.00574,0.419,0.291733778
1554779599065,49.779,121.3,0.00574,0.419,0.291733778
1554779599126,49.84,121.3,0.00578,0.421,0.295168994
1554779599172,49.886,121.3,0.00578,0.421,0.295168994
1554779599218,49.932,121.3,0.00578,0.421,0.295168994
1554779599264,49.978,121.3,0.00578,0.421,0.295168994
1554779599326,50.04,121.3,0.00574,0.422,0.293822564
1554779599372,50.086,121.3,0.00574,0.422,0.293822564
1554779599418,50.132,121.3,0.00574,0.422,0.293822564
1554779599465,50.179,121.3,0.00574,0.422,0.293822564
1554779599526,50.24,121.3,0.00571,0.423,0.292979529
1554779599572,50.286,121.3,0.00571,0.423,0.292979529
1554779599620,50.334,121.3,0.00571,0.423,0.292979529
1554779599666,50.38,121.3,0.00571,0.423,0.292979529
1554779599726,50.44,121.3,0.00574,0.423,0.294518826
1554779599772,50.486,121.3,0.00574,0.423,0.294518826
1554779599818,50.532,121.3,0.00574,0.423,0.294518826
1554779599865,50.579,121.3,0.00574,0.423,0.294518826
1554779599927,50.641,121.3,0.00576,0.42,0.29344896
1554779599973,50.687,121.3,0.00576,0.42,0.29344896
1554779600019,50.733,121.3,0.00576,0.42,0.29344896
1554779600065,50.779,121.3,0.00576,0.42,0.29344896
1554779600126,50.84,121.4,0.00578,0.423,0.296815716
1554779600172,50.886,121.4,0.00578,0.423,0.296815716
1554779600219,50.933,121.4,0.00578,0.423,0.296815716
1554779600265,50.979,121.4,0.00578,0.423,0.296815716
1554779600326,51.04,121.4,0.00575,0.422,0.2945771
1554779600372,51.086,121.4,0.00575,0.422,0.2945771
1554779600418,51.132,121.4,0.00575,0.422,0.2945771
1554779600465,51.179,121.4,0.00575,0.422,0.2945771
1554779600526,51.24,121.4,0.00572,0.424,0.294428992
1554779600572,51.286,121.4,0.00572,0.424,0.294428992
1554779600618,51.332,121.4,0.00572,0.424,0.294428992
1554779600664,51.378,121.4,0.00572,0.424,0.294428992
1554779600726,51.44,121.4,0.00574,0.419,0.291974284
1554779600772,51.487,121.4,0.00574,0.419,0.291974284
1554779600819,51.533,121.4,0.00574,0.419,0.291974284
1554779600865,51.579,121.4,0.00574,0.419,0.291974284
1554779600926,51.64,121.4,0.00576,0.418,0.292292352
1554779600972,51.686,121.4,0.00576,0.418,0.292292352
1554779601018,51.732,121.4,0.00576,0.418,0.292292352
1554779601064,51.778,121.4,0.00576,0.418,0.292292352
1554779601126,51.84,121.4,0.00574,0.42,0.29267112
1554779601172,51.886,121.4,0.00574,0.42,0.29267112
1554779601218,51.932,121.4,0.00574,0.42,0.29267112
1554779601264,51.978,121.4,0.00574,0.42,0.29267112
1554779601326,52.04,121.4,0.00573,0.419,0.291465618
1554779601372,52.086,121.4,0.00573,0.419,0.291465618
1554779601418,52.133,121.4,0.00573,0.419,0.291465618
1554779601465,52.179,121.4,0.00573,0.419,0.291465618
1554779601526,52.24,121.4,0.0057,0.419,0.28993962
1554779601571,52.286,121.4,0.0057,0.419,0.28993962
1554779601618,52.332,121.4,0.0057,0.419,0.28993962
1554779601664,52.378,121.4,0.0057,0.419,0.28993962
1554779601726,52.44,121.3,0.00569,0.419,0.289192543
1554779601772,52.486,121.3,0.00569,0.419,0.289192543
1554779601818,52.533,121.3,0.00569,0.419,0.289192543
1554779601865,52.579,121.3,0.00569,0.419,0.289192543
1554779601926,52.64,121.3,0.0057,0.415,0.28693515
1554779601971,52.686,121.3,0.0057,0.415,0.28693515
1554779602017,52.731,121.3,0.0057,0.415,0.28693515
1554779602064,52.778,121.3,0.0057,0.415,0.28693515
1554779602126,52.84,121.3,0.00569,0.418,0.288502346
1554779602172,52.886,121.3,0.00569,0.418,0.288502346
1554779602218,52.932,121.3,0.00569,0.418,0.288502346
1554779602264,52.978,121.3,0.00569,0.418,0.288502346
1554779602326,53.04,121.3,0.00569,0.421,0.290572937
1554779602371,53.086,121.3,0.00569,0.421,0.290572937
1554779602418,53.132,121.3,0.00569,0.421,0.290572937
1554779602464,53.178,121.3,0.00569,0.421,0.290572937
1554779602526,53.24,121.3,0.00568,0.421,0.290062264
1554779602573,53.287,121.3,0.00568,0.421,0.290062264
1554779602622,53.336,121.3,0.00568,0.421,0.290062264
1554779602668,53.382,121.3,0.00568,0.421,0.290062264
1554779602726,53.44,121.3,0.0057,0.421,0.29108361
1554779602771,53.485,121.3,0.0057,0.421,0.29108361
1554779602817,53.531,121.3,0.0057,0.421,0.29108361
1554779602863,53.577,121.3,0.0057,0.421,0.29108361
1554779602926,53.64,121.3,0.00573,0.423,0.294005727
1554779602972,53.686,121.3,0.00573,0.423,0.294005727
1554779603018,53.732,121.3,0.00573,0.423,0.294005727
1554779603064,53.778,121.3,0.00573,0.423,0.294005727
1554779603126,53.84,121.3,0.00577,0.419,0.293258519
1554779603171,53.885,121.3,0.00577,0.419,0.293258519
1554779603217,53.931,121.3,0.00577,0.419,0.293258519
1554779603263,53.978,121.3,0.00577,0.419,0.293258519
1554779603326,54.04,121.3,0.00576,0.419,0.292750272
1554779603372,54.086,121.3,0.00576,0.419,0.292750272
1554779603418,54.132,121.3,0.00576,0.419,0.292750272
1554779603465,54.179,121.3,0.00576,0.419,0.292750272
1554779603525,54.24,121.3,0.00574,0.422,0.293822564
1554779603571,54.285,121.3,0.00574,0.422,0.293822564
1554779603618,54.332,121.3,0.00574,0.422,0.293822564
1554779603664,54.378,121.3,0.00574,0.422,0.293822564
1554779603726,54.44,121.3,0.00571,0.421,0.291594283
1554779603773,54.487,121.3,0.00571,0.421,0.291594283
1554779603819,54.533,121.3,0.00571,0.421,0.291594283
1554779603865,54.579,121.3,0.00571,0.421,0.291594283
1554779603926,54.64,121.3,0.00576,0.422,0.294846336
1554779603972,54.686,121.3,0.00576,0.422,0.294846336
1554779604018,54.732,121.3,0.00576,0.422,0.294846336
1554779604064,54.778,121.3,0.00576,0.422,0.294846336
1554779604131,54.845,121.3,0.00578,0.421,0.295168994
1554779604184,54.898,121.3,0.00578,0.421,0.295168994
1554779604230,54.944,121.3,0.00578,0.421,0.295168994
1554779604276,54.99,121.3,0.00578,0.421,0.295168994
1554779604326,55.04,121.4,0.00574,0.421,0.293367956
1554779604372,55.086,121.4,0.00574,0.421,0.293367956
1554779604418,55.132,121.4,0.00574,0.421,0.293367956
1554779604464,55.178,121.4,0.00574,0.421,0.293367956
1554779604526,55.24,121.4,0.00574,0.421,0.293367956
1554779604572,55.286,121.4,0.00574,0.421,0.293367956
1554779604617,55.331,121.4,0.00574,0.421,0.293367956
1554779604663,55.377,121.4,0.00574,0.421,0.293367956
1554779604725,55.439,121.3,0.00571,0.42,0.29090166
1554779604771,55.485,121.3,0.00571,0.42,0.29090166
1554779604817,55.531,121.3,0.00571,0.42,0.29090166
1554779604863,55.577,121.3,0.00571,0.42,0.29090166
1554779604925,55.639,121.3,0.00573,0.422,0.293310678
1554779604972,55.686,121.3,0.00573,0.422,0.293310678
1554779605018,55.732,121.3,0.00573,0.422,0.293310678
1554779605064,55.778,121.3,0.00573,0.422,0.293310678
1554779605126,55.84,121.3,0.0057,0.42,0.2903922
1554779605172,55.886,121.3,0.0057,0.42,0.2903922
1554779605218,55.932,121.3,0.0057,0.42,0.2903922
1554779605265,55.979,121.3,0.0057,0.42,0.2903922
1554779605326,56.04,121.4,0.00571,0.421,0.291834674
1554779605372,56.086,121.4,0.00571,0.421,0.291834674
1554779605418,56.132,121.4,0.00571,0.421,0.291834674
1554779605464,56.178,121.4,0.00571,0.421,0.291834674
1554779605525,56.239,121.4,0.00574,0.418,0.291277448
1554779605571,56.285,121.4,0.00574,0.418,0.291277448
1554779605617,56.331,121.4,0.00574,0.418,0.291277448
1554779605664,56.378,121.4,0.00574,0.418,0.291277448
1554779605726,56.44,121.4,0.00566,0.418,0.287217832
1554779605772,56.486,121.4,0.00566,0.418,0.287217832
1554779605818,56.532,121.4,0.00566,0.418,0.287217832
1554779605864,56.578,121.4,0.00566,0.418,0.287217832
1554779605925,56.639,121.3,0.00568,0.421,0.290062264
1554779605971,56.685,121.3,0.00568,0.421,0.290062264
1554779606018,56.732,121.3,0.00568,0.421,0.290062264
1554779606064,56.778,121.3,0.00568,0.421,0.290062264
1554779606126,56.84,121.4,0.00568,0.422,0.290990944
1554779606172,56.886,121.4,0.00568,0.422,0.290990944
1554779606218,56.932,121.4,0.00568,0.422,0.290990944
1554779606264,56.978,121.4,0.00568,0.422,0.290990944
1554779606326,57.04,121.4,0.00567,0.422,0.290478636
1554779606372,57.086,121.4,0.00567,0.422,0.290478636
1554779606418,57.132,121.4,0.00567,0.422,0.290478636
1554779606464,57.178,121.4,0.00567,0.422,0.290478636
1554779606525,57.239,121.4,0.00568,0.42,0.28961184
1554779606571,57.285,121.4,0.00568,0.42,0.28961184
1554779606617,57.331,121.4,0.00568,0.42,0.28961184
1554779606663,57.377,121.4,0.00568,0.42,0.28961184
1554779606725,57.439,121.4,0.00572,0.418,0.290262544
1554779606771,57.485,121.4,0.00572,0.418,0.290262544
1554779606817,57.531,121.4,0.00572,0.418,0.290262544
1554779606864,57.578,121.4,0.00572,0.418,0.290262544
1554779606926,57.64,121.3,0.00571,0.42,0.29090166
1554779606972,57.686,121.3,0.00571,0.42,0.29090166
1554779607018,57.732,121.3,0.00571,0.42,0.29090166
1554779607064,57.778,121.3,0.00571,0.42,0.29090166
1554779607125,57.839,121.3,0.00573,0.421,0.292615629
1554779607171,57.885,121.3,0.00573,0.421,0.292615629
1554779607217,57.931,121.3,0.00573,0.421,0.292615629
1554779607263,57.977,121.3,0.00573,0.421,0.292615629
1554779607326,58.04,121.3,0.00576,0.42,0.29344896
1554779607372,58.086,121.3,0.00576,0.42,0.29344896
1554779607418,58.132,121.3,0.00576,0.42,0.29344896
1554779607464,58.178,121.3,0.00576,0.42,0.29344896
1554779607525,58.239,121.3,0.00577,0.419,0.293258519
1554779607571,58.285,121.3,0.00577,0.419,0.293258519
1554779607617,58.331,121.3,0.00577,0.419,0.293258519
1554779607663,58.377,121.3,0.00577,0.419,0.293258519
1554779607726,58.44,121.3,0.00579,0.417,0.292870359
1554779607772,58.486,121.3,0.00579,0.417,0.292870359
1554779607818,58.532,121.3,0.00579,0.417,0.292870359
1554779607864,58.578,121.3,0.00579,0.417,0.292870359
1554779607925,58.639,121.3,0.00582,0.414,0.292269924
1554779607971,58.685,121.3,0.00582,0.414,0.292269924
1554779608017,58.731,121.3,0.00582,0.414,0.292269924
1554779608063,58.777,121.3,0.00582,0.414,0.292269924
1554779608126,58.84,121.3,0.0058,0.418,0.29407972
1554779608172,58.886,121.3,0.0058,0.418,0.29407972
1554779608218,58.932,121.3,0.0058,0.418,0.29407972
1554779608264,58.978,121.3,0.0058,0.418,0.29407972
1554779608325,59.039,121.3,0.00576,0.422,0.294846336
1554779608371,59.085,121.3,0.00576,0.422,0.294846336
1554779608417,59.131,121.3,0.00576,0.422,0.294846336
1554779608463,59.177,121.3,0.00576,0.422,0.294846336
1554779608525,59.239,121.4,0.00577,0.419,0.293500282
1554779608571,59.285,121.4,0.00577,0.419,0.293500282
1554779608617,59.331,121.4,0.00577,0.419,0.293500282
1554779608664,59.378,121.4,0.00577,0.419,0.293500282
1554779608725,59.439,121.4,0.00573,0.422,0.293552484
1554779608771,59.485,121.4,0.00573,0.422,0.293552484
1554779608817,59.531,121.4,0.00573,0.422,0.293552484
1554779608863,59.577,121.4,0.00573,0.422,0.293552484
1554779608925,59.639,121.4,0.00574,0.418,0.291277448
1554779608971,59.685,121.4,0.00574,0.418,0.291277448
1554779609018,59.732,121.4,0.00574,0.418,0.291277448
1554779609064,59.778,121.4,0.00574,0.418,0.291277448
1554779609125,59.839,121.4,0.00574,0.418,0.291277448
1554779609171,59.885,121.4,0.00574,0.418,0.291277448
1554779609217,59.931,121.4,0.00574,0.418,0.291277448
1554779609263,59.977,121.4,0.00574,0.418,0.291277448
1554779609325,60.039,121.4,0.00572,0.421,0.292345768
1554779609371,60.085,121.4,0.00572,0.421,0.292345768
1554779609418,60.132,121.4,0.00572,0.421,0.292345768
1554779609464,60.178,121.4,0.00572,0.421,0.292345768
1554779609525,60.239,121.4,0.00568,0.42,0.28961184
1554779609571,60.285,121.4,0.00568,0.42,0.28961184
1554779609617,60.331,121.4,0.00568,0.42,0.28961184
1554779609663,60.377,121.4,0.00568,0.42,0.28961184
1554779609725,60.439,121.4,0.00566,0.422,0.289966328
1554779609771,60.485,121.4,0.00566,0.422,0.289966328
1554779609817,60.531,121.4,0.00566,0.422,0.289966328
1554779609864,60.578,121.4,0.00566,0.422,0.289966328
1554779609925,60.639,121.4,0.00565,0.419,0.28739629
1554779609970,60.684,121.4,0.00565,0.419,0.28739629
1554779610017,60.731,121.4,0.00565,0.419,0.28739629
1554779610063,60.777,121.4,0.00565,0.419,0.28739629
1554779610125,60.839,121.4,0.00572,0.419,0.290956952
1554779610171,60.885,121.4,0.00572,0.419,0.290956952
1554779610217,60.931,121.4,0.00572,0.419,0.290956952
1554779610263,60.977,121.4,0.00572,0.419,0.290956952
1554779610325,61.039,121.4,0.00571,0.418,0.289755092
1554779610370,61.084,121.4,0.00571,0.418,0.289755092
1554779610416,61.13,121.4,0.00571,0.418,0.289755092
1554779610463,61.177,121.4,0.00571,0.418,0.289755092
1554779610525,61.239,121.4,0.00568,0.419,0.288922288
1554779610571,61.285,121.4,0.00568,0.419,0.288922288
1554779610617,61.331,121.4,0.00568,0.419,0.288922288
1554779610664,61.378,121.4,0.00568,0.419,0.288922288
1554779610724,61.438,121.4,0.00568,0.42,0.28961184
1554779610771,61.485,121.4,0.00568,0.42,0.28961184
1554779610817,61.531,121.4,0.00568,0.42,0.28961184
1554779610863,61.577,121.4,0.00568,0.42,0.28961184
1554779610925,61.639,121.3,0.00567,0.422,0.290239362
1554779610971,61.685,121.3,0.00567,0.422,0.290239362
1554779611018,61.732,121.3,0.00567,0.422,0.290239362
1554779611064,61.778,121.3,0.00567,0.422,0.290239362
1554779611125,61.839,121.3,0.00571,0.42,0.29090166
1554779611171,61.885,121.3,0.00571,0.42,0.29090166
1554779611217,61.931,121.3,0.00571,0.42,0.29090166
1554779611263,61.977,121.3,0.00571,0.42,0.29090166
1554779611325,62.039,121.3,0.00574,0.422,0.293822564
1554779611371,62.085,121.3,0.00574,0.422,0.293822564
1554779611418,62.132,121.3,0.00574,0.422,0.293822564
1554779611464,62.178,121.3,0.00574,0.422,0.293822564
1554779611525,62.239,121.4,0.00573,0.421,0.292856862
1554779611571,62.285,121.4,0.00573,0.421,0.292856862
1554779611617,62.331,121.4,0.00573,0.421,0.292856862
1554779611664,62.378,121.4,0.00573,0.421,0.292856862
1554779611725,62.439,121.3,0.00572,0.422,0.292798792
1554779611771,62.485,121.3,0.00572,0.422,0.292798792
1554779611817,62.531,121.3,0.00572,0.422,0.292798792
1554779611863,62.577,121.3,0.00572,0.422,0.292798792
1554779611924,62.638,121.3,0.00575,0.422,0.29433445
1554779611970,62.684,121.3,0.00575,0.422,0.29433445
1554779612016,62.73,121.3,0.00575,0.422,0.29433445
1554779612063,62.777,121.3,0.00575,0.422,0.29433445
1554779612125,62.839,121.3,0.00574,0.423,0.294518826
1554779612171,62.885,121.3,0.00574,0.423,0.294518826
1554779612217,62.931,121.3,0.00574,0.423,0.294518826
1554779612264,62.978,121.3,0.00574,0.423,0.294518826
1554779612325,63.039,121.4,0.00576,0.422,0.295089408
1554779612371,63.085,121.4,0.00576,0.422,0.295089408
1554779612417,63.131,121.4,0.00576,0.422,0.295089408
1554779612463,63.177,121.4,0.00576,0.422,0.295089408
1554779612525,63.239,121.4,0.00576,0.419,0.292991616
1554779612571,63.285,121.4,0.00576,0.419,0.292991616
1554779612617,63.331,121.4,0.00576,0.419,0.292991616
1554779612664,63.378,121.4,0.00576,0.419,0.292991616
1554779612725,63.439,121.4,0.00575,0.418,0.2917849
1554779612771,63.485,121.4,0.00575,0.418,0.2917849
1554779612817,63.531,121.4,0.00575,0.418,0.2917849
1554779612863,63.577,121.4,0.00575,0.418,0.2917849
1554779612925,63.639,121.4,0.00573,0.42,0.29216124
1554779612971,63.685,121.4,0.00573,0.42,0.29216124
1554779613018,63.732,121.4,0.00573,0.42,0.29216124
1554779613064,63.778,121.4,0.00573,0.42,0.29216124
1554779613128,63.842,121.4,0.00571,0.423,0.293221062
1554779613173,63.887,121.4,0.00571,0.423,0.293221062
1554779613219,63.933,121.4,0.00571,0.423,0.293221062
1554779613265,63.98,121.4,0.00571,0.423,0.293221062
1554779613324,64.038,121.4,0.0057,0.424,0.29339952
1554779613370,64.084,121.4,0.0057,0.424,0.29339952
1554779613416,64.13,121.4,0.0057,0.424,0.29339952
1554779613462,64.176,121.4,0.0057,0.424,0.29339952
1554779613525,64.239,121.4,0.00567,0.422,0.290478636
1554779613571,64.285,121.4,0.00567,0.422,0.290478636
1554779613617,64.331,121.4,0.00567,0.422,0.290478636
1554779613663,64.377,121.4,0.00567,0.422,0.290478636
1554779613724,64.438,121.4,0.00567,0.423,0.291166974
1554779613770,64.484,121.4,0.00567,0.423,0.291166974
1554779613816,64.53,121.4,0.00567,0.423,0.291166974
1554779613862,64.576,121.4,0.00567,0.423,0.291166974
1554779613924,64.638,121.4,0.00564,0.422,0.288941712
1554779613971,64.685,121.4,0.00564,0.422,0.288941712
1554779614017,64.731,121.4,0.00564,0.422,0.288941712
1554779614063,64.777,121.4,0.00564,0.422,0.288941712
1554779614124,64.838,121.4,0.00568,0.42,0.28961184
1554779614170,64.884,121.4,0.00568,0.42,0.28961184
1554779614216,64.93,121.4,0.00568,0.42,0.28961184
1554779614262,64.976,121.4,0.00568,0.42,0.28961184
1554779614325,65.039,121.4,0.00564,0.423,0.289626408
1554779614371,65.085,121.4,0.00564,0.423,0.289626408
1554779614417,65.131,121.4,0.00564,0.423,0.289626408
1554779614463,65.178,121.4,0.00564,0.423,0.289626408
1554779614524,65.238,121.4,0.00569,0.422,0.291503252
1554779614570,65.284,121.4,0.00569,0.422,0.291503252
1554779614617,65.331,121.4,0.00569,0.422,0.291503252
1554779614663,65.377,121.4,0.00569,0.422,0.291503252
1554779614724,65.438,121.4,0.00568,0.421,0.290301392
1554779614770,65.484,121.4,0.00568,0.421,0.290301392
1554779614816,65.53,121.4,0.00568,0.421,0.290301392
1554779614862,65.576,121.4,0.00568,0.421,0.290301392
1554779614924,65.638,121.4,0.00567,0.422,0.290478636
1554779614971,65.685,121.4,0.00567,0.422,0.290478636
1554779615017,65.731,121.4,0.00567,0.422,0.290478636
1554779615063,65.777,121.4,0.00567,0.422,0.290478636
1554779615124,65.838,121.3,0.00572,0.421,0.292104956
1554779615170,65.884,121.3,0.00572,0.421,0.292104956
1554779615216,65.93,121.3,0.00572,0.421,0.292104956
1554779615262,65.976,121.3,0.00572,0.421,0.292104956
1554779615324,66.038,121.4,0.00575,0.42,0.293181
1554779615370,66.084,121.4,0.00575,0.42,0.293181
1554779615416,66.13,121.4,0.00575,0.42,0.293181
1554779615463,66.177,121.4,0.00575,0.42,0.293181
1554779615525,66.239,121.4,0.00577,0.42,0.29420076
1554779615571,66.285,121.4,0.00577,0.42,0.29420076
1554779615617,66.331,121.4,0.00577,0.42,0.29420076
1554779615663,66.377,121.4,0.00577,0.42,0.29420076
1554779615724,66.438,121.4,0.00575,0.419,0.29248295
1554779615771,66.485,121.4,0.00575,0.419,0.29248295
1554779615817,66.531,121.4,0.00575,0.419,0.29248295
1554779615863,66.577,121.4,0.00575,0.419,0.29248295
1554779615924,66.638,121.3,0.00574,0.424,0.295215088
1554779615970,66.684,121.3,0.00574,0.424,0.295215088
1554779616016,66.73,121.3,0.00574,0.424,0.295215088
1554779616062,66.776,121.3,0.00574,0.424,0.295215088
1554779616124,66.838,121.3,0.00574,0.422,0.293822564
1554779616174,66.888,121.3,0.00574,0.422,0.293822564
1554779616220,66.934,121.3,0.00574,0.422,0.293822564
1554779616266,66.98,121.3,0.00574,0.422,0.293822564
1554779616325,67.039,121.3,0.00575,0.421,0.293636975
1554779616371,67.085,121.3,0.00575,0.421,0.293636975
1554779616417,67.131,121.3,0.00575,0.421,0.293636975
1554779616463,67.177,121.3,0.00575,0.421,0.293636975
1554779616524,67.238,121.4,0.00578,0.422,0.296114024
1554779616570,67.284,121.4,0.00578,0.422,0.296114024
1554779616616,67.33,121.4,0.00578,0.422,0.296114024
1554779616662,67.376,121.4,0.00578,0.422,0.296114024
1554779616725,67.439,121.4,0.00573,0.421,0.292856862
1554779616771,67.485,121.4,0.00573,0.421,0.292856862
1554779616817,67.531,121.4,0.00573,0.421,0.292856862
1554779616863,67.577,121.4,0.00573,0.421,0.292856862
1554779616925,67.639,121.4,0.00569,0.419,0.289430954
1554779616971,67.685,121.4,0.00569,0.419,0.289430954
1554779617017,67.731,121.4,0.00569,0.419,0.289430954
1554779617063,67.777,121.4,0.00569,0.419,0.289430954
1554779617124,67.838,121.4,0.00573,0.422,0.293552484
1554779617171,67.885,121.4,0.00573,0.422,0.293552484
1554779617217,67.931,121.4,0.00573,0.422,0.293552484
1554779617263,67.977,121.4,0.00573,0.422,0.293552484
1554779617324,68.038,121.4,0.00567,0.424,0.291855312
1554779617370,68.084,121.4,0.00567,0.424,0.291855312
1554779617416,68.13,121.4,0.00567,0.424,0.291855312
1554779617462,68.176,121.4,0.00567,0.424,0.291855312
1554779617525,68.239,121.4,0.00569,0.421,0.290812486
1554779617571,68.285,121.4,0.00569,0.421,0.290812486
1554779617617,68.331,121.4,0.00569,0.421,0.290812486
1554779617663,68.377,121.4,0.00569,0.421,0.290812486
1554779617724,68.438,121.4,0.00568,0.422,0.290990944
1554779617770,68.484,121.4,0.00568,0.422,0.290990944
1554779617816,68.53,121.4,0.00568,0.422,0.290990944
1554779617863,68.577,121.4,0.00568,0.422,0.290990944
1554779617924,68.638,121.4,0.00563,0.42,0.28706244
1554779617969,68.683,121.4,0.00563,0.42,0.28706244
1554779618016,68.73,121.4,0.00563,0.42,0.28706244
1554779618062,68.776,121.4,0.00563,0.42,0.28706244
1554779618124,68.838,121.4,0.00573,0.419,0.291465618
1554779618170,68.884,121.4,0.00573,0.419,0.291465618
1554779618216,68.93,121.4,0.00573,0.419,0.291465618
1554779618262,68.976,121.4,0.00573,0.419,0.291465618
1554779618324,69.038,121.4,0.00573,0.419,0.291465618
1554779618369,69.083,121.4,0.00573,0.419,0.291465618
1554779618416,69.13,121.4,0.00573,0.419,0.291465618
1554779618461,69.176,121.4,0.00573,0.419,0.291465618
1554779618524,69.238,121.4,0.00571,0.42,0.29114148
1554779618570,69.284,121.4,0.00571,0.42,0.29114148
1554779618616,69.331,121.4,0.00571,0.42,0.29114148
1554779618663,69.377,121.4,0.00571,0.42,0.29114148
1554779618724,69.438,121.4,0.00569,0.419,0.289430954
1554779618770,69.484,121.4,0.00569,0.419,0.289430954
1554779618816,69.53,121.4,0.00569,0.419,0.289430954
1554779618862,69.576,121.4,0.00569,0.419,0.289430954
1554779618923,69.638,121.4,0.00569,0.419,0.289430954
1554779618969,69.683,121.4,0.00569,0.419,0.289430954
1554779619015,69.73,121.4,0.00569,0.419,0.289430954
1554779619061,69.776,121.4,0.00569,0.419,0.289430954
1554779619124,69.838,121.3,0.00574,0.42,0.29243004
1554779619170,69.884,121.3,0.00574,0.42,0.29243004
1554779619216,69.93,121.3,0.00574,0.42,0.29243004
1554779619262,69.976,121.3,0.00574,0.42,0.29243004
1554779619323,70.037,121.3,0.00574,0.418,0.291037516
1554779619369,70.083,121.3,0.00574,0.418,0.291037516
1554779619415,70.129,121.3,0.00574,0.418,0.291037516
1554779619462,70.176,121.3,0.00574,0.418,0.291037516
1554779619524,70.238,121.4,0.00578,0.42,0.29471064
1554779619570,70.284,121.4,0.00578,0.42,0.29471064
1554779619616,70.33,121.4,0.00578,0.42,0.29471064
1554779619663,70.377,121.4,0.00578,0.42,0.29471064
1554779619724,70.438,121.4,0.0058,0.418,0.29432216
1554779619770,70.484,121.4,0.0058,0.418,0.29432216
1554779619816,70.53,121.4,0.0058,0.418,0.29432216
1554779619862,70.576,121.4,0.0058,0.418,0.29432216
1554779619923,70.637,121.3,0.00579,0.417,0.292870359
1554779619969,70.683,121.3,0.00579,0.417,0.292870359
1554779620015,70.729,121.3,0.00579,0.417,0.292870359
1554779620061,70.775,121.3,0.00579,0.417,0.292870359
1554779620123,70.837,121.3,0.00581,0.419,0.295291507
1554779620170,70.884,121.3,0.00581,0.419,0.295291507
1554779620216,70.93,121.3,0.00581,0.419,0.295291507
1554779620262,70.976,121.3,0.00581,0.419,0.295291507
1554779620324,71.038,121.3,0.00577,0.419,0.293258519
1554779620370,71.084,121.3,0.00577,0.419,0.293258519
1554779620416,71.13,121.3,0.00577,0.419,0.293258519
1554779620462,71.176,121.3,0.00577,0.419,0.293258519
1554779620523,71.237,121.4,0.00576,0.42,0.29369088
1554779620570,71.284,121.4,0.00576,0.42,0.29369088
1554779620616,71.33,121.4,0.00576,0.42,0.29369088
1554779620662,71.376,121.4,0.00576,0.42,0.29369088
1554779620724,71.438,121.4,0.00575,0.419,0.29248295
1554779620770,71.484,121.4,0.00575,0.419,0.29248295
1554779620816,71.53,121.4,0.00575,0.419,0.29248295
1554779620862,71.576,121.4,0.00575,0.419,0.29248295
1554779620923,71.637,121.4,0.00574,0.42,0.29267112
1554779620969,71.683,121.4,0.00574,0.42,0.29267112
1554779621015,71.729,121.4,0.00574,0.42,0.29267112
1554779621061,71.775,121.4,0.00574,0.42,0.29267112
1554779621124,71.838,121.4,0.00575,0.418,0.2917849
1554779621170,71.884,121.4,0.00575,0.418,0.2917849
1554779621216,71.93,121.4,0.00575,0.418,0.2917849
1554779621262,71.976,121.4,0.00575,0.418,0.2917849
1554779621323,72.037,121.4,0.00573,0.42,0.29216124
1554779621369,72.083,121.4,0.00573,0.42,0.29216124
1554779621415,72.129,121.4,0.00573,0.42,0.29216124
1554779621461,72.175,121.4,0.00573,0.42,0.29216124
1554779621524,72.238,121.4,0.00571,0.421,0.291834674
1554779621570,72.284,121.4,0.00571,0.421,0.291834674
1554779621616,72.33,121.4,0.00571,0.421,0.291834674
1554779621662,72.376,121.4,0.00571,0.421,0.291834674
1554779621723,72.437,121.4,0.00567,0.419,0.288413622
1554779621769,72.483,121.4,0.00567,0.419,0.288413622
1554779621815,72.529,121.4,0.00567,0.419,0.288413622
1554779621861,72.575,121.4,0.00567,0.419,0.288413622
1554779621924,72.638,121.4,0.00566,0.417,0.286530708
1554779621970,72.684,121.4,0.00566,0.417,0.286530708
1554779622016,72.73,121.4,0.00566,0.417,0.286530708
1554779622062,72.776,121.4,0.00566,0.417,0.286530708
1554779622123,72.837,121.3,0.00572,0.419,0.290717284
1554779622169,72.883,121.3,0.00572,0.419,0.290717284
1554779622215,72.929,121.3,0.00572,0.419,0.290717284
1554779622261,72.975,121.3,0.00572,0.419,0.290717284
1554779622323,73.037,121.4,0.00571,0.421,0.291834674
1554779622369,73.083,121.4,0.00571,0.421,0.291834674
1554779622415,73.129,121.4,0.00571,0.421,0.291834674
1554779622461,73.175,121.4,0.00571,0.421,0.291834674
1554779622524,73.238,121.4,0.00571,0.418,0.289755092
1554779622570,73.284,121.4,0.00571,0.418,0.289755092
1554779622616,73.33,121.4,0.00571,0.418,0.289755092
1554779622662,73.376,121.4,0.00571,0.418,0.289755092
1554779622723,73.437,121.4,0.00572,0.421,0.292345768
1554779622769,73.483,121.4,0.00572,0.421,0.292345768
1554779622815,73.529,121.4,0.00572,0.421,0.292345768
1554779622861,73.575,121.4,0.00572,0.421,0.292345768
1554779622924,73.638,121.3,0.00572,0.419,0.290717284
1554779622970,73.684,121.3,0.00572,0.419,0.290717284
1554779623016,73.73,121.3,0.00572,0.419,0.290717284
1554779623062,73.776,121.3,0.00572,0.419,0.290717284
1554779623123,73.837,121.3,0.00572,0.42,0.29141112
1554779623169,73.883,121.3,0.00572,0.42,0.29141112
1554779623215,73.929,121.3,0.00572,0.42,0.29141112
1554779623262,73.976,121.3,0.00572,0.42,0.29141112
1554779623324,74.038,121.3,0.00574,0.42,0.29243004
1554779623370,74.084,121.3,0.00574,0.42,0.29243004
1554779623416,74.13,121.3,0.00574,0.42,0.29243004
1554779623462,74.176,121.3,0.00574,0.42,0.29243004
1554779623523,74.237,121.3,0.00579,0.419,0.294275013
1554779623569,74.283,121.3,0.00579,0.419,0.294275013
1554779623615,74.329,121.3,0.00579,0.419,0.294275013
1554779623662,74.376,121.3,0.00579,0.419,0.294275013
1554779623723,74.437,121.4,0.00578,0.42,0.29471064
1554779623769,74.483,121.4,0.00578,0.42,0.29471064
1554779623815,74.529,121.4,0.00578,0.42,0.29471064
1554779623861,74.575,121.4,0.00578,0.42,0.29471064
1554779623923,74.637,121.3,0.00582,0.415,0.29297589
1554779623969,74.684,121.3,0.00582,0.415,0.29297589
1554779624016,74.73,121.3,0.00582,0.415,0.29297589
1554779624062,74.776,121.3,0.00582,0.415,0.29297589
1554779624123,74.837,121.3,0.00589,0.414,0.295785198
1554779624169,74.883,121.3,0.00589,0.414,0.295785198
1554779624215,74.929,121.3,0.00589,0.414,0.295785198
1554779624261,74.975,121.3,0.00589,0.414,0.295785198
1554779624324,75.038,121.3,0.00579,0.418,0.293572686
1554779624370,75.084,121.3,0.00579,0.418,0.293572686
1554779624416,75.13,121.3,0.00579,0.418,0.293572686
1554779624462,75.176,121.3,0.00579,0.418,0.293572686
1554779624523,75.237,121.4,0.00582,0.416,0.293923968
1554779624569,75.284,121.4,0.00582,0.416,0.293923968
1554779624616,75.33,121.4,0.00582,0.416,0.293923968
1554779624662,75.376,121.4,0.00582,0.416,0.293923968
1554779624723,75.437,121.4,0.00579,0.418,0.293814708
1554779624769,75.483,121.4,0.00579,0.418,0.293814708
1554779624815,75.529,121.4,0.00579,0.418,0.293814708
1554779624861,75.576,121.4,0.00579,0.418,0.293814708
1554779624923,75.637,121.4,0.00574,0.418,0.291277448
1554779624969,75.683,121.4,0.00574,0.418,0.291277448
1554779625015,75.729,121.4,0.00574,0.418,0.291277448
1554779625061,75.775,121.4,0.00574,0.418,0.291277448
1554779625123,75.837,121.4,0.00577,0.417,0.292099326
1554779625169,75.883,121.4,0.00577,0.417,0.292099326
1554779625215,75.929,121.4,0.00577,0.417,0.292099326
1554779625261,75.975,121.4,0.00577,0.417,0.292099326
1554779625323,76.037,121.4,0.00577,0.416,0.291398848
1554779625368,76.082,121.4,0.00577,0.416,0.291398848
1554779625415,76.129,121.4,0.00577,0.416,0.291398848
1554779625461,76.175,121.4,0.00577,0.416,0.291398848
1554779625523,76.237,121.4,0.00574,0.417,0.290580612
1554779625569,76.283,121.4,0.00574,0.417,0.290580612
1554779625615,76.329,121.4,0.00574,0.417,0.290580612
1554779625662,76.376,121.4,0.00574,0.417,0.290580612
1554779625723,76.437,121.4,0.00571,0.418,0.289755092
1554779625769,76.483,121.4,0.00571,0.418,0.289755092
1554779625815,76.529,121.4,0.00571,0.418,0.289755092
1554779625861,76.575,121.4,0.00571,0.418,0.289755092
1554779625923,76.637,121.4,0.0057,0.416,0.28786368
1554779625970,76.684,121.4,0.0057,0.416,0.28786368
1554779626016,76.73,121.4,0.0057,0.416,0.28786368
1554779626062,76.776,121.4,0.0057,0.416,0.28786368
1554779626123,76.837,121.3,0.00572,0.417,0.289329612
1554779626169,76.883,121.3,0.00572,0.417,0.289329612
1554779626215,76.929,121.3,0.00572,0.417,0.289329612
1554779626261,76.975,121.3,0.00572,0.417,0.289329612
1554779626322,77.037,121.4,0.00575,0.417,0.29108685
1554779626368,77.082,121.4,0.00575,0.417,0.29108685
1554779626414,77.128,121.4,0.00575,0.417,0.29108685
1554779626461,77.175,121.4,0.00575,0.417,0.29108685
1554779626523,77.237,121.4,0.00572,0.42,0.29165136
1554779626569,77.283,121.4,0.00572,0.42,0.29165136
1554779626615,77.329,121.4,0.00572,0.42,0.29165136
1554779626661,77.375,121.4,0.00572,0.42,0.29165136
1554779626722,77.436,121.4,0.00569,0.422,0.291503252
1554779626768,77.482,121.4,0.00569,0.422,0.291503252
1554779626814,77.528,121.4,0.00569,0.422,0.291503252
1554779626860,77.574,121.4,0.00569,0.422,0.291503252
1554779626923,77.637,121.3,0.00571,0.417,0.288823791
1554779626969,77.683,121.3,0.00571,0.417,0.288823791
1554779627015,77.729,121.3,0.00571,0.417,0.288823791
1554779627061,77.775,121.3,0.00571,0.417,0.288823791
1554779627122,77.836,121.3,0.00576,0.417,0.291352896
1554779627168,77.882,121.3,0.00576,0.417,0.291352896
1554779627214,77.928,121.3,0.00576,0.417,0.291352896
1554779627260,77.974,121.3,0.00576,0.417,0.291352896
1554779627323,78.037,121.3,0.00576,0.42,0.29344896
1554779627369,78.083,121.3,0.00576,0.42,0.29344896
1554779627415,78.129,121.3,0.00576,0.42,0.29344896
1554779627461,78.175,121.3,0.00576,0.42,0.29344896
1554779627522,78.236,121.3,0.00575,0.421,0.293636975
1554779627568,78.282,121.3,0.00575,0.421,0.293636975
1554779627614,78.328,121.3,0.00575,0.421,0.293636975
1554779627660,78.374,121.3,0.00575,0.421,0.293636975
1554779627723,78.437,121.4,0.00573,0.422,0.293552484
1554779627769,78.483,121.4,0.00573,0.422,0.293552484
1554779627815,78.529,121.4,0.00573,0.422,0.293552484
1554779627861,78.575,121.4,0.00573,0.422,0.293552484
1554779627922,78.636,121.4,0.00575,0.421,0.29387905
1554779627968,78.682,121.4,0.00575,0.421,0.29387905
1554779628014,78.728,121.4,0.00575,0.421,0.29387905
1554779628060,78.774,121.4,0.00575,0.421,0.29387905
1554779628123,78.837,121.3,0.00573,0.42,0.29192058
1554779628169,78.883,121.3,0.00573,0.42,0.29192058
1554779628215,78.929,121.3,0.00573,0.42,0.29192058
1554779628261,78.975,121.3,0.00573,0.42,0.29192058
1554779628322,79.036,121.4,0.00575,0.421,0.29387905
1554779628368,79.082,121.4,0.00575,0.421,0.29387905
1554779628414,79.128,121.4,0.00575,0.421,0.29387905
1554779628460,79.174,121.4,0.00575,0.421,0.29387905
1554779628523,79.237,121.4,0.00573,0.42,0.29216124
1554779628569,79.283,121.4,0.00573,0.42,0.29216124
1554779628615,79.329,121.4,0.00573,0.42,0.29216124
1554779628661,79.375,121.4,0.00573,0.42,0.29216124
1554779628722,79.436,121.4,0.00572,0.421,0.292345768
1554779628768,79.482,121.4,0.00572,0.421,0.292345768
1554779628814,79.528,121.4,0.00572,0.421,0.292345768
1554779628860,79.574,121.4,0.00572,0.421,0.292345768
1554779628923,79.637,121.4,0.00569,0.422,0.291503252
1554779628969,79.683,121.4,0.00569,0.422,0.291503252
1554779629015,79.729,121.4,0.00569,0.422,0.291503252
1554779629061,79.775,121.4,0.00569,0.422,0.291503252
1554779629122,79.836,121.4,0.00573,0.421,0.292856862
1554779629169,79.883,121.4,0.00573,0.421,0.292856862
1554779629215,79.929,121.4,0.00573,0.421,0.292856862
1554779629261,79.975,121.4,0.00573,0.421,0.292856862
1554779629323,80.037,121.3,0.00573,0.419,0.291225531
1554779629369,80.083,121.3,0.00573,0.419,0.291225531
1554779629415,80.129,121.3,0.00573,0.419,0.291225531
1554779629461,80.176,121.3,0.00573,0.419,0.291225531
1554779629523,80.237,121.4,0.00574,0.417,0.290580612
1554779629569,80.283,121.4,0.00574,0.417,0.290580612
1554779629615,80.329,121.4,0.00574,0.417,0.290580612
1554779629661,80.375,121.4,0.00574,0.417,0.290580612
1554779629722,80.436,121.4,0.00573,0.418,0.290769996
1554779629768,80.482,121.4,0.00573,0.418,0.290769996
1554779629814,80.528,121.4,0.00573,0.418,0.290769996
1554779629860,80.574,121.4,0.00573,0.418,0.290769996
1554779629923,80.637,121.4,0.00571,0.418,0.289755092
1554779629969,80.683,121.4,0.00571,0.418,0.289755092
1554779630015,80.729,121.4,0.00571,0.418,0.289755092
1554779630061,80.775,121.4,0.00571,0.418,0.289755092
1554779630122,80.836,121.3,0.00575,0.413,0.288057175
1554779630168,80.882,121.3,0.00575,0.413,0.288057175
1554779630214,80.928,121.3,0.00575,0.413,0.288057175
1554779630260,80.974,121.3,0.00575,0.413,0.288057175
1554779630322,81.036,121.3,0.00574,0.415,0.28894873
1554779630368,81.082,121.3,0.00574,0.415,0.28894873
1554779630414,81.128,121.3,0.00574,0.415,0.28894873
1554779630460,81.174,121.3,0.00574,0.415,0.28894873
1554779630523,81.237,121.4,0.0057,0.422,0.29201556
1554779630569,81.283,121.4,0.0057,0.422,0.29201556
1554779630615,81.329,121.4,0.0057,0.422,0.29201556
1554779630661,81.375,121.4,0.0057,0.422,0.29201556
1554779630722,81.436,121.4,0.00569,0.42,0.29012172
1554779630768,81.482,121.4,0.00569,0.42,0.29012172
1554779630814,81.528,121.4,0.00569,0.42,0.29012172
1554779630860,81.574,121.4,0.00569,0.42,0.29012172
1554779630923,81.637,121.4,0.00568,0.421,0.290301392
1554779630969,81.683,121.4,0.00568,0.421,0.290301392
1554779631015,81.729,121.4,0.00568,0.421,0.290301392
1554779631061,81.775,121.4,0.00568,0.421,0.290301392
1554779631122,81.836,121.3,0.00573,0.42,0.29192058
1554779631168,81.882,121.3,0.00573,0.42,0.29192058
1554779631214,81.928,121.3,0.00573,0.42,0.29192058
1554779631260,81.974,121.3,0.00573,0.42,0.29192058
1554779631323,82.037,121.3,0.00572,0.42,0.29141112
1554779631369,82.083,121.3,0.00572,0.42,0.29141112
1554779631415,82.129,121.3,0.00572,0.42,0.29141112
1554779631461,82.175,121.3,0.00572,0.42,0.29141112
1554779631522,82.236,121.3,0.00577,0.421,0.294658321
1554779631568,82.282,121.3,0.00577,0.421,0.294658321
1554779631614,82.328,121.3,0.00577,0.421,0.294658321
1554779631660,82.374,121.3,0.00577,0.421,0.294658321
1554779631722,82.436,121.3,0.00578,0.42,0.29446788
1554779631769,82.483,121.3,0.00578,0.42,0.29446788
1554779631815,82.529,121.3,0.00578,0.42,0.29446788
1554779631861,82.575,121.3,0.00578,0.42,0.29446788
1554779631922,82.636,121.4,0.00577,0.418,0.292799804
1554779631968,82.682,121.4,0.00577,0.418,0.292799804
1554779632014,82.728,121.4,0.00577,0.418,0.292799804
1554779632060,82.774,121.4,0.00577,0.418,0.292799804
1554779632122,82.836,121.3,0.00575,0.422,0.29433445
1554779632168,82.882,121.3,0.00575,0.422,0.29433445
1554779632214,82.928,121.3,0.00575,0.422,0.29433445
1554779632261,82.975,121.3,0.00575,0.422,0.29433445
1554779632322,83.036,121.3,0.00573,0.422,0.293310678
1554779632368,83.082,121.3,0.00573,0.422,0.293310678
1554779632414,83.128,121.3,0.00573,0.422,0.293310678
1554779632460,83.174,121.3,0.00573,0.422,0.293310678
1554779632522,83.236,121.3,0.00574,0.422,0.293822564
1554779632568,83.282,121.3,0.00574,0.422,0.293822564
1554779632615,83.329,121.3,0.00574,0.422,0.293822564
1554779632661,83.375,121.3,0.00574,0.422,0.293822564
1554779632722,83.436,121.4,0.00568,0.424,0.292370048
1554779632768,83.482,121.4,0.00568,0.424,0.292370048
1554779632814,83.528,121.4,0.00568,0.424,0.292370048
1554779632860,83.574,121.4,0.00568,0.424,0.292370048
1554779632922,83.636,121.3,0.00567,0.42,0.28886382
1554779632968,83.682,121.3,0.00567,0.42,0.28886382
1554779633014,83.728,121.3,0.00567,0.42,0.28886382
1554779633061,83.775,121.3,0.00567,0.42,0.28886382
1554779633122,83.836,121.3,0.00573,0.419,0.291225531
1554779633168,83.882,121.3,0.00573,0.419,0.291225531
1554779633214,83.928,121.3,0.00573,0.419,0.291225531
1554779633260,83.974,121.3,0.00573,0.419,0.291225531
1554779633322,84.036,121.3,0.0057,0.421,0.29108361
1554779633368,84.082,121.3,0.0057,0.421,0.29108361
1554779633414,84.128,121.3,0.0057,0.421,0.29108361
1554779633460,84.174,121.3,0.0057,0.421,0.29108361
1554779633522,84.236,121.3,0.00569,0.421,0.290572937
1554779633567,84.281,121.3,0.00569,0.421,0.290572937
1554779633614,84.328,121.3,0.00569,0.421,0.290572937
1554779633660,84.374,121.3,0.00569,0.421,0.290572937
1554779633722,84.436,121.3,0.00565,0.425,0.291271625
1554779633768,84.482,121.3,0.00565,0.425,0.291271625
1554779633814,84.528,121.3,0.00565,0.425,0.291271625
1554779633860,84.574,121.3,0.00565,0.425,0.291271625
1554779633922,84.636,121.3,0.00566,0.422,0.289727476
1554779633967,84.681,121.3,0.00566,0.422,0.289727476
1554779634014,84.728,121.3,0.00566,0.422,0.289727476
1554779634060,84.774,121.3,0.00566,0.422,0.289727476
1554779634122,84.836,121.3,0.00566,0.419,0.287667802
1554779634168,84.882,121.3,0.00566,0.419,0.287667802
1554779634214,84.928,121.3,0.00566,0.419,0.287667802
1554779634260,84.974,121.3,0.00566,0.419,0.287667802
1554779634321,85.035,121.3,0.00569,0.419,0.289192543
1554779634367,85.081,121.3,0.00569,0.419,0.289192543
1554779634414,85.128,121.3,0.00569,0.419,0.289192543
1554779634460,85.174,121.3,0.00569,0.419,0.289192543
1554779634522,85.236,121.3,0.00568,0.422,0.290751248
1554779634568,85.282,121.3,0.00568,0.422,0.290751248
1554779634615,85.329,121.3,0.00568,0.422,0.290751248
1554779634660,85.374,121.3,0.00568,0.422,0.290751248
1554779634723,85.437,121.4,0.0057,0.422,0.29201556
1554779634769,85.483,121.4,0.0057,0.422,0.29201556
1554779634815,85.529,121.4,0.0057,0.422,0.29201556
1554779634861,85.575,121.4,0.0057,0.422,0.29201556
1554779634922,85.636,121.4,0.00573,0.42,0.29216124
1554779634968,85.682,121.4,0.00573,0.42,0.29216124
1554779635014,85.728,121.4,0.00573,0.42,0.29216124
1554779635060,85.774,121.4,0.00573,0.42,0.29216124
1554779635123,85.837,121.3,0.00573,0.42,0.29192058
1554779635169,85.883,121.3,0.00573,0.42,0.29192058
1554779635215,85.929,121.3,0.00573,0.42,0.29192058
1554779635261,85.975,121.3,0.00573,0.42,0.29192058
1554779635322,86.036,121.3,0.00573,0.42,0.29192058
1554779635368,86.082,121.3,0.00573,0.42,0.29192058
1554779635414,86.128,121.3,0.00573,0.42,0.29192058
1554779635460,86.175,121.3,0.00573,0.42,0.29192058
1554779635522,86.236,121.3,0.00574,0.422,0.293822564
1554779635568,86.282,121.3,0.00574,0.422,0.293822564
1554779635613,86.328,121.3,0.00574,0.422,0.293822564
1554779635660,86.374,121.3,0.00574,0.422,0.293822564
1554779635722,86.436,121.4,0.00576,0.422,0.295089408
1554779635768,86.482,121.4,0.00576,0.422,0.295089408
1554779635814,86.528,121.4,0.00576,0.422,0.295089408
1554779635860,86.574,121.4,0.00576,0.422,0.295089408
1554779635922,86.636,121.3,0.00579,0.418,0.293572686
1554779635967,86.681,121.3,0.00579,0.418,0.293572686
1554779636013,86.727,121.3,0.00579,0.418,0.293572686
1554779636059,86.773,121.3,0.00579,0.418,0.293572686
1554779636122,86.836,121.3,0.00579,0.417,0.292870359
1554779636168,86.882,121.3,0.00579,0.417,0.292870359
1554779636214,86.928,121.3,0.00579,0.417,0.292870359
1554779636260,86.974,121.3,0.00579,0.417,0.292870359
1554779636322,87.036,121.3,0.00575,0.422,0.29433445
1554779636368,87.082,121.3,0.00575,0.422,0.29433445
1554779636414,87.128,121.3,0.00575,0.422,0.29433445
1554779636461,87.175,121.3,0.00575,0.422,0.29433445
1554779636522,87.236,121.3,0.00574,0.422,0.293822564
1554779636568,87.282,121.3,0.00574,0.422,0.293822564
1554779636614,87.328,121.3,0.00574,0.422,0.293822564
1554779636660,87.374,121.3,0.00574,0.422,0.293822564
1554779636721,87.435,121.3,0.00573,0.423,0.294005727
1554779636767,87.481,121.3,0.00573,0.423,0.294005727
1554779636814,87.528,121.3,0.00573,0.423,0.294005727
1554779636860,87.574,121.3,0.00573,0.423,0.294005727
1554779636922,87.636,121.3,0.00573,0.421,0.292615629
1554779636968,87.682,121.3,0.00573,0.421,0.292615629
1554779637014,87.728,121.3,0.00573,0.421,0.292615629
1554779637060,87.774,121.3,0.00573,0.421,0.292615629
1554779637121,87.835,121.3,0.00569,0.422,0.291263134
1554779637167,87.881,121.3,0.00569,0.422,0.291263134
1554779637213,87.927,121.3,0.00569,0.422,0.291263134
1554779637259,87.973,121.3,0.00569,0.422,0.291263134
1554779637322,88.036,121.3,0.0057,0.421,0.29108361
1554779637368,88.082,121.3,0.0057,0.421,0.29108361
1554779637414,88.128,121.3,0.0057,0.421,0.29108361
1554779637460,88.174,121.3,0.0057,0.421,0.29108361
1554779637522,88.236,121.3,0.00573,0.42,0.29192058
1554779637568,88.282,121.3,0.00573,0.42,0.29192058
1554779637613,88.327,121.3,0.00573,0.42,0.29192058
1554779637660,88.374,121.3,0.00573,0.42,0.29192058
1554779637721,88.435,121.3,0.0057,0.42,0.2903922
1554779637767,88.481,121.3,0.0057,0.42,0.2903922
1554779637813,88.527,121.3,0.0057,0.42,0.2903922
1554779637859,88.573,121.3,0.0057,0.42,0.2903922
1554779637922,88.636,121.4,0.00566,0.421,0.289279204
1554779637968,88.682,121.4,0.00566,0.421,0.289279204
1554779638014,88.728,121.4,0.00566,0.421,0.289279204
1554779638060,88.774,121.4,0.00566,0.421,0.289279204
1554779638121,88.835,121.3,0.00564,0.421,0.288019572
1554779638167,88.881,121.3,0.00564,0.421,0.288019572
1554779638213,88.927,121.3,0.00564,0.421,0.288019572
1554779638259,88.973,121.3,0.00564,0.421,0.288019572
1554779638322,89.036,121.3,0.00567,0.421,0.289551591
1554779638368,89.082,121.3,0.00567,0.421,0.289551591
1554779638414,89.128,121.3,0.00567,0.421,0.289551591
1554779638460,89.174,121.3,0.00567,0.421,0.289551591
1554779638521,89.235,121.4,0.00569,0.422,0.291503252
1554779638567,89.281,121.4,0.00569,0.422,0.291503252
1554779638613,89.327,121.4,0.00569,0.422,0.291503252
1554779638659,89.373,121.4,0.00569,0.422,0.291503252
1554779638722,89.436,121.4,0.00573,0.42,0.29216124
1554779638768,89.482,121.4,0.00573,0.42,0.29216124
1554779638814,89.528,121.4,0.00573,0.42,0.29216124
1554779638860,89.574,121.4,0.00573,0.42,0.29216124
1554779638921,89.635,121.3,0.00572,0.418,0.290023448
1554779638967,89.681,121.3,0.00572,0.418,0.290023448
1554779639013,89.727,121.3,0.00572,0.418,0.290023448
1554779639059,89.773,121.3,0.00572,0.418,0.290023448
1554779639122,89.836,121.3,0.0057,0.422,0.29177502
1554779639168,89.882,121.3,0.0057,0.422,0.29177502
1554779639214,89.928,121.3,0.0057,0.422,0.29177502
1554779639260,89.974,121.3,0.0057,0.422,0.29177502
1554779639321,90.035,121.3,0.00693,0.435,0.365664915
1554779639367,90.081,121.3,0.00693,0.435,0.365664915
1554779639414,90.128,121.3,0.00693,0.435,0.365664915
1554779639460,90.174,121.3,0.00693,0.435,0.365664915
1554779639521,90.235,121.3,0.00722,0.436,0.381842696
1554779639567,90.281,121.3,0.00722,0.436,0.381842696
1554779639613,90.327,121.3,0.00722,0.436,0.381842696
1554779639659,90.373,121.3,0.00722,0.436,0.381842696
1554779639721,90.435,121.3,0.00724,0.438,0.384656856
1554779639768,90.482,121.3,0.00724,0.438,0.384656856
1554779639814,90.528,121.3,0.00724,0.438,0.384656856
1554779639860,90.574,121.3,0.00724,0.438,0.384656856
1554779639921,90.635,121.3,0.00723,0.436,0.382371564
1554779639967,90.681,121.3,0.00723,0.436,0.382371564
1554779640013,90.727,121.3,0.00723,0.436,0.382371564
1554779640059,90.773,121.3,0.00723,0.436,0.382371564
1554779640122,90.836,121.3,0.00724,0.438,0.384656856
1554779640168,90.882,121.3,0.00724,0.438,0.384656856
1554779640214,90.928,121.3,0.00724,0.438,0.384656856
1554779640260,90.974,121.3,0.00724,0.438,0.384656856
1554779640321,91.035,121.3,0.00724,0.436,0.382900432
1554779640367,91.081,121.3,0.00724,0.436,0.382900432
1554779640413,91.127,121.3,0.00724,0.436,0.382900432
1554779640459,91.173,121.3,0.00724,0.436,0.382900432
1554779640522,91.236,121.3,0.00729,0.436,0.385544772
1554779640568,91.282,121.3,0.00729,0.436,0.385544772
1554779640614,91.328,121.3,0.00729,0.436,0.385544772
1554779640660,91.374,121.3,0.00729,0.436,0.385544772
1554779640721,91.435,121.3,0.00725,0.433,0.380791025
1554779640767,91.481,121.3,0.00725,0.433,0.380791025
1554779640813,91.527,121.3,0.00725,0.433,0.380791025
1554779640859,91.574,121.3,0.00725,0.433,0.380791025
1554779640921,91.635,121.3,0.00726,0.433,0.381316254
1554779640966,91.681,121.3,0.00726,0.433,0.381316254
1554779641015,91.729,121.3,0.00726,0.433,0.381316254
1554779641061,91.775,121.3,0.00726,0.433,0.381316254
1554779641121,91.835,121.3,0.00722,0.435,0.38096691
1554779641167,91.881,121.3,0.00722,0.435,0.38096691
1554779641213,91.927,121.3,0.00722,0.435,0.38096691
1554779641258,91.972,121.3,0.00722,0.435,0.38096691
1554779641321,92.035,121.3,0.00679,0.428,0.352512356
1554779641367,92.081,121.3,0.00679,0.428,0.352512356
1554779641412,92.126,121.3,0.00679,0.428,0.352512356
1554779641458,92.172,121.3,0.00679,0.428,0.352512356
1554779641520,92.234,121.3,0.00666,0.428,0.345763224
1554779641566,92.28,121.3,0.00666,0.428,0.345763224
1554779641612,92.326,121.3,0.00666,0.428,0.345763224
1554779641658,92.372,121.3,0.00666,0.428,0.345763224
1554779641720,92.434,121.3,0.00668,0.428,0.346801552
1554779641766,92.48,121.3,0.00668,0.428,0.346801552
1554779641811,92.526,121.3,0.00668,0.428,0.346801552
1554779641857,92.571,121.3,0.00668,0.428,0.346801552
1554779641921,92.635,121.4,0.00663,0.43,0.34609926
1554779641967,92.681,121.4,0.00663,0.43,0.34609926
1554779642013,92.727,121.4,0.00663,0.43,0.34609926
1554779642059,92.773,121.4,0.00663,0.43,0.34609926
1554779642120,92.834,121.4,0.0066,0.431,0.34533444
1554779642166,92.88,121.4,0.0066,0.431,0.34533444
1554779642212,92.926,121.4,0.0066,0.431,0.34533444
1554779642258,92.972,121.4,0.0066,0.431,0.34533444
1554779642321,93.035,121.4,0.00664,0.429,0.345815184
1554779642367,93.081,121.4,0.00664,0.429,0.345815184
1554779642413,93.127,121.4,0.00664,0.429,0.345815184
1554779642459,93.173,121.4,0.00664,0.429,0.345815184
1554779642521,93.235,121.4,0.00664,0.427,0.344202992
1554779642567,93.281,121.4,0.00664,0.427,0.344202992
1554779642613,93.327,121.4,0.00664,0.427,0.344202992
1554779642659,93.373,121.4,0.00664,0.427,0.344202992
You pressed Ctrl+C!
