# Mon Apr 08 22:41:25 2019
abstime,time_stamp,volt,curr,pf,mul
1554788485537,0.08,121.2,0.00599,0.423,0.307092924
1554788485584,0.127,121.2,0.00599,0.423,0.307092924
1554788485630,0.173,121.2,0.00599,0.423,0.307092924
1554788485676,0.219,121.2,0.00575,0.42,0.292698
1554788485721,0.264,121.2,0.00575,0.42,0.292698
1554788485767,0.31,121.2,0.00575,0.42,0.292698
1554788485813,0.356,121.2,0.00575,0.42,0.292698
1554788485865,0.408,121.2,0.00578,0.419,0.293524584
1554788485912,0.455,121.2,0.00578,0.419,0.293524584
1554788485958,0.501,121.2,0.00578,0.419,0.293524584
1554788486004,0.547,121.2,0.00578,0.419,0.293524584
1554788486065,0.608,121.2,0.00577,0.42,0.29371608
1554788486111,0.654,121.2,0.00577,0.42,0.29371608
1554788486157,0.7,121.2,0.00577,0.42,0.29371608
1554788486203,0.746,121.2,0.00577,0.42,0.29371608
1554788486265,0.808,121.2,0.00574,0.419,0.291493272
1554788486312,0.855,121.2,0.00574,0.419,0.291493272
1554788486358,0.901,121.2,0.00574,0.419,0.291493272
1554788486404,0.947,121.2,0.00574,0.419,0.291493272
1554788486465,1.008,121.2,0.00576,0.421,0.293905152
1554788486511,1.054,121.2,0.00576,0.421,0.293905152
1554788486557,1.1,121.2,0.00576,0.421,0.293905152
1554788486603,1.146,121.2,0.00576,0.421,0.293905152
1554788486665,1.208,121.1,0.00571,0.421,0.291113501
1554788486712,1.255,121.1,0.00571,0.421,0.291113501
1554788486758,1.301,121.1,0.00571,0.421,0.291113501
1554788486804,1.347,121.1,0.00571,0.421,0.291113501
1554788486865,1.408,121.1,0.00575,0.423,0.294545475
1554788486911,1.454,121.1,0.00575,0.423,0.294545475
1554788486957,1.5,121.1,0.00575,0.423,0.294545475
1554788487003,1.546,121.1,0.00575,0.423,0.294545475
1554788487066,1.609,121.2,0.00577,0.422,0.295114728
1554788487112,1.655,121.2,0.00577,0.422,0.295114728
1554788487158,1.701,121.2,0.00577,0.422,0.295114728
1554788487204,1.747,121.2,0.00577,0.422,0.295114728
1554788487265,1.808,121.2,0.00578,0.423,0.296326728
1554788487311,1.854,121.2,0.00578,0.423,0.296326728
1554788487357,1.9,121.2,0.00578,0.423,0.296326728
1554788487403,1.946,121.2,0.00578,0.423,0.296326728
1554788487465,2.008,121.2,0.00579,0.422,0.296137656
1554788487511,2.054,121.2,0.00579,0.422,0.296137656
1554788487557,2.1,121.2,0.00579,0.422,0.296137656
1554788487603,2.146,121.2,0.00579,0.422,0.296137656
1554788487666,2.209,121.2,0.00578,0.424,0.297027264
1554788487712,2.255,121.2,0.00578,0.424,0.297027264
1554788487758,2.301,121.2,0.00578,0.424,0.297027264
1554788487804,2.347,121.2,0.00578,0.424,0.297027264
1554788487865,2.408,121.2,0.00579,0.423,0.296839404
1554788487911,2.454,121.2,0.00579,0.423,0.296839404
1554788487958,2.501,121.2,0.00579,0.423,0.296839404
1554788488004,2.547,121.2,0.00579,0.423,0.296839404
1554788488065,2.608,121.2,0.00582,0.423,0.298377432
1554788488111,2.654,121.2,0.00582,0.423,0.298377432
1554788488157,2.7,121.2,0.00582,0.423,0.298377432
1554788488203,2.746,121.2,0.00582,0.423,0.298377432
1554788488265,2.808,121.2,0.00581,0.425,0.2992731
1554788488311,2.854,121.2,0.00581,0.425,0.2992731
1554788488357,2.9,121.2,0.00581,0.425,0.2992731
1554788488404,2.947,121.2,0.00581,0.425,0.2992731
1554788488465,3.008,121.3,0.00577,0.422,0.295358222
1554788488510,3.053,121.3,0.00577,0.422,0.295358222
1554788488557,3.1,121.3,0.00577,0.422,0.295358222
1554788488603,3.146,121.3,0.00577,0.422,0.295358222
1554788488665,3.208,121.2,0.00577,0.421,0.294415404
1554788488711,3.254,121.2,0.00577,0.421,0.294415404
1554788488757,3.3,121.2,0.00577,0.421,0.294415404
1554788488804,3.347,121.2,0.00577,0.421,0.294415404
1554788488865,3.408,121.2,0.00579,0.419,0.294032412
1554788488910,3.453,121.2,0.00579,0.419,0.294032412
1554788488956,3.499,121.2,0.00579,0.419,0.294032412
1554788489003,3.546,121.2,0.00579,0.419,0.294032412
1554788489065,3.608,121.2,0.0058,0.418,0.29383728
1554788489111,3.654,121.2,0.0058,0.418,0.29383728
1554788489157,3.7,121.2,0.0058,0.418,0.29383728
1554788489203,3.746,121.2,0.0058,0.418,0.29383728
1554788489264,3.808,121.2,0.00577,0.42,0.29371608
1554788489311,3.854,121.2,0.00577,0.42,0.29371608
1554788489357,3.9,121.2,0.00577,0.42,0.29371608
1554788489403,3.946,121.2,0.00577,0.42,0.29371608
1554788489465,4.008,121.2,0.00572,0.423,0.293250672
1554788489511,4.054,121.2,0.00572,0.423,0.293250672
1554788489557,4.1,121.2,0.00572,0.423,0.293250672
1554788489603,4.146,121.2,0.00572,0.423,0.293250672
1554788489664,4.208,121.2,0.00571,0.421,0.291353892
1554788489710,4.253,121.2,0.00571,0.421,0.291353892
1554788489757,4.3,121.2,0.00571,0.421,0.291353892
1554788489803,4.346,121.2,0.00571,0.421,0.291353892
1554788489865,4.408,121.2,0.00569,0.423,0.291712644
1554788489911,4.454,121.2,0.00569,0.423,0.291712644
1554788489957,4.5,121.2,0.00569,0.423,0.291712644
1554788490003,4.546,121.2,0.00569,0.423,0.291712644
1554788490064,4.608,121.2,0.0057,0.423,0.29222532
1554788490110,4.653,121.2,0.0057,0.423,0.29222532
1554788490156,4.699,121.2,0.0057,0.423,0.29222532
1554788490203,4.746,121.2,0.0057,0.423,0.29222532
1554788490265,4.808,121.2,0.00571,0.422,0.292045944
1554788490311,4.854,121.2,0.00571,0.422,0.292045944
1554788490357,4.9,121.2,0.00571,0.422,0.292045944
1554788490403,4.946,121.2,0.00571,0.422,0.292045944
1554788490464,5.007,121.2,0.00573,0.42,0.29167992
1554788490510,5.053,121.2,0.00573,0.42,0.29167992
1554788490556,5.099,121.2,0.00573,0.42,0.29167992
1554788490602,5.145,121.2,0.00573,0.42,0.29167992
1554788490665,5.208,121.2,0.00574,0.422,0.293580336
1554788490711,5.254,121.2,0.00574,0.422,0.293580336
1554788490757,5.3,121.2,0.00574,0.422,0.293580336
1554788490803,5.346,121.2,0.00574,0.422,0.293580336
1554788490864,5.407,121.1,0.00574,0.421,0.292642994
1554788490910,5.453,121.1,0.00574,0.421,0.292642994
1554788490956,5.499,121.1,0.00574,0.421,0.292642994
1554788491002,5.545,121.1,0.00574,0.421,0.292642994
1554788491065,5.608,121.1,0.00576,0.423,0.295057728
1554788491111,5.654,121.1,0.00576,0.423,0.295057728
1554788491157,5.7,121.1,0.00576,0.423,0.295057728
1554788491203,5.746,121.1,0.00576,0.423,0.295057728
1554788491265,5.808,121.2,0.00578,0.423,0.296326728
1554788491311,5.854,121.2,0.00578,0.423,0.296326728
1554788491358,5.901,121.2,0.00578,0.423,0.296326728
1554788491404,5.947,121.2,0.00578,0.423,0.296326728
1554788491465,6.008,121.2,0.00576,0.423,0.295301376
1554788491511,6.054,121.2,0.00576,0.423,0.295301376
1554788491557,6.1,121.2,0.00576,0.423,0.295301376
1554788491603,6.146,121.2,0.00576,0.423,0.295301376
1554788491664,6.207,121.2,0.00578,0.422,0.295626192
1554788491710,6.253,121.2,0.00578,0.422,0.295626192
1554788491756,6.299,121.2,0.00578,0.422,0.295626192
1554788491802,6.345,121.2,0.00578,0.422,0.295626192
1554788491865,6.408,121.2,0.0058,0.423,0.29735208
1554788491911,6.454,121.2,0.0058,0.423,0.29735208
1554788491957,6.5,121.2,0.0058,0.423,0.29735208
1554788492003,6.546,121.2,0.0058,0.423,0.29735208
1554788492065,6.608,121.2,0.00583,0.422,0.298183512
1554788492111,6.654,121.2,0.00583,0.422,0.298183512
1554788492157,6.7,121.2,0.00583,0.422,0.298183512
1554788492203,6.746,121.2,0.00583,0.422,0.298183512
1554788492265,6.808,121.2,0.00586,0.42,0.29829744
1554788492311,6.854,121.2,0.00586,0.42,0.29829744
1554788492357,6.9,121.2,0.00586,0.42,0.29829744
1554788492403,6.946,121.2,0.00586,0.42,0.29829744
1554788492465,7.008,121.3,0.0058,0.421,0.29619034
1554788492511,7.054,121.3,0.0058,0.421,0.29619034
1554788492557,7.1,121.3,0.0058,0.421,0.29619034
1554788492604,7.147,121.3,0.0058,0.421,0.29619034
1554788492665,7.208,121.2,0.00577,0.42,0.29371608
1554788492711,7.254,121.2,0.00577,0.42,0.29371608
1554788492757,7.3,121.2,0.00577,0.42,0.29371608
1554788492803,7.346,121.2,0.00577,0.42,0.29371608
1554788492864,7.407,121.2,0.00581,0.419,0.295048068
1554788492910,7.453,121.2,0.00581,0.419,0.295048068
1554788492956,7.499,121.2,0.00581,0.419,0.295048068
1554788493002,7.545,121.2,0.00581,0.419,0.295048068
1554788493064,7.607,121.2,0.00578,0.42,0.29422512
1554788493111,7.654,121.2,0.00578,0.42,0.29422512
1554788493157,7.7,121.2,0.00578,0.42,0.29422512
1554788493203,7.746,121.2,0.00578,0.42,0.29422512
1554788493264,7.807,121.2,0.0058,0.418,0.29383728
1554788493310,7.853,121.2,0.0058,0.418,0.29383728
1554788493356,7.899,121.2,0.0058,0.418,0.29383728
1554788493402,7.945,121.2,0.0058,0.418,0.29383728
1554788493465,8.008,121.3,0.00578,0.418,0.293065652
1554788493512,8.055,121.3,0.00578,0.418,0.293065652
1554788493558,8.101,121.3,0.00578,0.418,0.293065652
1554788493605,8.148,121.3,0.00578,0.418,0.293065652
1554788493664,8.207,121.2,0.00572,0.418,0.289784352
1554788493710,8.253,121.2,0.00572,0.418,0.289784352
1554788493757,8.3,121.2,0.00572,0.418,0.289784352
1554788493803,8.346,121.2,0.00572,0.418,0.289784352
1554788493865,8.408,121.2,0.00575,0.418,0.2913042
1554788493912,8.455,121.2,0.00575,0.418,0.2913042
1554788493958,8.501,121.2,0.00575,0.418,0.2913042
1554788494004,8.547,121.2,0.00575,0.418,0.2913042
1554788494064,8.607,121.2,0.00574,0.418,0.290797584
1554788494110,8.653,121.2,0.00574,0.418,0.290797584
1554788494156,8.699,121.2,0.00574,0.418,0.290797584
1554788494203,8.746,121.2,0.00574,0.418,0.290797584
1554788494265,8.808,121.2,0.00571,0.421,0.291353892
1554788494311,8.854,121.2,0.00571,0.421,0.291353892
1554788494357,8.9,121.2,0.00571,0.421,0.291353892
1554788494403,8.946,121.2,0.00571,0.421,0.291353892
1554788494464,9.007,121.2,0.00574,0.422,0.293580336
1554788494511,9.054,121.2,0.00574,0.422,0.293580336
1554788494557,9.1,121.2,0.00574,0.422,0.293580336
1554788494603,9.146,121.2,0.00574,0.422,0.293580336
1554788494665,9.208,121.2,0.00574,0.422,0.293580336
1554788494711,9.254,121.2,0.00574,0.422,0.293580336
1554788494757,9.3,121.2,0.00574,0.422,0.293580336
1554788494803,9.346,121.2,0.00574,0.422,0.293580336
1554788494865,9.408,121.2,0.00578,0.419,0.293524584
1554788494911,9.454,121.2,0.00578,0.419,0.293524584
1554788494957,9.5,121.2,0.00578,0.419,0.293524584
1554788495003,9.546,121.2,0.00578,0.419,0.293524584
1554788495064,9.608,121.2,0.00581,0.418,0.294343896
1554788495110,9.653,121.2,0.00581,0.418,0.294343896
1554788495156,9.699,121.2,0.00581,0.418,0.294343896
1554788495202,9.745,121.2,0.00581,0.418,0.294343896
1554788495265,9.808,121.2,0.00581,0.42,0.29575224
1554788495311,9.854,121.2,0.00581,0.42,0.29575224
1554788495357,9.9,121.2,0.00581,0.42,0.29575224
1554788495403,9.946,121.2,0.00581,0.42,0.29575224
1554788495465,10.008,121.2,0.0058,0.42,0.2952432
1554788495511,10.054,121.2,0.0058,0.42,0.2952432
1554788495557,10.1,121.2,0.0058,0.42,0.2952432
1554788495603,10.146,121.2,0.0058,0.42,0.2952432
1554788495664,10.207,121.2,0.00578,0.422,0.295626192
1554788495711,10.254,121.2,0.00578,0.422,0.295626192
1554788495757,10.3,121.2,0.00578,0.422,0.295626192
1554788495803,10.346,121.2,0.00578,0.422,0.295626192
1554788495864,10.407,121.2,0.00582,0.42,0.29626128
1554788495910,10.453,121.2,0.00582,0.42,0.29626128
1554788495956,10.499,121.2,0.00582,0.42,0.29626128
1554788496002,10.545,121.2,0.00582,0.42,0.29626128
1554788496065,10.608,121.2,0.00582,0.421,0.296966664
1554788496111,10.654,121.2,0.00582,0.421,0.296966664
1554788496157,10.7,121.2,0.00582,0.421,0.296966664
1554788496203,10.746,121.2,0.00582,0.421,0.296966664
1554788496264,10.807,121.2,0.00583,0.42,0.29677032
1554788496311,10.854,121.2,0.00583,0.42,0.29677032
1554788496357,10.9,121.2,0.00583,0.42,0.29677032
1554788496403,10.946,121.2,0.00583,0.42,0.29677032
1554788496464,11.007,121.2,0.00584,0.42,0.29727936
1554788496510,11.053,121.2,0.00584,0.42,0.29727936
1554788496556,11.099,121.2,0.00584,0.42,0.29727936
1554788496602,11.145,121.2,0.00584,0.42,0.29727936
1554788496664,11.207,121.2,0.0058,0.418,0.29383728
1554788496709,11.252,121.2,0.0058,0.418,0.29383728
1554788496755,11.298,121.2,0.0058,0.418,0.29383728
1554788496802,11.345,121.2,0.0058,0.418,0.29383728
1554788496864,11.407,121.2,0.00578,0.418,0.292824048
1554788496910,11.453,121.2,0.00578,0.418,0.292824048
1554788496956,11.499,121.2,0.00578,0.418,0.292824048
1554788497002,11.545,121.2,0.00578,0.418,0.292824048
1554788497065,11.608,121.2,0.00579,0.42,0.29473416
1554788497111,11.654,121.2,0.00579,0.42,0.29473416
1554788497157,11.7,121.2,0.00579,0.42,0.29473416
1554788497203,11.746,121.2,0.00579,0.42,0.29473416
1554788497264,11.807,121.2,0.0058,0.422,0.29664912
1554788497310,11.853,121.2,0.0058,0.422,0.29664912
1554788497356,11.899,121.2,0.0058,0.422,0.29664912
1554788497402,11.945,121.2,0.0058,0.422,0.29664912
1554788497464,12.007,121.2,0.00574,0.422,0.293580336
1554788497510,12.053,121.2,0.00574,0.422,0.293580336
1554788497555,12.098,121.2,0.00574,0.422,0.293580336
1554788497602,12.145,121.2,0.00574,0.422,0.293580336
1554788497664,12.207,121.2,0.0057,0.422,0.29153448
1554788497710,12.253,121.2,0.0057,0.422,0.29153448
1554788497756,12.299,121.2,0.0057,0.422,0.29153448
1554788497802,12.345,121.2,0.0057,0.422,0.29153448
1554788497864,12.407,121.2,0.00568,0.422,0.290511552
1554788497911,12.454,121.2,0.00568,0.422,0.290511552
1554788497957,12.5,121.2,0.00568,0.422,0.290511552
1554788498003,12.546,121.2,0.00568,0.422,0.290511552
1554788498064,12.607,121.2,0.00574,0.419,0.291493272
1554788498110,12.653,121.2,0.00574,0.419,0.291493272
1554788498156,12.699,121.2,0.00574,0.419,0.291493272
1554788498202,12.745,121.2,0.00574,0.419,0.291493272
1554788498263,12.806,121.2,0.00576,0.419,0.292508928
1554788498309,12.852,121.2,0.00576,0.419,0.292508928
1554788498355,12.898,121.2,0.00576,0.419,0.292508928
1554788498402,12.945,121.2,0.00576,0.419,0.292508928
1554788498464,13.007,121.2,0.00571,0.422,0.292045944
1554788498510,13.053,121.2,0.00571,0.422,0.292045944
1554788498556,13.099,121.2,0.00571,0.422,0.292045944
1554788498602,13.145,121.2,0.00571,0.422,0.292045944
1554788498664,13.207,121.2,0.00574,0.422,0.293580336
1554788498710,13.253,121.2,0.00574,0.422,0.293580336
1554788498756,13.299,121.2,0.00574,0.422,0.293580336
1554788498803,13.346,121.2,0.00574,0.422,0.293580336
1554788498864,13.407,121.1,0.00572,0.422,0.292316024
1554788498910,13.453,121.1,0.00572,0.422,0.292316024
1554788498956,13.499,121.1,0.00572,0.422,0.292316024
1554788499002,13.545,121.1,0.00572,0.422,0.292316024
1554788499064,13.607,121.2,0.00577,0.42,0.29371608
1554788499110,13.654,121.2,0.00577,0.42,0.29371608
1554788499157,13.7,121.2,0.00577,0.42,0.29371608
1554788499203,13.746,121.2,0.00577,0.42,0.29371608
1554788499264,13.807,121.2,0.00579,0.421,0.295435908
1554788499310,13.853,121.2,0.00579,0.421,0.295435908
1554788499356,13.899,121.2,0.00579,0.421,0.295435908
1554788499402,13.945,121.2,0.00579,0.421,0.295435908
1554788499463,14.006,121.2,0.0058,0.422,0.29664912
1554788499509,14.053,121.2,0.0058,0.422,0.29664912
1554788499555,14.099,121.2,0.0058,0.422,0.29664912
1554788499602,14.145,121.2,0.0058,0.422,0.29664912
1554788499664,14.207,121.2,0.00578,0.422,0.295626192
1554788499710,14.253,121.2,0.00578,0.422,0.295626192
1554788499756,14.299,121.2,0.00578,0.422,0.295626192
1554788499802,14.345,121.2,0.00578,0.422,0.295626192
1554788499863,14.406,121.2,0.00577,0.421,0.294415404
1554788499909,14.452,121.2,0.00577,0.421,0.294415404
1554788499955,14.498,121.2,0.00577,0.421,0.294415404
1554788500001,14.544,121.2,0.00577,0.421,0.294415404
1554788500064,14.607,121.2,0.00578,0.423,0.296326728
1554788500110,14.653,121.2,0.00578,0.423,0.296326728
1554788500156,14.699,121.2,0.00578,0.423,0.296326728
1554788500202,14.745,121.2,0.00578,0.423,0.296326728
1554788500263,14.806,121.2,0.00582,0.42,0.29626128
1554788500309,14.852,121.2,0.00582,0.42,0.29626128
1554788500356,14.899,121.2,0.00582,0.42,0.29626128
1554788500402,14.945,121.2,0.00582,0.42,0.29626128
1554788500464,15.007,121.2,0.00579,0.423,0.296839404
1554788500510,15.053,121.2,0.00579,0.423,0.296839404
1554788500556,15.099,121.2,0.00579,0.423,0.296839404
1554788500602,15.145,121.2,0.00579,0.423,0.296839404
1554788500663,15.206,121.2,0.00581,0.419,0.295048068
1554788500709,15.252,121.2,0.00581,0.419,0.295048068
1554788500755,15.298,121.2,0.00581,0.419,0.295048068
1554788500801,15.344,121.2,0.00581,0.419,0.295048068
1554788500864,15.407,121.2,0.0058,0.418,0.29383728
1554788500910,15.453,121.2,0.0058,0.418,0.29383728
1554788500956,15.499,121.2,0.0058,0.418,0.29383728
1554788501002,15.545,121.2,0.0058,0.418,0.29383728
1554788501064,15.607,121.2,0.00577,0.418,0.292317432
1554788501110,15.653,121.2,0.00577,0.418,0.292317432
1554788501156,15.699,121.2,0.00577,0.418,0.292317432
1554788501202,15.745,121.2,0.00577,0.418,0.292317432
1554788501263,15.806,121.2,0.00574,0.423,0.294276024
1554788501309,15.852,121.2,0.00574,0.423,0.294276024
1554788501355,15.898,121.2,0.00574,0.423,0.294276024
1554788501401,15.944,121.2,0.00574,0.423,0.294276024
1554788501463,16.006,121.2,0.00572,0.422,0.292557408
1554788501510,16.053,121.2,0.00572,0.422,0.292557408
1554788501556,16.099,121.2,0.00572,0.422,0.292557408
1554788501602,16.145,121.2,0.00572,0.422,0.292557408
1554788501664,16.207,121.2,0.00573,0.421,0.292374396
1554788501710,16.253,121.2,0.00573,0.421,0.292374396
1554788501756,16.299,121.2,0.00573,0.421,0.292374396
1554788501803,16.346,121.2,0.00573,0.421,0.292374396
1554788501864,16.407,121.2,0.00573,0.416,0.288902016
1554788501910,16.453,121.2,0.00573,0.416,0.288902016
1554788501956,16.499,121.2,0.00573,0.416,0.288902016
1554788502002,16.545,121.2,0.00573,0.416,0.288902016
1554788502063,16.606,121.1,0.00575,0.42,0.2924565
1554788502109,16.652,121.1,0.00575,0.42,0.2924565
1554788502155,16.698,121.1,0.00575,0.42,0.2924565
1554788502201,16.744,121.1,0.00575,0.42,0.2924565
1554788502264,16.807,121.2,0.00578,0.419,0.293524584
1554788502310,16.853,121.2,0.00578,0.419,0.293524584
1554788502356,16.899,121.2,0.00578,0.419,0.293524584
1554788502402,16.945,121.2,0.00578,0.419,0.293524584
1554788502463,17.006,121.2,0.00574,0.421,0.292884648
1554788502509,17.052,121.2,0.00574,0.421,0.292884648
1554788502555,17.098,121.2,0.00574,0.421,0.292884648
1554788502602,17.145,121.2,0.00574,0.421,0.292884648
1554788502664,17.207,121.2,0.00576,0.421,0.293905152
1554788502710,17.253,121.2,0.00576,0.421,0.293905152
1554788502757,17.3,121.2,0.00576,0.421,0.293905152
1554788502803,17.346,121.2,0.00576,0.421,0.293905152
1554788502863,17.406,121.2,0.00576,0.42,0.29320704
1554788502909,17.452,121.2,0.00576,0.42,0.29320704
1554788502955,17.498,121.2,0.00576,0.42,0.29320704
1554788503001,17.544,121.2,0.00576,0.42,0.29320704
1554788503064,17.607,121.1,0.00579,0.42,0.29449098
1554788503110,17.653,121.1,0.00579,0.42,0.29449098
1554788503156,17.699,121.1,0.00579,0.42,0.29449098
1554788503202,17.745,121.1,0.00579,0.42,0.29449098
1554788503263,17.806,121.2,0.00578,0.423,0.296326728
1554788503309,17.852,121.2,0.00578,0.423,0.296326728
1554788503355,17.898,121.2,0.00578,0.423,0.296326728
1554788503401,17.944,121.2,0.00578,0.423,0.296326728
1554788503464,18.007,121.2,0.00579,0.422,0.296137656
1554788503510,18.053,121.2,0.00579,0.422,0.296137656
1554788503556,18.099,121.2,0.00579,0.422,0.296137656
1554788503602,18.145,121.2,0.00579,0.422,0.296137656
1554788503663,18.206,121.2,0.00582,0.42,0.29626128
1554788503709,18.252,121.2,0.00582,0.42,0.29626128
1554788503755,18.298,121.2,0.00582,0.42,0.29626128
1554788503801,18.344,121.2,0.00582,0.42,0.29626128
1554788503864,18.407,121.2,0.00576,0.422,0.294603264
1554788503910,18.453,121.2,0.00576,0.422,0.294603264
1554788503956,18.499,121.2,0.00576,0.422,0.294603264
1554788504002,18.545,121.2,0.00576,0.422,0.294603264
1554788504063,18.606,121.2,0.00578,0.426,0.298428336
1554788504109,18.652,121.2,0.00578,0.426,0.298428336
1554788504155,18.698,121.2,0.00578,0.426,0.298428336
1554788504201,18.744,121.2,0.00578,0.426,0.298428336
1554788504263,18.806,121.2,0.00579,0.424,0.297541152
1554788504309,18.852,121.2,0.00579,0.424,0.297541152
1554788504355,18.898,121.2,0.00579,0.424,0.297541152
1554788504402,18.945,121.2,0.00579,0.424,0.297541152
1554788504463,19.006,121.2,0.00579,0.421,0.295435908
1554788504508,19.051,121.2,0.00579,0.421,0.295435908
1554788504555,19.098,121.2,0.00579,0.421,0.295435908
1554788504601,19.144,121.2,0.00579,0.421,0.295435908
1554788504663,19.206,121.2,0.00579,0.422,0.296137656
1554788504709,19.252,121.2,0.00579,0.422,0.296137656
1554788504755,19.298,121.2,0.00579,0.422,0.296137656
1554788504801,19.344,121.2,0.00579,0.422,0.296137656
1554788504864,19.407,121.2,0.00574,0.421,0.292884648
1554788504910,19.453,121.2,0.00574,0.421,0.292884648
1554788504956,19.499,121.2,0.00574,0.421,0.292884648
1554788505002,19.545,121.2,0.00574,0.421,0.292884648
1554788505063,19.606,121.2,0.00575,0.424,0.2954856
1554788505109,19.652,121.2,0.00575,0.424,0.2954856
1554788505155,19.698,121.2,0.00575,0.424,0.2954856
1554788505201,19.744,121.2,0.00575,0.424,0.2954856
1554788505264,19.807,121.2,0.00573,0.423,0.293763348
1554788505310,19.853,121.2,0.00573,0.423,0.293763348
1554788505356,19.899,121.2,0.00573,0.423,0.293763348
1554788505402,19.945,121.2,0.00573,0.423,0.293763348
1554788505463,20.006,121.2,0.00572,0.423,0.293250672
1554788505510,20.053,121.2,0.00572,0.423,0.293250672
1554788505556,20.099,121.2,0.00572,0.423,0.293250672
1554788505602,20.145,121.2,0.00572,0.423,0.293250672
1554788505663,20.206,121.2,0.00574,0.421,0.292884648
1554788505709,20.252,121.2,0.00574,0.421,0.292884648
1554788505755,20.298,121.2,0.00574,0.421,0.292884648
1554788505801,20.344,121.2,0.00574,0.421,0.292884648
1554788505863,20.406,121.2,0.00575,0.419,0.2920011
1554788505910,20.453,121.2,0.00575,0.419,0.2920011
1554788505956,20.499,121.2,0.00575,0.419,0.2920011
1554788506002,20.545,121.2,0.00575,0.419,0.2920011
1554788506063,20.606,121.2,0.00574,0.417,0.290101896
1554788506109,20.652,121.2,0.00574,0.417,0.290101896
1554788506155,20.698,121.2,0.00574,0.417,0.290101896
1554788506201,20.744,121.2,0.00574,0.417,0.290101896
1554788506263,20.806,121.2,0.00576,0.419,0.292508928
1554788506309,20.852,121.2,0.00576,0.419,0.292508928
1554788506355,20.898,121.2,0.00576,0.419,0.292508928
1554788506402,20.945,121.2,0.00576,0.419,0.292508928
1554788506463,21.006,121.2,0.00575,0.421,0.2933949
1554788506508,21.051,121.2,0.00575,0.421,0.2933949
1554788506555,21.098,121.2,0.00575,0.421,0.2933949
1554788506601,21.144,121.2,0.00575,0.421,0.2933949
1554788506663,21.206,121.2,0.00576,0.421,0.293905152
1554788506709,21.252,121.2,0.00576,0.421,0.293905152
1554788506755,21.298,121.2,0.00576,0.421,0.293905152
1554788506801,21.344,121.2,0.00576,0.421,0.293905152
1554788506863,21.406,121.2,0.00576,0.42,0.29320704
1554788506908,21.451,121.2,0.00576,0.42,0.29320704
1554788506955,21.498,121.2,0.00576,0.42,0.29320704
1554788507001,21.544,121.2,0.00576,0.42,0.29320704
1554788507063,21.606,121.1,0.00579,0.42,0.29449098
1554788507109,21.652,121.1,0.00579,0.42,0.29449098
1554788507155,21.698,121.1,0.00579,0.42,0.29449098
1554788507201,21.744,121.1,0.00579,0.42,0.29449098
1554788507263,21.806,121.1,0.0058,0.42,0.2949996
1554788507309,21.852,121.1,0.0058,0.42,0.2949996
1554788507355,21.898,121.1,0.0058,0.42,0.2949996
1554788507402,21.945,121.1,0.0058,0.42,0.2949996
1554788507463,22.006,121.2,0.0058,0.421,0.29594616
1554788507508,22.051,121.2,0.0058,0.421,0.29594616
1554788507555,22.098,121.2,0.0058,0.421,0.29594616
1554788507601,22.144,121.2,0.0058,0.421,0.29594616
1554788507663,22.206,121.2,0.0058,0.421,0.29594616
1554788507709,22.252,121.2,0.0058,0.421,0.29594616
1554788507755,22.298,121.2,0.0058,0.421,0.29594616
1554788507801,22.344,121.2,0.0058,0.421,0.29594616
1554788507863,22.406,121.2,0.00579,0.423,0.296839404
1554788507908,22.451,121.2,0.00579,0.423,0.296839404
1554788507954,22.497,121.2,0.00579,0.423,0.296839404
1554788508000,22.544,121.2,0.00579,0.423,0.296839404
1554788508063,22.606,121.1,0.00581,0.423,0.297618993
1554788508109,22.652,121.1,0.00581,0.423,0.297618993
1554788508155,22.698,121.1,0.00581,0.423,0.297618993
1554788508200,22.744,121.1,0.00581,0.423,0.297618993
1554788508263,22.806,121.1,0.00582,0.42,0.29601684
1554788508309,22.852,121.1,0.00582,0.42,0.29601684
1554788508355,22.898,121.1,0.00582,0.42,0.29601684
1554788508401,22.944,121.1,0.00582,0.42,0.29601684
1554788508462,23.005,121.2,0.00582,0.423,0.298377432
1554788508508,23.051,121.2,0.00582,0.423,0.298377432
1554788508554,23.097,121.2,0.00582,0.423,0.298377432
1554788508600,23.143,121.2,0.00582,0.423,0.298377432
1554788508663,23.206,121.2,0.00581,0.419,0.295048068
1554788508709,23.252,121.2,0.00581,0.419,0.295048068
1554788508755,23.298,121.2,0.00581,0.419,0.295048068
1554788508801,23.344,121.2,0.00581,0.419,0.295048068
1554788508862,23.405,121.2,0.00574,0.421,0.292884648
1554788508908,23.451,121.2,0.00574,0.421,0.292884648
1554788508955,23.498,121.2,0.00574,0.421,0.292884648
1554788509000,23.543,121.2,0.00574,0.421,0.292884648
1554788509063,23.606,121.2,0.00576,0.424,0.295999488
1554788509109,23.652,121.2,0.00576,0.424,0.295999488
1554788509155,23.698,121.2,0.00576,0.424,0.295999488
1554788509201,23.744,121.2,0.00576,0.424,0.295999488
1554788509262,23.805,121.2,0.00573,0.424,0.294457824
1554788509308,23.851,121.2,0.00573,0.424,0.294457824
1554788509354,23.897,121.2,0.00573,0.424,0.294457824
1554788509400,23.944,121.2,0.00573,0.424,0.294457824
1554788509463,24.006,121.2,0.00575,0.422,0.2940918
1554788509509,24.052,121.2,0.00575,0.422,0.2940918
1554788509555,24.098,121.2,0.00575,0.422,0.2940918
1554788509601,24.144,121.2,0.00575,0.422,0.2940918
1554788509662,24.205,121.2,0.0057,0.422,0.29153448
1554788509709,24.252,121.2,0.0057,0.422,0.29153448
1554788509755,24.298,121.2,0.0057,0.422,0.29153448
1554788509801,24.344,121.2,0.0057,0.422,0.29153448
1554788509863,24.406,121.2,0.00569,0.422,0.291023016
1554788509909,24.452,121.2,0.00569,0.422,0.291023016
1554788509955,24.498,121.2,0.00569,0.422,0.291023016
1554788510001,24.544,121.2,0.00569,0.422,0.291023016
1554788510062,24.605,121.2,0.00569,0.423,0.291712644
1554788510108,24.651,121.2,0.00569,0.423,0.291712644
1554788510155,24.698,121.2,0.00569,0.423,0.291712644
1554788510201,24.744,121.2,0.00569,0.423,0.291712644
1554788510263,24.806,121.1,0.00572,0.423,0.293008716
1554788510309,24.852,121.1,0.00572,0.423,0.293008716
1554788510355,24.898,121.1,0.00572,0.423,0.293008716
1554788510401,24.944,121.1,0.00572,0.423,0.293008716
1554788510462,25.005,121.2,0.00573,0.423,0.293763348
1554788510508,25.051,121.2,0.00573,0.423,0.293763348
1554788510554,25.097,121.2,0.00573,0.423,0.293763348
1554788510600,25.143,121.2,0.00573,0.423,0.293763348
1554788510663,25.206,121.2,0.00573,0.423,0.293763348
1554788510709,25.252,121.2,0.00573,0.423,0.293763348
1554788510755,25.298,121.2,0.00573,0.423,0.293763348
1554788510801,25.344,121.2,0.00573,0.423,0.293763348
1554788510862,25.405,121.2,0.00575,0.42,0.292698
1554788510908,25.451,121.2,0.00575,0.42,0.292698
1554788510954,25.497,121.2,0.00575,0.42,0.292698
1554788511000,25.543,121.2,0.00575,0.42,0.292698
1554788511063,25.606,121.1,0.00578,0.42,0.29398236
1554788511109,25.652,121.1,0.00578,0.42,0.29398236
1554788511155,25.698,121.1,0.00578,0.42,0.29398236
1554788511201,25.744,121.1,0.00578,0.42,0.29398236
1554788511262,25.805,121.1,0.00576,0.421,0.293662656
1554788511308,25.851,121.1,0.00576,0.421,0.293662656
1554788511354,25.897,121.1,0.00576,0.421,0.293662656
1554788511400,25.943,121.1,0.00576,0.421,0.293662656
1554788511462,26.005,121.1,0.00578,0.423,0.296082234
1554788511508,26.051,121.1,0.00578,0.423,0.296082234
1554788511554,26.097,121.1,0.00578,0.423,0.296082234
1554788511600,26.143,121.1,0.00578,0.423,0.296082234
1554788511663,26.206,121.2,0.00581,0.423,0.297864756
1554788511709,26.252,121.2,0.00581,0.423,0.297864756
1554788511755,26.298,121.2,0.00581,0.423,0.297864756
1554788511801,26.344,121.2,0.00581,0.423,0.297864756
1554788511862,26.405,121.2,0.0058,0.423,0.29735208
1554788511908,26.452,121.2,0.0058,0.423,0.29735208
1554788511955,26.498,121.2,0.0058,0.423,0.29735208
1554788512001,26.544,121.2,0.0058,0.423,0.29735208
1554788512063,26.606,121.2,0.00582,0.42,0.29626128
1554788512109,26.652,121.2,0.00582,0.42,0.29626128
1554788512155,26.698,121.2,0.00582,0.42,0.29626128
1554788512201,26.745,121.2,0.00582,0.42,0.29626128
1554788512262,26.806,121.2,0.00582,0.422,0.297672048
1554788512309,26.852,121.2,0.00582,0.422,0.297672048
1554788512355,26.898,121.2,0.00582,0.422,0.297672048
1554788512401,26.944,121.2,0.00582,0.422,0.297672048
1554788512462,27.005,121.2,0.00581,0.421,0.296456412
1554788512508,27.051,121.2,0.00581,0.421,0.296456412
1554788512554,27.097,121.2,0.00581,0.421,0.296456412
1554788512600,27.143,121.2,0.00581,0.421,0.296456412
1554788512662,27.206,121.2,0.00581,0.42,0.29575224
1554788512709,27.252,121.2,0.00581,0.42,0.29575224
1554788512755,27.298,121.2,0.00581,0.42,0.29575224
1554788512801,27.344,121.2,0.00581,0.42,0.29575224
1554788512862,27.405,121.2,0.00577,0.421,0.294415404
1554788512908,27.451,121.2,0.00577,0.421,0.294415404
1554788512954,27.497,121.2,0.00577,0.421,0.294415404
1554788513000,27.543,121.2,0.00577,0.421,0.294415404
1554788513062,27.606,121.2,0.00575,0.42,0.292698
1554788513108,27.652,121.2,0.00575,0.42,0.292698
1554788513155,27.698,121.2,0.00575,0.42,0.292698
1554788513201,27.744,121.2,0.00575,0.42,0.292698
1554788513262,27.805,121.2,0.00579,0.419,0.294032412
1554788513308,27.851,121.2,0.00579,0.419,0.294032412
1554788513354,27.897,121.2,0.00579,0.419,0.294032412
1554788513400,27.943,121.2,0.00579,0.419,0.294032412
1554788513463,28.006,121.2,0.00578,0.42,0.29422512
1554788513509,28.052,121.2,0.00578,0.42,0.29422512
1554788513555,28.098,121.2,0.00578,0.42,0.29422512
1554788513601,28.144,121.2,0.00578,0.42,0.29422512
1554788513662,28.206,121.2,0.00572,0.421,0.291864144
1554788513709,28.252,121.2,0.00572,0.421,0.291864144
1554788513755,28.298,121.2,0.00572,0.421,0.291864144
1554788513801,28.344,121.2,0.00572,0.421,0.291864144
1554788513862,28.405,121.2,0.00572,0.422,0.292557408
1554788513908,28.451,121.2,0.00572,0.422,0.292557408
1554788513954,28.497,121.2,0.00572,0.422,0.292557408
1554788514000,28.543,121.2,0.00572,0.422,0.292557408
1554788514062,28.606,121.2,0.00572,0.42,0.29117088
1554788514109,28.652,121.2,0.00572,0.42,0.29117088
1554788514155,28.698,121.2,0.00572,0.42,0.29117088
1554788514201,28.744,121.2,0.00572,0.42,0.29117088
1554788514262,28.805,121.2,0.00574,0.421,0.292884648
1554788514308,28.851,121.2,0.00574,0.421,0.292884648
1554788514354,28.897,121.2,0.00574,0.421,0.292884648
1554788514400,28.944,121.2,0.00574,0.421,0.292884648
1554788514462,29.005,121.2,0.00575,0.423,0.2947887
1554788514508,29.051,121.2,0.00575,0.423,0.2947887
1554788514554,29.097,121.2,0.00575,0.423,0.2947887
1554788514600,29.143,121.2,0.00575,0.423,0.2947887
1554788514662,29.205,121.2,0.00573,0.423,0.293763348
1554788514708,29.251,121.2,0.00573,0.423,0.293763348
1554788514754,29.297,121.2,0.00573,0.423,0.293763348
1554788514800,29.344,121.2,0.00573,0.423,0.293763348
1554788514862,29.405,121.2,0.00574,0.423,0.294276024
1554788514907,29.451,121.2,0.00574,0.423,0.294276024
1554788514954,29.497,121.2,0.00574,0.423,0.294276024
1554788515000,29.543,121.2,0.00574,0.423,0.294276024
1554788515062,29.605,121.2,0.00574,0.423,0.294276024
1554788515108,29.652,121.2,0.00574,0.423,0.294276024
1554788515155,29.698,121.2,0.00574,0.423,0.294276024
1554788515201,29.744,121.2,0.00574,0.423,0.294276024
1554788515262,29.805,121.2,0.00577,0.424,0.296513376
1554788515308,29.851,121.2,0.00577,0.424,0.296513376
1554788515354,29.897,121.2,0.00577,0.424,0.296513376
1554788515400,29.943,121.2,0.00577,0.424,0.296513376
1554788515462,30.005,121.2,0.00578,0.424,0.297027264
1554788515508,30.051,121.2,0.00578,0.424,0.297027264
1554788515554,30.098,121.2,0.00578,0.424,0.297027264
1554788515601,30.144,121.2,0.00578,0.424,0.297027264
1554788515662,30.205,121.2,0.00582,0.419,0.295555896
1554788515708,30.251,121.2,0.00582,0.419,0.295555896
1554788515754,30.297,121.2,0.00582,0.419,0.295555896
1554788515800,30.343,121.2,0.00582,0.419,0.295555896
1554788515863,30.406,121.2,0.00577,0.424,0.296513376
1554788515909,30.452,121.2,0.00577,0.424,0.296513376
1554788515955,30.498,121.2,0.00577,0.424,0.296513376
1554788516001,30.544,121.2,0.00577,0.424,0.296513376
1554788516062,30.605,121.2,0.00576,0.424,0.295999488
1554788516108,30.651,121.2,0.00576,0.424,0.295999488
1554788516154,30.697,121.2,0.00576,0.424,0.295999488
1554788516200,30.743,121.2,0.00576,0.424,0.295999488
1554788516262,30.805,121.2,0.00581,0.423,0.297864756
1554788516307,30.85,121.2,0.00581,0.423,0.297864756
1554788516353,30.897,121.2,0.00581,0.423,0.297864756
1554788516400,30.943,121.2,0.00581,0.423,0.297864756
1554788516462,31.005,121.2,0.00576,0.425,0.2966976
1554788516508,31.051,121.2,0.00576,0.425,0.2966976
1554788516554,31.097,121.2,0.00576,0.425,0.2966976
1554788516600,31.143,121.2,0.00576,0.425,0.2966976
1554788516662,31.205,121.2,0.00578,0.422,0.295626192
1554788516708,31.251,121.2,0.00578,0.422,0.295626192
1554788516754,31.297,121.2,0.00578,0.422,0.295626192
1554788516800,31.343,121.2,0.00578,0.422,0.295626192
1554788516862,31.406,121.2,0.00573,0.424,0.294457824
1554788516909,31.452,121.2,0.00573,0.424,0.294457824
1554788516955,31.498,121.2,0.00573,0.424,0.294457824
1554788517001,31.544,121.2,0.00573,0.424,0.294457824
1554788517062,31.605,121.2,0.00573,0.423,0.293763348
1554788517108,31.651,121.2,0.00573,0.423,0.293763348
1554788517154,31.697,121.2,0.00573,0.423,0.293763348
1554788517200,31.743,121.2,0.00573,0.423,0.293763348
1554788517261,31.804,121.2,0.00576,0.421,0.293905152
1554788517307,31.85,121.2,0.00576,0.421,0.293905152
1554788517353,31.896,121.2,0.00576,0.421,0.293905152
1554788517399,31.942,121.2,0.00576,0.421,0.293905152
1554788517461,32.005,121.2,0.00576,0.421,0.293905152
1554788517508,32.051,121.2,0.00576,0.421,0.293905152
1554788517554,32.097,121.2,0.00576,0.421,0.293905152
1554788517600,32.143,121.2,0.00576,0.421,0.293905152
1554788517662,32.205,121.2,0.00574,0.419,0.291493272
1554788517708,32.251,121.2,0.00574,0.419,0.291493272
1554788517754,32.297,121.2,0.00574,0.419,0.291493272
1554788517800,32.343,121.2,0.00574,0.419,0.291493272
1554788517861,32.405,121.2,0.00574,0.42,0.29218896
1554788517907,32.45,121.2,0.00574,0.42,0.29218896
1554788517953,32.496,121.2,0.00574,0.42,0.29218896
1554788518000,32.543,121.2,0.00574,0.42,0.29218896
1554788518062,32.605,121.2,0.00576,0.419,0.292508928
1554788518108,32.651,121.2,0.00576,0.419,0.292508928
1554788518154,32.697,121.2,0.00576,0.419,0.292508928
1554788518200,32.743,121.2,0.00576,0.419,0.292508928
1554788518262,32.805,121.2,0.00575,0.42,0.292698
1554788518308,32.851,121.2,0.00575,0.42,0.292698
1554788518354,32.897,121.2,0.00575,0.42,0.292698
1554788518400,32.943,121.2,0.00575,0.42,0.292698
1554788518461,33.004,121.2,0.00575,0.419,0.2920011
1554788518507,33.05,121.2,0.00575,0.419,0.2920011
1554788518553,33.096,121.2,0.00575,0.419,0.2920011
1554788518599,33.143,121.2,0.00575,0.419,0.2920011
1554788518662,33.205,121.2,0.00575,0.421,0.2933949
1554788518708,33.251,121.2,0.00575,0.421,0.2933949
1554788518754,33.297,121.2,0.00575,0.421,0.2933949
1554788518800,33.343,121.2,0.00575,0.421,0.2933949
1554788518861,33.404,121.2,0.00573,0.421,0.292374396
1554788518907,33.45,121.2,0.00573,0.421,0.292374396
1554788518953,33.496,121.2,0.00573,0.421,0.292374396
1554788518999,33.542,121.2,0.00573,0.421,0.292374396
1554788519062,33.605,121.2,0.00576,0.421,0.293905152
1554788519108,33.651,121.2,0.00576,0.421,0.293905152
1554788519154,33.697,121.2,0.00576,0.421,0.293905152
1554788519200,33.743,121.2,0.00576,0.421,0.293905152
1554788519261,33.804,121.2,0.00581,0.419,0.295048068
1554788519307,33.85,121.2,0.00581,0.419,0.295048068
1554788519353,33.896,121.2,0.00581,0.419,0.295048068
1554788519399,33.942,121.2,0.00581,0.419,0.295048068
1554788519462,34.005,121.2,0.00582,0.422,0.297672048
1554788519508,34.051,121.2,0.00582,0.422,0.297672048
1554788519554,34.097,121.2,0.00582,0.422,0.297672048
1554788519600,34.143,121.2,0.00582,0.422,0.297672048
1554788519661,34.204,121.2,0.0058,0.422,0.29664912
1554788519707,34.25,121.2,0.0058,0.422,0.29664912
1554788519753,34.296,121.2,0.0058,0.422,0.29664912
1554788519799,34.342,121.2,0.0058,0.422,0.29664912
1554788519862,34.405,121.2,0.0058,0.418,0.29383728
1554788519908,34.451,121.2,0.0058,0.418,0.29383728
1554788519954,34.497,121.2,0.0058,0.418,0.29383728
1554788520000,34.543,121.2,0.0058,0.418,0.29383728
1554788520061,34.604,121.2,0.00582,0.422,0.297672048
1554788520107,34.65,121.2,0.00582,0.422,0.297672048
1554788520153,34.696,121.2,0.00582,0.422,0.297672048
1554788520199,34.742,121.2,0.00582,0.422,0.297672048
1554788520262,34.805,121.1,0.00584,0.418,0.295619632
1554788520308,34.851,121.1,0.00584,0.418,0.295619632
1554788520354,34.897,121.1,0.00584,0.418,0.295619632
1554788520400,34.943,121.1,0.00584,0.418,0.295619632
1554788520461,35.004,121.2,0.00581,0.421,0.296456412
1554788520507,35.05,121.2,0.00581,0.421,0.296456412
1554788520553,35.096,121.2,0.00581,0.421,0.296456412
1554788520599,35.142,121.2,0.00581,0.421,0.296456412
1554788520662,35.205,121.2,0.00579,0.421,0.295435908
1554788520708,35.251,121.2,0.00579,0.421,0.295435908
1554788520754,35.297,121.2,0.00579,0.421,0.295435908
1554788520800,35.343,121.2,0.00579,0.421,0.295435908
1554788520861,35.404,121.2,0.00575,0.422,0.2940918
1554788520907,35.45,121.2,0.00575,0.422,0.2940918
1554788520953,35.496,121.2,0.00575,0.422,0.2940918
1554788520999,35.542,121.2,0.00575,0.422,0.2940918
1554788521061,35.604,121.2,0.00573,0.421,0.292374396
1554788521107,35.65,121.2,0.00573,0.421,0.292374396
1554788521153,35.696,121.2,0.00573,0.421,0.292374396
1554788521199,35.742,121.2,0.00573,0.421,0.292374396
1554788521262,35.805,121.2,0.00575,0.42,0.292698
1554788521308,35.851,121.2,0.00575,0.42,0.292698
1554788521354,35.897,121.2,0.00575,0.42,0.292698
1554788521400,35.943,121.2,0.00575,0.42,0.292698
1554788521461,36.004,121.2,0.00575,0.421,0.2933949
1554788521507,36.05,121.2,0.00575,0.421,0.2933949
1554788521553,36.096,121.2,0.00575,0.421,0.2933949
1554788521599,36.142,121.2,0.00575,0.421,0.2933949
1554788521661,36.204,121.2,0.00572,0.423,0.293250672
1554788521707,36.25,121.2,0.00572,0.423,0.293250672
1554788521753,36.296,121.2,0.00572,0.423,0.293250672
1554788521799,36.342,121.2,0.00572,0.423,0.293250672
1554788521862,36.405,121.2,0.00573,0.421,0.292374396
1554788521908,36.451,121.2,0.00573,0.421,0.292374396
1554788521954,36.497,121.2,0.00573,0.421,0.292374396
1554788522001,36.544,121.2,0.00573,0.421,0.292374396
1554788522062,36.605,121.2,0.0057,0.421,0.29084364
1554788522108,36.651,121.2,0.0057,0.421,0.29084364
1554788522154,36.697,121.2,0.0057,0.421,0.29084364
1554788522200,36.743,121.2,0.0057,0.421,0.29084364
1554788522261,36.804,121.2,0.00573,0.422,0.293068872
1554788522307,36.85,121.2,0.00573,0.422,0.293068872
1554788522353,36.896,121.2,0.00573,0.422,0.293068872
1554788522400,36.943,121.2,0.00573,0.422,0.293068872
1554788522461,37.004,121.2,0.00573,0.423,0.293763348
1554788522507,37.05,121.2,0.00573,0.423,0.293763348
1554788522553,37.096,121.2,0.00573,0.423,0.293763348
1554788522599,37.142,121.2,0.00573,0.423,0.293763348
1554788522661,37.204,121.2,0.00575,0.421,0.2933949
1554788522707,37.25,121.2,0.00575,0.421,0.2933949
1554788522754,37.297,121.2,0.00575,0.421,0.2933949
1554788522800,37.343,121.2,0.00575,0.421,0.2933949
1554788522861,37.404,121.2,0.00575,0.419,0.2920011
1554788522907,37.45,121.2,0.00575,0.419,0.2920011
1554788522953,37.496,121.2,0.00575,0.419,0.2920011
1554788522999,37.542,121.2,0.00575,0.419,0.2920011
1554788523061,37.604,121.2,0.00575,0.421,0.2933949
1554788523107,37.65,121.2,0.00575,0.421,0.2933949
1554788523153,37.696,121.2,0.00575,0.421,0.2933949
1554788523200,37.743,121.2,0.00575,0.421,0.2933949
1554788523262,37.805,121.2,0.00578,0.422,0.295626192
1554788523308,37.851,121.2,0.00578,0.422,0.295626192
1554788523354,37.897,121.2,0.00578,0.422,0.295626192
1554788523400,37.943,121.2,0.00578,0.422,0.295626192
1554788523461,38.004,121.2,0.0058,0.422,0.29664912
1554788523507,38.05,121.2,0.0058,0.422,0.29664912
1554788523553,38.096,121.2,0.0058,0.422,0.29664912
1554788523600,38.143,121.2,0.0058,0.422,0.29664912
1554788523661,38.204,121.2,0.0058,0.423,0.29735208
1554788523707,38.25,121.2,0.0058,0.423,0.29735208
1554788523753,38.296,121.2,0.0058,0.423,0.29735208
1554788523799,38.342,121.2,0.0058,0.423,0.29735208
1554788523861,38.404,121.2,0.00581,0.422,0.297160584
1554788523907,38.45,121.2,0.00581,0.422,0.297160584
1554788523953,38.496,121.2,0.00581,0.422,0.297160584
1554788523999,38.542,121.2,0.00581,0.422,0.297160584
1554788524062,38.605,121.2,0.00579,0.42,0.29473416
1554788524108,38.651,121.2,0.00579,0.42,0.29473416
1554788524154,38.697,121.2,0.00579,0.42,0.29473416
1554788524200,38.743,121.2,0.00579,0.42,0.29473416
1554788524261,38.804,121.2,0.00582,0.419,0.295555896
1554788524307,38.85,121.2,0.00582,0.419,0.295555896
1554788524353,38.896,121.2,0.00582,0.419,0.295555896
1554788524399,38.942,121.2,0.00582,0.419,0.295555896
1554788524462,39.005,121.2,0.00582,0.422,0.297672048
1554788524508,39.051,121.2,0.00582,0.422,0.297672048
1554788524554,39.097,121.2,0.00582,0.422,0.297672048
1554788524600,39.143,121.2,0.00582,0.422,0.297672048
1554788524661,39.204,121.2,0.00581,0.421,0.296456412
1554788524707,39.25,121.2,0.00581,0.421,0.296456412
1554788524753,39.296,121.2,0.00581,0.421,0.296456412
1554788524799,39.342,121.2,0.00581,0.421,0.296456412
1554788524862,39.405,121.2,0.00577,0.422,0.295114728
1554788524908,39.451,121.2,0.00577,0.422,0.295114728
1554788524954,39.497,121.2,0.00577,0.422,0.295114728
1554788525000,39.543,121.2,0.00577,0.422,0.295114728
1554788525061,39.604,121.2,0.00576,0.42,0.29320704
1554788525107,39.65,121.2,0.00576,0.42,0.29320704
1554788525153,39.696,121.2,0.00576,0.42,0.29320704
1554788525199,39.742,121.2,0.00576,0.42,0.29320704
1554788525261,39.804,121.2,0.00577,0.419,0.293016756
1554788525307,39.85,121.2,0.00577,0.419,0.293016756
1554788525353,39.896,121.2,0.00577,0.419,0.293016756
1554788525399,39.942,121.2,0.00577,0.419,0.293016756
1554788525461,40.004,121.2,0.00575,0.421,0.2933949
1554788525508,40.051,121.2,0.00575,0.421,0.2933949
1554788525554,40.097,121.2,0.00575,0.421,0.2933949
1554788525600,40.143,121.2,0.00575,0.421,0.2933949
1554788525661,40.204,121.2,0.00573,0.422,0.293068872
1554788525707,40.25,121.2,0.00573,0.422,0.293068872
1554788525753,40.296,121.2,0.00573,0.422,0.293068872
1554788525799,40.342,121.2,0.00573,0.422,0.293068872
1554788525861,40.404,121.2,0.00573,0.422,0.293068872
1554788525907,40.45,121.2,0.00573,0.422,0.293068872
1554788525953,40.496,121.2,0.00573,0.422,0.293068872
1554788525999,40.542,121.2,0.00573,0.422,0.293068872
1554788526061,40.604,121.2,0.0057,0.422,0.29153448
1554788526107,40.65,121.2,0.0057,0.422,0.29153448
1554788526154,40.697,121.2,0.0057,0.422,0.29153448
1554788526200,40.743,121.2,0.0057,0.422,0.29153448
1554788526261,40.804,121.2,0.00573,0.422,0.293068872
1554788526307,40.85,121.2,0.00573,0.422,0.293068872
1554788526353,40.896,121.2,0.00573,0.422,0.293068872
1554788526399,40.942,121.2,0.00573,0.422,0.293068872
1554788526461,41.004,121.2,0.00575,0.422,0.2940918
1554788526507,41.05,121.2,0.00575,0.422,0.2940918
1554788526554,41.097,121.2,0.00575,0.422,0.2940918
1554788526600,41.143,121.2,0.00575,0.422,0.2940918
1554788526661,41.204,121.2,0.00574,0.423,0.294276024
1554788526707,41.25,121.2,0.00574,0.423,0.294276024
1554788526753,41.296,121.2,0.00574,0.423,0.294276024
1554788526799,41.342,121.2,0.00574,0.423,0.294276024
1554788526860,41.403,121.2,0.00576,0.422,0.294603264
1554788526906,41.449,121.2,0.00576,0.422,0.294603264
1554788526952,41.495,121.2,0.00576,0.422,0.294603264
1554788526998,41.541,121.2,0.00576,0.422,0.294603264
1554788527061,41.604,121.2,0.00573,0.422,0.293068872
1554788527107,41.65,121.2,0.00573,0.422,0.293068872
1554788527153,41.696,121.2,0.00573,0.422,0.293068872
1554788527199,41.742,121.2,0.00573,0.422,0.293068872
1554788527260,41.804,121.2,0.00575,0.423,0.2947887
1554788527306,41.849,121.2,0.00575,0.423,0.2947887
1554788527352,41.895,121.2,0.00575,0.423,0.2947887
1554788527398,41.941,121.2,0.00575,0.423,0.2947887
1554788527461,42.004,121.2,0.00579,0.424,0.297541152
1554788527507,42.05,121.2,0.00579,0.424,0.297541152
1554788527553,42.096,121.2,0.00579,0.424,0.297541152
1554788527599,42.142,121.2,0.00579,0.424,0.297541152
1554788527661,42.204,121.2,0.00581,0.42,0.29575224
1554788527707,42.25,121.2,0.00581,0.42,0.29575224
1554788527753,42.296,121.2,0.00581,0.42,0.29575224
1554788527799,42.342,121.2,0.00581,0.42,0.29575224
1554788527860,42.403,121.2,0.00583,0.423,0.298890108
1554788527907,42.45,121.2,0.00583,0.423,0.298890108
1554788527953,42.496,121.2,0.00583,0.423,0.298890108
1554788527999,42.542,121.2,0.00583,0.423,0.298890108
1554788528061,42.604,121.2,0.00578,0.424,0.297027264
1554788528107,42.65,121.2,0.00578,0.424,0.297027264
1554788528153,42.696,121.2,0.00578,0.424,0.297027264
1554788528199,42.742,121.2,0.00578,0.424,0.297027264
1554788528260,42.803,121.2,0.00575,0.425,0.2961825
1554788528306,42.849,121.2,0.00575,0.425,0.2961825
1554788528353,42.896,121.2,0.00575,0.425,0.2961825
1554788528399,42.942,121.2,0.00575,0.425,0.2961825
1554788528461,43.004,121.2,0.00576,0.424,0.295999488
1554788528507,43.05,121.2,0.00576,0.424,0.295999488
1554788528553,43.096,121.2,0.00576,0.424,0.295999488
1554788528599,43.142,121.2,0.00576,0.424,0.295999488
1554788528661,43.204,121.2,0.00578,0.422,0.295626192
1554788528707,43.25,121.2,0.00578,0.422,0.295626192
1554788528753,43.296,121.2,0.00578,0.422,0.295626192
1554788528799,43.342,121.2,0.00578,0.422,0.295626192
1554788528861,43.404,121.2,0.00578,0.42,0.29422512
1554788528907,43.45,121.2,0.00578,0.42,0.29422512
1554788528953,43.496,121.2,0.00578,0.42,0.29422512
1554788529000,43.543,121.2,0.00578,0.42,0.29422512
1554788529060,43.603,121.2,0.00575,0.421,0.2933949
1554788529107,43.65,121.2,0.00575,0.421,0.2933949
1554788529153,43.696,121.2,0.00575,0.421,0.2933949
1554788529199,43.742,121.2,0.00575,0.421,0.2933949
1554788529260,43.803,121.2,0.00573,0.423,0.293763348
1554788529306,43.849,121.2,0.00573,0.423,0.293763348
1554788529352,43.895,121.2,0.00573,0.423,0.293763348
1554788529398,43.941,121.2,0.00573,0.423,0.293763348
1554788529461,44.004,121.2,0.00573,0.422,0.293068872
1554788529507,44.05,121.2,0.00573,0.422,0.293068872
1554788529553,44.096,121.2,0.00573,0.422,0.293068872
1554788529599,44.142,121.2,0.00573,0.422,0.293068872
1554788529660,44.203,121.2,0.00574,0.423,0.294276024
1554788529706,44.249,121.2,0.00574,0.423,0.294276024
1554788529752,44.295,121.2,0.00574,0.423,0.294276024
1554788529798,44.341,121.2,0.00574,0.423,0.294276024
1554788529860,44.403,121.2,0.00573,0.42,0.29167992
1554788529907,44.45,121.2,0.00573,0.42,0.29167992
1554788529953,44.496,121.2,0.00573,0.42,0.29167992
1554788529999,44.542,121.2,0.00573,0.42,0.29167992
1554788530061,44.604,121.2,0.00575,0.42,0.292698
1554788530107,44.65,121.2,0.00575,0.42,0.292698
1554788530153,44.696,121.2,0.00575,0.42,0.292698
1554788530199,44.742,121.2,0.00575,0.42,0.292698
1554788530261,44.804,121.2,0.00574,0.42,0.29218896
1554788530307,44.85,121.2,0.00574,0.42,0.29218896
1554788530353,44.896,121.2,0.00574,0.42,0.29218896
1554788530399,44.942,121.2,0.00574,0.42,0.29218896
1554788530460,45.003,121.2,0.00572,0.423,0.293250672
1554788530506,45.049,121.2,0.00572,0.423,0.293250672
1554788530552,45.095,121.2,0.00572,0.423,0.293250672
1554788530599,45.142,121.2,0.00572,0.423,0.293250672
1554788530661,45.204,121.2,0.00573,0.424,0.294457824
1554788530707,45.25,121.2,0.00573,0.424,0.294457824
1554788530753,45.296,121.2,0.00573,0.424,0.294457824
1554788530799,45.342,121.2,0.00573,0.424,0.294457824
1554788530860,45.403,121.2,0.00573,0.424,0.294457824
1554788530906,45.449,121.2,0.00573,0.424,0.294457824
1554788530952,45.495,121.2,0.00573,0.424,0.294457824
1554788530999,45.542,121.2,0.00573,0.424,0.294457824
1554788531060,45.603,121.2,0.00575,0.421,0.2933949
1554788531106,45.649,121.2,0.00575,0.421,0.2933949
1554788531152,45.695,121.2,0.00575,0.421,0.2933949
1554788531198,45.741,121.2,0.00575,0.421,0.2933949
1554788531261,45.804,121.2,0.00577,0.419,0.293016756
1554788531307,45.85,121.2,0.00577,0.419,0.293016756
1554788531353,45.896,121.2,0.00577,0.419,0.293016756
1554788531399,45.942,121.2,0.00577,0.419,0.293016756
1554788531460,46.003,121.2,0.00581,0.422,0.297160584
1554788531506,46.049,121.2,0.00581,0.422,0.297160584
1554788531552,46.095,121.2,0.00581,0.422,0.297160584
1554788531599,46.142,121.2,0.00581,0.422,0.297160584
1554788531661,46.204,121.2,0.0058,0.422,0.29664912
1554788531707,46.25,121.2,0.0058,0.422,0.29664912
1554788531753,46.296,121.2,0.0058,0.422,0.29664912
1554788531799,46.342,121.2,0.0058,0.422,0.29664912
1554788531860,46.403,121.2,0.00579,0.424,0.297541152
1554788531906,46.449,121.2,0.00579,0.424,0.297541152
1554788531952,46.495,121.2,0.00579,0.424,0.297541152
1554788532002,46.545,121.2,0.00579,0.424,0.297541152
1554788532061,46.604,121.1,0.0058,0.423,0.29710674
1554788532107,46.65,121.1,0.0058,0.423,0.29710674
1554788532153,46.696,121.1,0.0058,0.423,0.29710674
1554788532199,46.742,121.1,0.0058,0.423,0.29710674
1554788532260,46.803,121.2,0.00578,0.423,0.296326728
1554788532306,46.849,121.2,0.00578,0.423,0.296326728
1554788532353,46.896,121.2,0.00578,0.423,0.296326728
1554788532399,46.942,121.2,0.00578,0.423,0.296326728
1554788532460,47.003,121.2,0.00579,0.423,0.296839404
1554788532506,47.049,121.2,0.00579,0.423,0.296839404
1554788532552,47.095,121.2,0.00579,0.423,0.296839404
1554788532598,47.141,121.2,0.00579,0.423,0.296839404
1554788532660,47.203,121.2,0.00581,0.421,0.296456412
1554788532706,47.249,121.2,0.00581,0.421,0.296456412
1554788532752,47.295,121.2,0.00581,0.421,0.296456412
1554788532798,47.341,121.2,0.00581,0.421,0.296456412
1554788532861,47.404,121.2,0.00578,0.421,0.294925656
1554788532907,47.45,121.2,0.00578,0.421,0.294925656
1554788532953,47.496,121.2,0.00578,0.421,0.294925656
1554788532999,47.542,121.2,0.00578,0.421,0.294925656
1554788533060,47.603,121.2,0.00572,0.421,0.291864144
1554788533106,47.649,121.2,0.00572,0.421,0.291864144
1554788533152,47.695,121.2,0.00572,0.421,0.291864144
1554788533198,47.741,121.2,0.00572,0.421,0.291864144
1554788533261,47.804,121.2,0.00569,0.423,0.291712644
1554788533307,47.85,121.2,0.00569,0.423,0.291712644
1554788533353,47.896,121.2,0.00569,0.423,0.291712644
1554788533399,47.942,121.2,0.00569,0.423,0.291712644
1554788533460,48.003,121.2,0.00575,0.422,0.2940918
1554788533506,48.049,121.2,0.00575,0.422,0.2940918
1554788533552,48.095,121.2,0.00575,0.422,0.2940918
1554788533599,48.142,121.2,0.00575,0.422,0.2940918
1554788533660,48.203,121.2,0.00575,0.422,0.2940918
1554788533705,48.248,121.2,0.00575,0.422,0.2940918
1554788533752,48.295,121.2,0.00575,0.422,0.2940918
1554788533798,48.341,121.2,0.00575,0.422,0.2940918
1554788533860,48.403,121.2,0.00573,0.421,0.292374396
1554788533906,48.449,121.2,0.00573,0.421,0.292374396
1554788533952,48.495,121.2,0.00573,0.421,0.292374396
1554788533998,48.541,121.2,0.00573,0.421,0.292374396
1554788534060,48.603,121.2,0.00571,0.42,0.29066184
1554788534107,48.65,121.2,0.00571,0.42,0.29066184
1554788534153,48.696,121.2,0.00571,0.42,0.29066184
1554788534199,48.742,121.2,0.00571,0.42,0.29066184
1554788534260,48.803,121.2,0.00571,0.419,0.289969788
1554788534306,48.849,121.2,0.00571,0.419,0.289969788
1554788534352,48.895,121.2,0.00571,0.419,0.289969788
1554788534399,48.942,121.2,0.00571,0.419,0.289969788
1554788534460,49.003,121.2,0.00576,0.418,0.291810816
1554788534506,49.049,121.2,0.00576,0.418,0.291810816
1554788534552,49.095,121.2,0.00576,0.418,0.291810816
1554788534598,49.141,121.2,0.00576,0.418,0.291810816
1554788534660,49.203,121.2,0.00578,0.418,0.292824048
1554788534706,49.249,121.2,0.00578,0.418,0.292824048
1554788534753,49.296,121.2,0.00578,0.418,0.292824048
1554788534799,49.342,121.2,0.00578,0.418,0.292824048
1554788534860,49.403,121.2,0.00576,0.423,0.295301376
1554788534905,49.448,121.2,0.00576,0.423,0.295301376
1554788534952,49.495,121.2,0.00576,0.423,0.295301376
1554788534998,49.541,121.2,0.00576,0.423,0.295301376
1554788535060,49.603,121.2,0.00581,0.421,0.296456412
1554788535106,49.649,121.2,0.00581,0.421,0.296456412
1554788535152,49.695,121.2,0.00581,0.421,0.296456412
1554788535198,49.741,121.2,0.00581,0.421,0.296456412
1554788535260,49.803,121.2,0.0058,0.419,0.29454024
1554788535306,49.85,121.2,0.0058,0.419,0.29454024
1554788535352,49.895,121.2,0.0058,0.419,0.29454024
1554788535398,49.941,121.2,0.0058,0.419,0.29454024
1554788535459,50.002,121.2,0.00582,0.422,0.297672048
1554788535505,50.048,121.2,0.00582,0.422,0.297672048
1554788535551,50.094,121.2,0.00582,0.422,0.297672048
1554788535597,50.14,121.2,0.00582,0.422,0.297672048
1554788535660,50.203,121.2,0.0058,0.423,0.29735208
1554788535706,50.249,121.2,0.0058,0.423,0.29735208
1554788535752,50.295,121.2,0.0058,0.423,0.29735208
1554788535798,50.341,121.2,0.0058,0.423,0.29735208
1554788535860,50.403,121.2,0.00579,0.419,0.294032412
1554788535905,50.448,121.2,0.00579,0.419,0.294032412
1554788535951,50.494,121.2,0.00579,0.419,0.294032412
1554788535998,50.541,121.2,0.00579,0.419,0.294032412
1554788536060,50.603,121.2,0.00582,0.423,0.298377432
1554788536106,50.649,121.2,0.00582,0.423,0.298377432
1554788536152,50.695,121.2,0.00582,0.423,0.298377432
1554788536198,50.741,121.2,0.00582,0.423,0.298377432
1554788536259,50.802,121.2,0.00579,0.419,0.294032412
1554788536306,50.849,121.2,0.00579,0.419,0.294032412
1554788536352,50.895,121.2,0.00579,0.419,0.294032412
1554788536398,50.941,121.2,0.00579,0.419,0.294032412
1554788536460,51.003,121.1,0.00584,0.421,0.297741304
1554788536506,51.05,121.1,0.00584,0.421,0.297741304
1554788536553,51.096,121.1,0.00584,0.421,0.297741304
1554788536599,51.142,121.1,0.00584,0.421,0.297741304
1554788536660,51.203,121.2,0.00583,0.42,0.29677032
1554788536706,51.249,121.2,0.00583,0.42,0.29677032
1554788536752,51.295,121.2,0.00583,0.42,0.29677032
1554788536798,51.341,121.2,0.00583,0.42,0.29677032
1554788536859,51.402,121.2,0.00579,0.42,0.29473416
1554788536905,51.448,121.2,0.00579,0.42,0.29473416
1554788536951,51.494,121.2,0.00579,0.42,0.29473416
1554788536997,51.54,121.2,0.00579,0.42,0.29473416
1554788537060,51.603,121.2,0.00578,0.421,0.294925656
1554788537106,51.649,121.2,0.00578,0.421,0.294925656
1554788537152,51.695,121.2,0.00578,0.421,0.294925656
1554788537198,51.741,121.2,0.00578,0.421,0.294925656
1554788537260,51.803,121.2,0.00574,0.423,0.294276024
1554788537306,51.849,121.2,0.00574,0.423,0.294276024
1554788537352,51.895,121.2,0.00574,0.423,0.294276024
1554788537399,51.942,121.2,0.00574,0.423,0.294276024
1554788537460,52.003,121.2,0.00573,0.422,0.293068872
1554788537506,52.049,121.2,0.00573,0.422,0.293068872
1554788537552,52.095,121.2,0.00573,0.422,0.293068872
1554788537598,52.141,121.2,0.00573,0.422,0.293068872
1554788537659,52.202,121.2,0.00569,0.424,0.292402272
1554788537705,52.248,121.2,0.00569,0.424,0.292402272
1554788537751,52.294,121.2,0.00569,0.424,0.292402272
1554788537798,52.341,121.2,0.00569,0.424,0.292402272
1554788537860,52.403,121.2,0.00574,0.424,0.294971712
1554788537906,52.449,121.2,0.00574,0.424,0.294971712
1554788537952,52.495,121.2,0.00574,0.424,0.294971712
1554788537998,52.541,121.2,0.00574,0.424,0.294971712
1554788538059,52.602,121.2,0.00572,0.422,0.292557408
1554788538105,52.648,121.2,0.00572,0.422,0.292557408
1554788538151,52.694,121.2,0.00572,0.422,0.292557408
1554788538198,52.741,121.2,0.00572,0.422,0.292557408
1554788538260,52.803,121.2,0.00566,0.424,0.290860608
1554788538306,52.849,121.2,0.00566,0.424,0.290860608
1554788538352,52.895,121.2,0.00566,0.424,0.290860608
1554788538398,52.941,121.2,0.00566,0.424,0.290860608
1554788538459,53.002,121.2,0.00572,0.423,0.293250672
1554788538505,53.048,121.2,0.00572,0.423,0.293250672
1554788538552,53.095,121.2,0.00572,0.423,0.293250672
1554788538598,53.141,121.2,0.00572,0.423,0.293250672
1554788538660,53.203,121.2,0.00576,0.422,0.294603264
1554788538706,53.249,121.2,0.00576,0.422,0.294603264
1554788538752,53.295,121.2,0.00576,0.422,0.294603264
1554788538799,53.342,121.2,0.00576,0.422,0.294603264
1554788538860,53.403,121.2,0.00575,0.423,0.2947887
1554788538906,53.449,121.2,0.00575,0.423,0.2947887
1554788538952,53.495,121.2,0.00575,0.423,0.2947887
1554788538998,53.541,121.2,0.00575,0.423,0.2947887
1554788539059,53.602,121.2,0.00575,0.422,0.2940918
1554788539105,53.648,121.2,0.00575,0.422,0.2940918
1554788539152,53.695,121.2,0.00575,0.422,0.2940918
1554788539198,53.741,121.2,0.00575,0.422,0.2940918
1554788539260,53.803,121.2,0.00577,0.421,0.294415404
1554788539306,53.849,121.2,0.00577,0.421,0.294415404
1554788539352,53.895,121.2,0.00577,0.421,0.294415404
1554788539398,53.941,121.2,0.00577,0.421,0.294415404
1554788539459,54.002,121.2,0.00577,0.422,0.295114728
1554788539508,54.051,121.2,0.00577,0.422,0.295114728
1554788539554,54.097,121.2,0.00577,0.422,0.295114728
1554788539600,54.143,121.2,0.00577,0.422,0.295114728
1554788539660,54.203,121.2,0.00577,0.426,0.297912024
1554788539706,54.249,121.2,0.00577,0.426,0.297912024
1554788539752,54.295,121.2,0.00577,0.426,0.297912024
1554788539798,54.341,121.2,0.00577,0.426,0.297912024
1554788539860,54.403,121.2,0.0058,0.424,0.29805504
1554788539906,54.449,121.2,0.0058,0.424,0.29805504
1554788539952,54.495,121.2,0.0058,0.424,0.29805504
1554788539998,54.541,121.2,0.0058,0.424,0.29805504
1554788540059,54.602,121.2,0.0058,0.421,0.29594616
1554788540105,54.648,121.2,0.0058,0.421,0.29594616
1554788540151,54.694,121.2,0.0058,0.421,0.29594616
1554788540197,54.74,121.2,0.0058,0.421,0.29594616
1554788540260,54.803,121.2,0.0058,0.421,0.29594616
1554788540306,54.849,121.2,0.0058,0.421,0.29594616
1554788540352,54.895,121.2,0.0058,0.421,0.29594616
1554788540398,54.941,121.2,0.0058,0.421,0.29594616
1554788540459,55.002,121.2,0.00585,0.417,0.29566134
1554788540505,55.048,121.2,0.00585,0.417,0.29566134
1554788540551,55.094,121.2,0.00585,0.417,0.29566134
1554788540597,55.14,121.2,0.00585,0.417,0.29566134
1554788540660,55.203,121.2,0.00583,0.42,0.29677032
1554788540706,55.249,121.2,0.00583,0.42,0.29677032
1554788540752,55.295,121.2,0.00583,0.42,0.29677032
1554788540798,55.341,121.2,0.00583,0.42,0.29677032
1554788540859,55.402,121.2,0.00577,0.419,0.293016756
1554788540905,55.448,121.2,0.00577,0.419,0.293016756
1554788540951,55.494,121.2,0.00577,0.419,0.293016756
1554788540997,55.54,121.2,0.00577,0.419,0.293016756
1554788541060,55.603,121.2,0.00576,0.422,0.294603264
1554788541106,55.649,121.2,0.00576,0.422,0.294603264
1554788541152,55.695,121.2,0.00576,0.422,0.294603264
1554788541198,55.741,121.2,0.00576,0.422,0.294603264
1554788541259,55.802,121.2,0.00574,0.421,0.292884648
1554788541305,55.848,121.2,0.00574,0.421,0.292884648
1554788541351,55.894,121.2,0.00574,0.421,0.292884648
1554788541398,55.941,121.2,0.00574,0.421,0.292884648
1554788541459,56.002,121.2,0.00576,0.418,0.291810816
1554788541505,56.048,121.2,0.00576,0.418,0.291810816
1554788541551,56.094,121.2,0.00576,0.418,0.291810816
1554788541597,56.14,121.2,0.00576,0.418,0.291810816
1554788541659,56.202,121.2,0.00571,0.423,0.292737996
1554788541705,56.248,121.2,0.00571,0.423,0.292737996
1554788541752,56.295,121.2,0.00571,0.423,0.292737996
1554788541798,56.341,121.2,0.00571,0.423,0.292737996
1554788541859,56.402,121.2,0.00573,0.421,0.292374396
1554788541905,56.448,121.2,0.00573,0.421,0.292374396
1554788541951,56.494,121.2,0.00573,0.421,0.292374396
1554788541997,56.54,121.2,0.00573,0.421,0.292374396
1554788542060,56.603,121.2,0.00571,0.42,0.29066184
1554788542106,56.649,121.2,0.00571,0.42,0.29066184
1554788542152,56.695,121.2,0.00571,0.42,0.29066184
1554788542198,56.741,121.2,0.00571,0.42,0.29066184
1554788542259,56.802,121.2,0.00573,0.42,0.29167992
1554788542305,56.848,121.2,0.00573,0.42,0.29167992
1554788542351,56.894,121.2,0.00573,0.42,0.29167992
1554788542398,56.941,121.2,0.00573,0.42,0.29167992
1554788542459,57.002,121.2,0.00575,0.419,0.2920011
1554788542508,57.052,121.2,0.00575,0.419,0.2920011
1554788542554,57.097,121.2,0.00575,0.419,0.2920011
1554788542601,57.144,121.2,0.00575,0.419,0.2920011
1554788542659,57.202,121.2,0.00579,0.419,0.294032412
1554788542705,57.248,121.2,0.00579,0.419,0.294032412
1554788542752,57.295,121.2,0.00579,0.419,0.294032412
1554788542798,57.341,121.2,0.00579,0.419,0.294032412
1554788542859,57.402,121.2,0.00579,0.42,0.29473416
1554788542905,57.448,121.2,0.00579,0.42,0.29473416
1554788542951,57.494,121.2,0.00579,0.42,0.29473416
1554788542997,57.54,121.2,0.00579,0.42,0.29473416
1554788543060,57.603,121.2,0.00582,0.42,0.29626128
1554788543106,57.649,121.2,0.00582,0.42,0.29626128
1554788543152,57.695,121.2,0.00582,0.42,0.29626128
1554788543198,57.741,121.2,0.00582,0.42,0.29626128
1554788543260,57.803,121.2,0.0058,0.42,0.2952432
1554788543306,57.849,121.2,0.0058,0.42,0.2952432
1554788543352,57.895,121.2,0.0058,0.42,0.2952432
1554788543398,57.941,121.2,0.0058,0.42,0.2952432
1554788543459,58.002,121.2,0.00578,0.423,0.296326728
1554788543505,58.048,121.2,0.00578,0.423,0.296326728
1554788543551,58.094,121.2,0.00578,0.423,0.296326728
1554788543597,58.14,121.2,0.00578,0.423,0.296326728
1554788543659,58.202,121.2,0.00578,0.422,0.295626192
1554788543704,58.247,121.2,0.00578,0.422,0.295626192
1554788543751,58.294,121.2,0.00578,0.422,0.295626192
1554788543797,58.34,121.2,0.00578,0.422,0.295626192
1554788543859,58.402,121.2,0.00579,0.424,0.297541152
1554788543906,58.449,121.2,0.00579,0.424,0.297541152
1554788543953,58.496,121.2,0.00579,0.424,0.297541152
1554788543999,58.542,121.2,0.00579,0.424,0.297541152
1554788544059,58.602,121.2,0.0058,0.423,0.29735208
1554788544105,58.648,121.2,0.0058,0.423,0.29735208
1554788544151,58.694,121.2,0.0058,0.423,0.29735208
1554788544197,58.74,121.2,0.0058,0.423,0.29735208
1554788544260,58.803,121.2,0.00578,0.422,0.295626192
1554788544307,58.85,121.2,0.00578,0.422,0.295626192
1554788544354,58.897,121.2,0.00578,0.422,0.295626192
1554788544399,58.943,121.2,0.00578,0.422,0.295626192
1554788544459,59.002,121.1,0.0058,0.421,0.29570198
1554788544505,59.049,121.1,0.0058,0.421,0.29570198
1554788544552,59.095,121.1,0.0058,0.421,0.29570198
1554788544598,59.141,121.1,0.0058,0.421,0.29570198
1554788544659,59.202,121.1,0.00581,0.421,0.296211811
1554788544705,59.248,121.1,0.00581,0.421,0.296211811
1554788544751,59.294,121.1,0.00581,0.421,0.296211811
1554788544797,59.34,121.1,0.00581,0.421,0.296211811
1554788544859,59.402,121.2,0.00579,0.421,0.295435908
1554788544905,59.448,121.2,0.00579,0.421,0.295435908
1554788544951,59.495,121.2,0.00579,0.421,0.295435908
1554788544998,59.541,121.2,0.00579,0.421,0.295435908
1554788545059,59.602,121.2,0.00578,0.42,0.29422512
1554788545105,59.648,121.2,0.00578,0.42,0.29422512
1554788545150,59.694,121.2,0.00578,0.42,0.29422512
1554788545197,59.74,121.2,0.00578,0.42,0.29422512
1554788545259,59.802,121.2,0.00574,0.419,0.291493272
1554788545305,59.848,121.2,0.00574,0.419,0.291493272
1554788545351,59.894,121.2,0.00574,0.419,0.291493272
1554788545397,59.94,121.2,0.00574,0.419,0.291493272
1554788545459,60.002,121.1,0.00574,0.419,0.291252766
1554788545505,60.048,121.1,0.00574,0.419,0.291252766
1554788545551,60.094,121.1,0.00574,0.419,0.291252766
1554788545597,60.14,121.1,0.00574,0.419,0.291252766
1554788545658,60.201,121.1,0.00575,0.42,0.2924565
1554788545704,60.247,121.1,0.00575,0.42,0.2924565
1554788545750,60.293,121.1,0.00575,0.42,0.2924565
1554788545796,60.339,121.1,0.00575,0.42,0.2924565
1554788545859,60.402,121.2,0.00579,0.418,0.293330664
1554788545905,60.448,121.2,0.00579,0.418,0.293330664
1554788545951,60.494,121.2,0.00579,0.418,0.293330664
1554788545997,60.54,121.2,0.00579,0.418,0.293330664
1554788546058,60.601,121.2,0.00575,0.42,0.292698
1554788546104,60.647,121.2,0.00575,0.42,0.292698
1554788546150,60.693,121.2,0.00575,0.42,0.292698
1554788546196,60.739,121.2,0.00575,0.42,0.292698
1554788546259,60.802,121.2,0.0057,0.421,0.29084364
1554788546305,60.848,121.2,0.0057,0.421,0.29084364
1554788546351,60.894,121.2,0.0057,0.421,0.29084364
1554788546397,60.94,121.2,0.0057,0.421,0.29084364
1554788546458,61.001,121.2,0.00571,0.422,0.292045944
1554788546504,61.047,121.2,0.00571,0.422,0.292045944
1554788546550,61.093,121.2,0.00571,0.422,0.292045944
1554788546596,61.139,121.2,0.00571,0.422,0.292045944
1554788546659,61.202,121.2,0.00575,0.424,0.2954856
1554788546705,61.248,121.2,0.00575,0.424,0.2954856
1554788546751,61.294,121.2,0.00575,0.424,0.2954856
1554788546797,61.34,121.2,0.00575,0.424,0.2954856
1554788546859,61.402,121.2,0.00577,0.421,0.294415404
1554788546905,61.448,121.2,0.00577,0.421,0.294415404
1554788546952,61.495,121.2,0.00577,0.421,0.294415404
1554788546998,61.541,121.2,0.00577,0.421,0.294415404
1554788547059,61.602,121.2,0.00579,0.42,0.29473416
1554788547105,61.648,121.2,0.00579,0.42,0.29473416
1554788547151,61.694,121.2,0.00579,0.42,0.29473416
1554788547198,61.741,121.2,0.00579,0.42,0.29473416
1554788547259,61.802,121.2,0.0058,0.42,0.2952432
1554788547305,61.848,121.2,0.0058,0.42,0.2952432
1554788547351,61.894,121.2,0.0058,0.42,0.2952432
1554788547397,61.94,121.2,0.0058,0.42,0.2952432
1554788547459,62.002,121.2,0.00579,0.42,0.29473416
1554788547505,62.048,121.2,0.00579,0.42,0.29473416
1554788547551,62.094,121.2,0.00579,0.42,0.29473416
1554788547597,62.14,121.2,0.00579,0.42,0.29473416
1554788547658,62.201,121.2,0.00582,0.421,0.296966664
1554788547704,62.247,121.2,0.00582,0.421,0.296966664
1554788547750,62.293,121.2,0.00582,0.421,0.296966664
1554788547796,62.339,121.2,0.00582,0.421,0.296966664
1554788547858,62.401,121.2,0.00583,0.421,0.297476916
1554788547904,62.447,121.2,0.00583,0.421,0.297476916
1554788547950,62.493,121.2,0.00583,0.421,0.297476916
1554788547996,62.539,121.2,0.00583,0.421,0.297476916
1554788548059,62.602,121.2,0.00581,0.421,0.296456412
1554788548105,62.648,121.2,0.00581,0.421,0.296456412
1554788548151,62.694,121.2,0.00581,0.421,0.296456412
1554788548197,62.74,121.2,0.00581,0.421,0.296456412
1554788548258,62.801,121.2,0.00579,0.422,0.296137656
1554788548304,62.847,121.2,0.00579,0.422,0.296137656
1554788548350,62.893,121.2,0.00579,0.422,0.296137656
1554788548396,62.939,121.2,0.00579,0.422,0.296137656
1554788548459,63.002,121.2,0.00581,0.42,0.29575224
1554788548505,63.048,121.2,0.00581,0.42,0.29575224
1554788548551,63.094,121.2,0.00581,0.42,0.29575224
1554788548597,63.14,121.2,0.00581,0.42,0.29575224
1554788548658,63.201,121.2,0.00578,0.421,0.294925656
1554788548704,63.247,121.2,0.00578,0.421,0.294925656
1554788548750,63.293,121.2,0.00578,0.421,0.294925656
1554788548796,63.339,121.2,0.00578,0.421,0.294925656
1554788548859,63.402,121.2,0.00576,0.423,0.295301376
1554788548905,63.448,121.2,0.00576,0.423,0.295301376
1554788548951,63.494,121.2,0.00576,0.423,0.295301376
1554788548997,63.54,121.2,0.00576,0.423,0.295301376
1554788549058,63.601,121.2,0.00572,0.423,0.293250672
1554788549104,63.647,121.2,0.00572,0.423,0.293250672
1554788549150,63.693,121.2,0.00572,0.423,0.293250672
1554788549196,63.739,121.2,0.00572,0.423,0.293250672
1554788549259,63.802,121.2,0.00573,0.422,0.293068872
1554788549305,63.848,121.2,0.00573,0.422,0.293068872
1554788549351,63.894,121.2,0.00573,0.422,0.293068872
1554788549397,63.94,121.2,0.00573,0.422,0.293068872
1554788549459,64.002,121.1,0.00573,0.421,0.292133163
1554788549505,64.048,121.1,0.00573,0.421,0.292133163
1554788549551,64.094,121.1,0.00573,0.421,0.292133163
1554788549597,64.14,121.1,0.00573,0.421,0.292133163
1554788549658,64.201,121.1,0.00576,0.423,0.295057728
1554788549704,64.247,121.1,0.00576,0.423,0.295057728
1554788549750,64.293,121.1,0.00576,0.423,0.295057728
1554788549796,64.339,121.1,0.00576,0.423,0.295057728
1554788549859,64.402,121.1,0.00574,0.422,0.293338108
1554788549905,64.448,121.1,0.00574,0.422,0.293338108
1554788549951,64.494,121.1,0.00574,0.422,0.293338108
1554788549997,64.54,121.1,0.00574,0.422,0.293338108
1554788550058,64.601,121.2,0.00574,0.42,0.29218896
1554788550104,64.647,121.2,0.00574,0.42,0.29218896
1554788550150,64.693,121.2,0.00574,0.42,0.29218896
1554788550196,64.739,121.2,0.00574,0.42,0.29218896
1554788550259,64.802,121.1,0.00574,0.42,0.29194788
1554788550305,64.848,121.1,0.00574,0.42,0.29194788
1554788550351,64.894,121.1,0.00574,0.42,0.29194788
1554788550397,64.94,121.1,0.00574,0.42,0.29194788
1554788550458,65.001,121.1,0.00575,0.421,0.293152825
1554788550504,65.047,121.1,0.00575,0.421,0.293152825
1554788550550,65.093,121.1,0.00575,0.421,0.293152825
1554788550597,65.14,121.1,0.00575,0.421,0.293152825
1554788550659,65.202,121.1,0.00575,0.419,0.291760175
1554788550705,65.248,121.1,0.00575,0.419,0.291760175
1554788550751,65.294,121.1,0.00575,0.419,0.291760175
1554788550797,65.34,121.1,0.00575,0.419,0.291760175
1554788550858,65.401,121.2,0.00574,0.423,0.294276024
1554788550905,65.448,121.2,0.00574,0.423,0.294276024
1554788550951,65.494,121.2,0.00574,0.423,0.294276024
1554788550997,65.54,121.2,0.00574,0.423,0.294276024
1554788551058,65.601,121.2,0.0058,0.42,0.2952432
1554788551104,65.647,121.2,0.0058,0.42,0.2952432
1554788551150,65.693,121.2,0.0058,0.42,0.2952432
1554788551196,65.739,121.2,0.0058,0.42,0.2952432
1554788551258,65.801,121.2,0.00583,0.417,0.294650532
1554788551304,65.847,121.2,0.00583,0.417,0.294650532
1554788551351,65.894,121.2,0.00583,0.417,0.294650532
1554788551397,65.94,121.2,0.00583,0.417,0.294650532
1554788551458,66.001,121.2,0.00579,0.421,0.295435908
1554788551504,66.047,121.2,0.00579,0.421,0.295435908
1554788551550,66.093,121.2,0.00579,0.421,0.295435908
1554788551596,66.139,121.2,0.00579,0.421,0.295435908
1554788551658,66.201,121.2,0.00577,0.425,0.2972127
1554788551704,66.247,121.2,0.00577,0.425,0.2972127
1554788551750,66.293,121.2,0.00577,0.425,0.2972127
1554788551797,66.34,121.2,0.00577,0.425,0.2972127
1554788551858,66.401,121.2,0.0058,0.421,0.29594616
1554788551903,66.446,121.2,0.0058,0.421,0.29594616
1554788551950,66.493,121.2,0.0058,0.421,0.29594616
1554788551996,66.539,121.2,0.0058,0.421,0.29594616
1554788552058,66.601,121.2,0.0058,0.424,0.29805504
1554788552104,66.647,121.2,0.0058,0.424,0.29805504
1554788552150,66.693,121.2,0.0058,0.424,0.29805504
1554788552196,66.739,121.2,0.0058,0.424,0.29805504
1554788552259,66.802,121.2,0.00578,0.421,0.294925656
1554788552305,66.848,121.2,0.00578,0.421,0.294925656
1554788552351,66.894,121.2,0.00578,0.421,0.294925656
1554788552397,66.94,121.2,0.00578,0.421,0.294925656
1554788552458,67.001,121.2,0.00577,0.421,0.294415404
1554788552504,67.047,121.2,0.00577,0.421,0.294415404
1554788552550,67.093,121.2,0.00577,0.421,0.294415404
1554788552596,67.139,121.2,0.00577,0.421,0.294415404
1554788552658,67.201,121.2,0.00577,0.422,0.295114728
1554788552704,67.247,121.2,0.00577,0.422,0.295114728
1554788552750,67.293,121.2,0.00577,0.422,0.295114728
1554788552796,67.339,121.2,0.00577,0.422,0.295114728
1554788552858,67.401,121.2,0.00575,0.422,0.2940918
1554788552904,67.447,121.2,0.00575,0.422,0.2940918
1554788552950,67.493,121.2,0.00575,0.422,0.2940918
1554788552997,67.54,121.2,0.00575,0.422,0.2940918
1554788553058,67.601,121.2,0.00575,0.421,0.2933949
1554788553104,67.647,121.2,0.00575,0.421,0.2933949
1554788553150,67.693,121.2,0.00575,0.421,0.2933949
1554788553196,67.739,121.2,0.00575,0.421,0.2933949
1554788553258,67.801,121.2,0.00572,0.422,0.292557408
1554788553304,67.847,121.2,0.00572,0.422,0.292557408
1554788553350,67.893,121.2,0.00572,0.422,0.292557408
1554788553397,67.94,121.2,0.00572,0.422,0.292557408
1554788553458,68.001,121.1,0.00572,0.422,0.292316024
1554788553504,68.047,121.1,0.00572,0.422,0.292316024
1554788553550,68.093,121.1,0.00572,0.422,0.292316024
1554788553596,68.139,121.1,0.00572,0.422,0.292316024
1554788553658,68.201,121.1,0.00576,0.418,0.291570048
1554788553705,68.248,121.1,0.00576,0.418,0.291570048
1554788553751,68.294,121.1,0.00576,0.418,0.291570048
1554788553797,68.34,121.1,0.00576,0.418,0.291570048
1554788553858,68.401,121.1,0.00575,0.42,0.2924565
1554788553904,68.447,121.1,0.00575,0.42,0.2924565
1554788553950,68.493,121.1,0.00575,0.42,0.2924565
1554788553996,68.539,121.1,0.00575,0.42,0.2924565
1554788554058,68.601,121.1,0.00572,0.42,0.29093064
1554788554103,68.646,121.1,0.00572,0.42,0.29093064
1554788554149,68.692,121.1,0.00572,0.42,0.29093064
1554788554196,68.739,121.1,0.00572,0.42,0.29093064
1554788554258,68.801,121.1,0.00572,0.422,0.292316024
1554788554304,68.847,121.1,0.00572,0.422,0.292316024
1554788554350,68.893,121.1,0.00572,0.422,0.292316024
1554788554396,68.939,121.1,0.00572,0.422,0.292316024
1554788554457,69.0,121.1,0.00571,0.422,0.291804982
1554788554504,69.047,121.1,0.00571,0.422,0.291804982
1554788554550,69.093,121.1,0.00571,0.422,0.291804982
1554788554596,69.139,121.1,0.00571,0.422,0.291804982
1554788554658,69.201,121.1,0.00575,0.422,0.29384915
1554788554704,69.247,121.1,0.00575,0.422,0.29384915
1554788554750,69.293,121.1,0.00575,0.422,0.29384915
1554788554796,69.339,121.1,0.00575,0.422,0.29384915
1554788554857,69.4,121.1,0.00574,0.423,0.294033222
1554788554903,69.446,121.1,0.00574,0.423,0.294033222
1554788554949,69.492,121.1,0.00574,0.423,0.294033222
1554788554996,69.539,121.1,0.00574,0.423,0.294033222
1554788555058,69.601,121.2,0.00575,0.423,0.2947887
1554788555104,69.647,121.2,0.00575,0.423,0.2947887
1554788555150,69.693,121.2,0.00575,0.423,0.2947887
1554788555196,69.739,121.2,0.00575,0.423,0.2947887
1554788555257,69.8,121.2,0.00575,0.423,0.2947887
1554788555303,69.846,121.2,0.00575,0.423,0.2947887
1554788555349,69.892,121.2,0.00575,0.423,0.2947887
1554788555396,69.939,121.2,0.00575,0.423,0.2947887
1554788555458,70.001,121.2,0.00575,0.424,0.2954856
1554788555504,70.047,121.2,0.00575,0.424,0.2954856
1554788555550,70.093,121.2,0.00575,0.424,0.2954856
1554788555596,70.139,121.2,0.00575,0.424,0.2954856
1554788555657,70.2,121.2,0.0058,0.421,0.29594616
1554788555703,70.246,121.2,0.0058,0.421,0.29594616
1554788555749,70.292,121.2,0.0058,0.421,0.29594616
1554788555795,70.338,121.2,0.0058,0.421,0.29594616
1554788555858,70.401,121.2,0.00582,0.424,0.299082816
1554788555904,70.447,121.2,0.00582,0.424,0.299082816
1554788555950,70.493,121.2,0.00582,0.424,0.299082816
1554788555996,70.539,121.2,0.00582,0.424,0.299082816
1554788556057,70.6,121.2,0.0058,0.424,0.29805504
1554788556103,70.646,121.2,0.0058,0.424,0.29805504
1554788556150,70.693,121.2,0.0058,0.424,0.29805504
1554788556196,70.739,121.2,0.0058,0.424,0.29805504
1554788556258,70.801,121.2,0.00579,0.422,0.296137656
1554788556304,70.847,121.2,0.00579,0.422,0.296137656
1554788556350,70.893,121.2,0.00579,0.422,0.296137656
1554788556396,70.939,121.2,0.00579,0.422,0.296137656
1554788556457,71.0,121.2,0.0058,0.42,0.2952432
1554788556504,71.047,121.2,0.0058,0.42,0.2952432
1554788556550,71.093,121.2,0.0058,0.42,0.2952432
1554788556596,71.139,121.2,0.0058,0.42,0.2952432
1554788556658,71.201,121.2,0.00579,0.419,0.294032412
1554788556704,71.247,121.2,0.00579,0.419,0.294032412
1554788556750,71.293,121.2,0.00579,0.419,0.294032412
1554788556797,71.34,121.2,0.00579,0.419,0.294032412
1554788556858,71.401,121.2,0.00575,0.421,0.2933949
1554788556904,71.447,121.2,0.00575,0.421,0.2933949
1554788556950,71.493,121.2,0.00575,0.421,0.2933949
1554788556996,71.539,121.2,0.00575,0.421,0.2933949
1554788557057,71.6,121.2,0.00574,0.419,0.291493272
1554788557103,71.646,121.2,0.00574,0.419,0.291493272
1554788557149,71.692,121.2,0.00574,0.419,0.291493272
1554788557195,71.738,121.2,0.00574,0.419,0.291493272
1554788557257,71.8,121.2,0.00575,0.42,0.292698
1554788557303,71.847,121.2,0.00575,0.42,0.292698
1554788557349,71.893,121.2,0.00575,0.42,0.292698
1554788557396,71.939,121.2,0.00575,0.42,0.292698
1554788557458,72.001,121.1,0.00575,0.42,0.2924565
1554788557504,72.047,121.1,0.00575,0.42,0.2924565
1554788557550,72.093,121.1,0.00575,0.42,0.2924565
1554788557596,72.139,121.1,0.00575,0.42,0.2924565
1554788557657,72.2,121.1,0.00575,0.421,0.293152825
1554788557703,72.246,121.1,0.00575,0.421,0.293152825
1554788557749,72.292,121.1,0.00575,0.421,0.293152825
1554788557795,72.338,121.1,0.00575,0.421,0.293152825
1554788557858,72.401,121.1,0.00577,0.419,0.292774993
1554788557904,72.447,121.1,0.00577,0.419,0.292774993
1554788557950,72.493,121.1,0.00577,0.419,0.292774993
1554788557996,72.539,121.1,0.00577,0.419,0.292774993
1554788558057,72.6,121.1,0.00575,0.419,0.291760175
1554788558103,72.646,121.1,0.00575,0.419,0.291760175
1554788558149,72.692,121.1,0.00575,0.419,0.291760175
1554788558195,72.738,121.1,0.00575,0.419,0.291760175
1554788558257,72.8,121.1,0.00576,0.42,0.29296512
1554788558303,72.846,121.1,0.00576,0.42,0.29296512
1554788558349,72.892,121.1,0.00576,0.42,0.29296512
1554788558396,72.939,121.1,0.00576,0.42,0.29296512
1554788558458,73.001,121.1,0.00575,0.422,0.29384915
1554788558504,73.047,121.1,0.00575,0.422,0.29384915
1554788558550,73.093,121.1,0.00575,0.422,0.29384915
1554788558596,73.139,121.1,0.00575,0.422,0.29384915
1554788558657,73.2,121.1,0.00577,0.42,0.29347374
1554788558704,73.247,121.1,0.00577,0.42,0.29347374
1554788558750,73.293,121.1,0.00577,0.42,0.29347374
1554788558796,73.339,121.1,0.00577,0.42,0.29347374
1554788558857,73.4,121.1,0.00579,0.42,0.29449098
1554788558903,73.446,121.1,0.00579,0.42,0.29449098
1554788558949,73.492,121.1,0.00579,0.42,0.29449098
1554788558995,73.538,121.1,0.00579,0.42,0.29449098
1554788559058,73.601,121.2,0.00584,0.416,0.294448128
1554788559104,73.647,121.2,0.00584,0.416,0.294448128
1554788559150,73.693,121.2,0.00584,0.416,0.294448128
1554788559196,73.739,121.2,0.00584,0.416,0.294448128
1554788559257,73.8,121.2,0.00583,0.419,0.296063724
1554788559303,73.846,121.2,0.00583,0.419,0.296063724
1554788559349,73.892,121.2,0.00583,0.419,0.296063724
1554788559395,73.938,121.2,0.00583,0.419,0.296063724
1554788559457,74.0,121.2,0.00579,0.42,0.29473416
1554788559503,74.046,121.2,0.00579,0.42,0.29473416
1554788559549,74.092,121.2,0.00579,0.42,0.29473416
1554788559595,74.138,121.2,0.00579,0.42,0.29473416
1554788559658,74.201,121.2,0.00586,0.42,0.29829744
1554788559705,74.248,121.2,0.00586,0.42,0.29829744
1554788559751,74.294,121.2,0.00586,0.42,0.29829744
1554788559797,74.34,121.2,0.00586,0.42,0.29829744
1554788559857,74.4,121.2,0.00584,0.418,0.295863744
1554788559903,74.446,121.2,0.00584,0.418,0.295863744
1554788559949,74.492,121.2,0.00584,0.418,0.295863744
1554788559996,74.539,121.2,0.00584,0.418,0.295863744
1554788560058,74.601,121.2,0.00582,0.421,0.296966664
1554788560104,74.647,121.2,0.00582,0.421,0.296966664
1554788560150,74.693,121.2,0.00582,0.421,0.296966664
1554788560196,74.739,121.2,0.00582,0.421,0.296966664
1554788560257,74.8,121.2,0.0058,0.423,0.29735208
1554788560303,74.846,121.2,0.0058,0.423,0.29735208
1554788560349,74.892,121.2,0.0058,0.423,0.29735208
1554788560395,74.938,121.2,0.0058,0.423,0.29735208
1554788560457,75.0,121.2,0.00579,0.422,0.296137656
1554788560503,75.046,121.2,0.00579,0.422,0.296137656
1554788560549,75.092,121.2,0.00579,0.422,0.296137656
1554788560595,75.138,121.2,0.00579,0.422,0.296137656
1554788560658,75.201,121.2,0.00576,0.421,0.293905152
1554788560704,75.247,121.2,0.00576,0.421,0.293905152
1554788560750,75.293,121.2,0.00576,0.421,0.293905152
1554788560796,75.339,121.2,0.00576,0.421,0.293905152
1554788560858,75.401,121.2,0.00574,0.423,0.294276024
1554788560904,75.447,121.2,0.00574,0.423,0.294276024
1554788560950,75.493,121.2,0.00574,0.423,0.294276024
1554788560996,75.54,121.2,0.00574,0.423,0.294276024
1554788561058,75.601,121.2,0.00575,0.422,0.2940918
1554788561103,75.646,121.2,0.00575,0.422,0.2940918
1554788561149,75.692,121.2,0.00575,0.422,0.2940918
1554788561195,75.738,121.2,0.00575,0.422,0.2940918
1554788561258,75.801,121.2,0.00573,0.423,0.293763348
1554788561304,75.847,121.2,0.00573,0.423,0.293763348
1554788561350,75.893,121.2,0.00573,0.423,0.293763348
1554788561396,75.939,121.2,0.00573,0.423,0.293763348
1554788561457,76.0,121.2,0.00572,0.421,0.291864144
1554788561503,76.046,121.2,0.00572,0.421,0.291864144
1554788561549,76.092,121.2,0.00572,0.421,0.291864144
1554788561595,76.138,121.2,0.00572,0.421,0.291864144
1554788561657,76.201,121.1,0.00578,0.418,0.292582444
1554788561704,76.247,121.1,0.00578,0.418,0.292582444
1554788561750,76.293,121.1,0.00578,0.418,0.292582444
1554788561796,76.339,121.1,0.00578,0.418,0.292582444
1554788561857,76.4,121.1,0.00574,0.418,0.290557652
1554788561903,76.446,121.1,0.00574,0.418,0.290557652
1554788561949,76.492,121.1,0.00574,0.418,0.290557652
1554788561995,76.538,121.1,0.00574,0.418,0.290557652
1554788562057,76.6,121.1,0.00574,0.422,0.293338108
1554788562104,76.647,121.1,0.00574,0.422,0.293338108
1554788562150,76.693,121.1,0.00574,0.422,0.293338108
1554788562196,76.739,121.1,0.00574,0.422,0.293338108
1554788562257,76.8,121.1,0.00573,0.421,0.292133163
1554788562303,76.846,121.1,0.00573,0.421,0.292133163
1554788562349,76.892,121.1,0.00573,0.421,0.292133163
1554788562395,76.938,121.1,0.00573,0.421,0.292133163
1554788562457,77.0,121.1,0.00572,0.42,0.29093064
1554788562503,77.046,121.1,0.00572,0.42,0.29093064
1554788562549,77.093,121.1,0.00572,0.42,0.29093064
1554788562596,77.139,121.1,0.00572,0.42,0.29093064
1554788562657,77.2,121.1,0.00578,0.42,0.29398236
1554788562703,77.246,121.1,0.00578,0.42,0.29398236
1554788562749,77.292,121.1,0.00578,0.42,0.29398236
1554788562795,77.338,121.1,0.00578,0.42,0.29398236
1554788562857,77.4,121.1,0.0058,0.421,0.29570198
1554788562904,77.447,121.1,0.0058,0.421,0.29570198
1554788562949,77.492,121.1,0.0058,0.421,0.29570198
1554788562995,77.538,121.1,0.0058,0.421,0.29570198
1554788563057,77.6,121.2,0.00579,0.423,0.296839404
1554788563103,77.646,121.2,0.00579,0.423,0.296839404
1554788563148,77.691,121.2,0.00579,0.423,0.296839404
1554788563194,77.738,121.2,0.00579,0.423,0.296839404
1554788563257,77.8,121.2,0.00578,0.419,0.293524584
1554788563303,77.846,121.2,0.00578,0.419,0.293524584
1554788563349,77.892,121.2,0.00578,0.419,0.293524584
1554788563395,77.938,121.2,0.00578,0.419,0.293524584
1554788563456,78.0,121.2,0.00579,0.419,0.294032412
1554788563502,78.045,121.2,0.00579,0.419,0.294032412
1554788563548,78.092,121.2,0.00579,0.419,0.294032412
1554788563594,78.138,121.2,0.00579,0.419,0.294032412
1554788563657,78.2,121.2,0.0058,0.419,0.29454024
1554788563703,78.246,121.2,0.0058,0.419,0.29454024
1554788563749,78.292,121.2,0.0058,0.419,0.29454024
1554788563795,78.338,121.2,0.0058,0.419,0.29454024
1554788563857,78.4,121.2,0.00585,0.421,0.29849742
1554788563902,78.445,121.2,0.00585,0.421,0.29849742
1554788563948,78.492,121.2,0.00585,0.421,0.29849742
1554788563995,78.538,121.2,0.00585,0.421,0.29849742
1554788564057,78.6,121.2,0.00584,0.423,0.299402784
1554788564103,78.646,121.2,0.00584,0.423,0.299402784
1554788564149,78.692,121.2,0.00584,0.423,0.299402784
1554788564195,78.739,121.2,0.00584,0.423,0.299402784
1554788564257,78.8,121.2,0.00583,0.42,0.29677032
1554788564302,78.846,121.2,0.00583,0.42,0.29677032
1554788564349,78.892,121.2,0.00583,0.42,0.29677032
1554788564395,78.938,121.2,0.00583,0.42,0.29677032
1554788564457,79.0,121.2,0.00582,0.417,0.294145128
1554788564503,79.046,121.2,0.00582,0.417,0.294145128
1554788564549,79.092,121.2,0.00582,0.417,0.294145128
1554788564595,79.139,121.2,0.00582,0.417,0.294145128
1554788564656,79.2,121.2,0.0058,0.418,0.29383728
1554788564703,79.246,121.2,0.0058,0.418,0.29383728
1554788564749,79.292,121.2,0.0058,0.418,0.29383728
1554788564795,79.338,121.2,0.0058,0.418,0.29383728
1554788564857,79.4,121.2,0.00577,0.422,0.295114728
1554788564903,79.446,121.2,0.00577,0.422,0.295114728
1554788564949,79.492,121.2,0.00577,0.422,0.295114728
1554788564995,79.538,121.2,0.00577,0.422,0.295114728
1554788565056,79.599,121.2,0.00576,0.42,0.29320704
1554788565102,79.645,121.2,0.00576,0.42,0.29320704
1554788565148,79.691,121.2,0.00576,0.42,0.29320704
1554788565195,79.738,121.2,0.00576,0.42,0.29320704
1554788565257,79.8,121.2,0.00575,0.421,0.2933949
1554788565303,79.846,121.2,0.00575,0.421,0.2933949
1554788565349,79.892,121.2,0.00575,0.421,0.2933949
1554788565395,79.938,121.2,0.00575,0.421,0.2933949
1554788565456,79.999,121.2,0.00572,0.422,0.292557408
1554788565502,80.045,121.2,0.00572,0.422,0.292557408
1554788565548,80.092,121.2,0.00572,0.422,0.292557408
1554788565595,80.138,121.2,0.00572,0.422,0.292557408
1554788565657,80.2,121.1,0.00572,0.42,0.29093064
1554788565703,80.246,121.1,0.00572,0.42,0.29093064
1554788565749,80.292,121.1,0.00572,0.42,0.29093064
1554788565795,80.338,121.1,0.00572,0.42,0.29093064
1554788565856,80.399,121.1,0.00573,0.42,0.29143926
1554788565902,80.445,121.1,0.00573,0.42,0.29143926
1554788565948,80.491,121.1,0.00573,0.42,0.29143926
1554788565994,80.537,121.1,0.00573,0.42,0.29143926
1554788566057,80.6,121.1,0.00573,0.421,0.292133163
1554788566103,80.646,121.1,0.00573,0.421,0.292133163
1554788566149,80.692,121.1,0.00573,0.421,0.292133163
1554788566195,80.738,121.1,0.00573,0.421,0.292133163
1554788566256,80.8,121.2,0.00575,0.421,0.2933949
1554788566303,80.846,121.2,0.00575,0.421,0.2933949
1554788566349,80.892,121.2,0.00575,0.421,0.2933949
1554788566395,80.938,121.2,0.00575,0.421,0.2933949
1554788566457,81.0,121.2,0.00574,0.421,0.292884648
1554788566503,81.046,121.2,0.00574,0.421,0.292884648
1554788566549,81.092,121.2,0.00574,0.421,0.292884648
1554788566595,81.138,121.2,0.00574,0.421,0.292884648
1554788566656,81.199,121.1,0.00575,0.421,0.293152825
1554788566702,81.245,121.1,0.00575,0.421,0.293152825
1554788566748,81.291,121.1,0.00575,0.421,0.293152825
1554788566794,81.338,121.1,0.00575,0.421,0.293152825
1554788566857,81.4,121.1,0.00576,0.422,0.294360192
1554788566903,81.446,121.1,0.00576,0.422,0.294360192
1554788566949,81.492,121.1,0.00576,0.422,0.294360192
1554788566995,81.538,121.1,0.00576,0.422,0.294360192
1554788567056,81.599,121.2,0.00578,0.422,0.295626192
1554788567102,81.645,121.2,0.00578,0.422,0.295626192
1554788567148,81.691,121.2,0.00578,0.422,0.295626192
1554788567194,81.737,121.2,0.00578,0.422,0.295626192
1554788567257,81.8,121.2,0.00582,0.421,0.296966664
1554788567303,81.846,121.2,0.00582,0.421,0.296966664
1554788567349,81.892,121.2,0.00582,0.421,0.296966664
1554788567395,81.938,121.2,0.00582,0.421,0.296966664
1554788567457,82.0,121.2,0.0058,0.421,0.29594616
1554788567503,82.046,121.2,0.0058,0.421,0.29594616
1554788567549,82.092,121.2,0.0058,0.421,0.29594616
1554788567595,82.138,121.2,0.0058,0.421,0.29594616
1554788567656,82.199,121.2,0.00577,0.421,0.294415404
1554788567703,82.246,121.2,0.00577,0.421,0.294415404
1554788567749,82.292,121.2,0.00577,0.421,0.294415404
1554788567795,82.338,121.2,0.00577,0.421,0.294415404
1554788567856,82.399,121.1,0.00577,0.422,0.294871234
1554788567902,82.445,121.1,0.00577,0.422,0.294871234
1554788567948,82.492,121.1,0.00577,0.422,0.294871234
1554788567995,82.538,121.1,0.00577,0.422,0.294871234
1554788568056,82.599,121.2,0.00583,0.422,0.298183512
1554788568102,82.645,121.2,0.00583,0.422,0.298183512
1554788568148,82.691,121.2,0.00583,0.422,0.298183512
1554788568194,82.737,121.2,0.00583,0.422,0.298183512
1554788568257,82.8,121.2,0.00581,0.421,0.296456412
1554788568303,82.846,121.2,0.00581,0.421,0.296456412
1554788568349,82.892,121.2,0.00581,0.421,0.296456412
1554788568395,82.938,121.2,0.00581,0.421,0.296456412
1554788568456,82.999,121.2,0.00576,0.422,0.294603264
1554788568502,83.045,121.2,0.00576,0.422,0.294603264
1554788568548,83.091,121.2,0.00576,0.422,0.294603264
1554788568594,83.137,121.2,0.00576,0.422,0.294603264
1554788568656,83.2,121.1,0.00577,0.421,0.294172487
1554788568703,83.246,121.1,0.00577,0.421,0.294172487
1554788568749,83.292,121.1,0.00577,0.421,0.294172487
1554788568795,83.338,121.1,0.00577,0.421,0.294172487
1554788568856,83.399,121.1,0.00578,0.421,0.294682318
1554788568902,83.445,121.1,0.00578,0.421,0.294682318
1554788568948,83.491,121.1,0.00578,0.421,0.294682318
1554788568994,83.537,121.1,0.00578,0.421,0.294682318
1554788569056,83.599,121.2,0.00582,0.421,0.296966664
1554788569102,83.645,121.2,0.00582,0.421,0.296966664
1554788569148,83.692,121.2,0.00582,0.421,0.296966664
1554788569195,83.738,121.2,0.00582,0.421,0.296966664
1554788569256,83.799,121.2,0.00579,0.418,0.293330664
1554788569302,83.845,121.2,0.00579,0.418,0.293330664
1554788569348,83.891,121.2,0.00579,0.418,0.293330664
1554788569394,83.937,121.2,0.00579,0.418,0.293330664
1554788569456,84.0,121.1,0.00574,0.419,0.291252766
1554788569503,84.046,121.1,0.00574,0.419,0.291252766
1554788569549,84.092,121.1,0.00574,0.419,0.291252766
1554788569595,84.138,121.1,0.00574,0.419,0.291252766
1554788569656,84.199,121.1,0.00575,0.421,0.293152825
1554788569702,84.245,121.1,0.00575,0.421,0.293152825
1554788569748,84.291,121.1,0.00575,0.421,0.293152825
1554788569794,84.337,121.1,0.00575,0.421,0.293152825
1554788569856,84.399,121.1,0.00576,0.419,0.292267584
1554788569902,84.446,121.1,0.00576,0.419,0.292267584
1554788569949,84.492,121.1,0.00576,0.419,0.292267584
1554788569995,84.538,121.1,0.00576,0.419,0.292267584
1554788570056,84.599,121.1,0.00579,0.416,0.291686304
1554788570102,84.645,121.1,0.00579,0.416,0.291686304
1554788570148,84.691,121.1,0.00579,0.416,0.291686304
1554788570194,84.737,121.1,0.00579,0.416,0.291686304
1554788570256,84.799,121.1,0.00577,0.417,0.291377499
1554788570302,84.845,121.1,0.00577,0.417,0.291377499
1554788570348,84.891,121.1,0.00577,0.417,0.291377499
1554788570394,84.938,121.1,0.00577,0.417,0.291377499
1554788570457,85.0,121.1,0.00572,0.423,0.293008716
1554788570503,85.046,121.1,0.00572,0.423,0.293008716
1554788570549,85.092,121.1,0.00572,0.423,0.293008716
1554788570595,85.138,121.1,0.00572,0.423,0.293008716
1554788570656,85.199,121.1,0.00599,0.422,0.306114158
1554788570702,85.245,121.1,0.00599,0.422,0.306114158
1554788570748,85.291,121.1,0.00599,0.422,0.306114158
1554788570794,85.337,121.1,0.00599,0.422,0.306114158
1554788570856,85.399,121.1,0.00729,0.436,0.384909084
1554788570902,85.446,121.1,0.00729,0.436,0.384909084
1554788570949,85.492,121.1,0.00729,0.436,0.384909084
1554788570994,85.538,121.1,0.00729,0.436,0.384909084
1554788571056,85.599,121.1,0.00727,0.436,0.383853092
1554788571102,85.645,121.1,0.00727,0.436,0.383853092
1554788571148,85.691,121.1,0.00727,0.436,0.383853092
1554788571194,85.737,121.1,0.00727,0.436,0.383853092
1554788571256,85.799,121.2,0.0073,0.436,0.38575536
1554788571302,85.845,121.2,0.0073,0.436,0.38575536
1554788571348,85.891,121.2,0.0073,0.436,0.38575536
1554788571394,85.937,121.2,0.0073,0.436,0.38575536
1554788571457,86.0,121.2,0.00727,0.435,0.38328894
1554788571503,86.046,121.2,0.00727,0.435,0.38328894
1554788571549,86.092,121.2,0.00727,0.435,0.38328894
1554788571595,86.138,121.2,0.00727,0.435,0.38328894
1554788571656,86.199,121.1,0.0073,0.435,0.38455305
1554788571702,86.245,121.1,0.0073,0.435,0.38455305
1554788571748,86.291,121.1,0.0073,0.435,0.38455305
1554788571794,86.337,121.1,0.0073,0.435,0.38455305
1554788571856,86.399,121.1,0.0073,0.437,0.38632111
1554788571903,86.446,121.1,0.0073,0.437,0.38632111
1554788571949,86.492,121.1,0.0073,0.437,0.38632111
1554788571995,86.538,121.1,0.0073,0.437,0.38632111
1554788572056,86.599,121.2,0.00731,0.436,0.386283792
You pressed Ctrl+C!
