# Mon Apr 08 19:46:23 2019
abstime,time_stamp,volt,curr,pf,mul
1554777983334,0.087,121.4,0.00567,0.419,0.288413622
1554777983382,0.135,121.4,0.00567,0.419,0.288413622
1554777983428,0.181,121.4,0.00567,0.419,0.288413622
1554777983474,0.227,121.4,0.00567,0.419,0.288413622
1554777983528,0.281,121.4,0.00566,0.42,0.28859208
1554777983573,0.326,121.4,0.00566,0.42,0.28859208
1554777983619,0.372,121.4,0.00566,0.42,0.28859208
1554777983664,0.417,121.4,0.00566,0.42,0.28859208
1554777983727,0.48,121.5,0.0057,0.417,0.28879335
1554777983774,0.527,121.5,0.0057,0.417,0.28879335
1554777983819,0.572,121.5,0.0057,0.417,0.28879335
1554777983864,0.617,121.5,0.0057,0.417,0.28879335
1554777983928,0.681,121.4,0.00566,0.419,0.287904956
1554777983974,0.727,121.4,0.00566,0.419,0.287904956
1554777984020,0.773,121.4,0.00566,0.419,0.287904956
1554777984066,0.819,121.4,0.00566,0.419,0.287904956
1554777984127,0.88,121.4,0.00567,0.415,0.28566027
1554777984175,0.928,121.4,0.00567,0.415,0.28566027
1554777984221,0.974,121.4,0.00567,0.415,0.28566027
1554777984267,1.02,121.4,0.00567,0.415,0.28566027
1554777984328,1.081,121.4,0.00571,0.414,0.286982316
1554777984374,1.127,121.4,0.00571,0.414,0.286982316
1554777984420,1.173,121.4,0.00571,0.414,0.286982316
1554777984466,1.219,121.4,0.00571,0.414,0.286982316
1554777984527,1.28,121.4,0.00568,0.416,0.286853632
1554777984573,1.326,121.4,0.00568,0.416,0.286853632
1554777984619,1.372,121.4,0.00568,0.416,0.286853632
1554777984665,1.418,121.4,0.00568,0.416,0.286853632
1554777984728,1.481,121.4,0.00564,0.418,0.286202928
1554777984774,1.527,121.4,0.00564,0.418,0.286202928
1554777984820,1.573,121.4,0.00564,0.418,0.286202928
1554777984866,1.619,121.4,0.00564,0.418,0.286202928
1554777984927,1.68,121.4,0.00565,0.418,0.28671038
1554777984973,1.726,121.4,0.00565,0.418,0.28671038
1554777985018,1.772,121.4,0.00565,0.418,0.28671038
1554777985064,1.818,121.4,0.00565,0.418,0.28671038
1554777985127,1.88,121.4,0.00567,0.416,0.286348608
1554777985173,1.926,121.4,0.00567,0.416,0.286348608
1554777985219,1.972,121.4,0.00567,0.416,0.286348608
1554777985265,2.018,121.4,0.00567,0.416,0.286348608
1554777985327,2.08,121.3,0.00567,0.416,0.286112736
1554777985373,2.126,121.3,0.00567,0.416,0.286112736
1554777985418,2.171,121.3,0.00567,0.416,0.286112736
1554777985464,2.217,121.3,0.00567,0.416,0.286112736
1554777985526,2.28,121.4,0.00566,0.417,0.286530708
1554777985572,2.326,121.4,0.00566,0.417,0.286530708
1554777985617,2.37,121.4,0.00566,0.417,0.286530708
1554777985663,2.416,121.4,0.00566,0.417,0.286530708
1554777985727,2.48,121.4,0.0057,0.412,0.28509576
1554777985773,2.526,121.4,0.0057,0.412,0.28509576
1554777985819,2.572,121.4,0.0057,0.412,0.28509576
1554777985864,2.617,121.4,0.0057,0.412,0.28509576
1554777985927,2.68,121.4,0.00565,0.413,0.28328083
1554777985972,2.725,121.4,0.00565,0.413,0.28328083
1554777986018,2.771,121.4,0.00565,0.413,0.28328083
1554777986063,2.816,121.4,0.00565,0.413,0.28328083
1554777986126,2.879,121.4,0.00558,0.416,0.281803392
1554777986172,2.925,121.4,0.00558,0.416,0.281803392
1554777986217,2.97,121.4,0.00558,0.416,0.281803392
1554777986263,3.016,121.4,0.00558,0.416,0.281803392
1554777986327,3.08,121.4,0.00563,0.418,0.285695476
1554777986372,3.125,121.4,0.00563,0.418,0.285695476
1554777986418,3.171,121.4,0.00563,0.418,0.285695476
1554777986464,3.217,121.4,0.00563,0.418,0.285695476
1554777986527,3.28,121.4,0.00567,0.417,0.287036946
1554777986572,3.325,121.4,0.00567,0.417,0.287036946
1554777986618,3.371,121.4,0.00567,0.417,0.287036946
1554777986664,3.417,121.4,0.00567,0.417,0.287036946
1554777986727,3.48,121.4,0.00566,0.417,0.286530708
1554777986773,3.526,121.4,0.00566,0.417,0.286530708
1554777986819,3.572,121.4,0.00566,0.417,0.286530708
1554777986865,3.618,121.4,0.00566,0.417,0.286530708
1554777986927,3.68,121.4,0.00565,0.418,0.28671038
1554777986974,3.727,121.4,0.00565,0.418,0.28671038
1554777987020,3.773,121.4,0.00565,0.418,0.28671038
1554777987066,3.819,121.4,0.00565,0.418,0.28671038
1554777987127,3.88,121.4,0.00565,0.419,0.28739629
1554777987173,3.926,121.4,0.00565,0.419,0.28739629
1554777987219,3.972,121.4,0.00565,0.419,0.28739629
1554777987265,4.018,121.4,0.00565,0.419,0.28739629
1554777987326,4.08,121.4,0.00564,0.415,0.28414884
1554777987372,4.125,121.4,0.00564,0.415,0.28414884
1554777987418,4.171,121.4,0.00564,0.415,0.28414884
1554777987465,4.218,121.4,0.00564,0.415,0.28414884
1554777987527,4.28,121.4,0.00566,0.418,0.287217832
1554777987573,4.326,121.4,0.00566,0.418,0.287217832
1554777987619,4.372,121.4,0.00566,0.418,0.287217832
1554777987665,4.418,121.4,0.00566,0.418,0.287217832
1554777987726,4.479,121.4,0.00568,0.416,0.286853632
1554777987772,4.525,121.4,0.00568,0.416,0.286853632
1554777987819,4.572,121.4,0.00568,0.416,0.286853632
1554777987865,4.618,121.4,0.00568,0.416,0.286853632
1554777987927,4.68,121.4,0.0057,0.419,0.28993962
1554777987973,4.726,121.4,0.0057,0.419,0.28993962
1554777988019,4.772,121.4,0.0057,0.419,0.28993962
1554777988065,4.818,121.4,0.0057,0.419,0.28993962
1554777988126,4.879,121.4,0.00567,0.418,0.287725284
1554777988173,4.926,121.4,0.00567,0.418,0.287725284
1554777988219,4.972,121.4,0.00567,0.418,0.287725284
1554777988265,5.018,121.4,0.00567,0.418,0.287725284
1554777988327,5.08,121.4,0.00571,0.418,0.289755092
1554777988373,5.126,121.4,0.00571,0.418,0.289755092
1554777988419,5.172,121.4,0.00571,0.418,0.289755092
1554777988466,5.219,121.4,0.00571,0.418,0.289755092
1554777988526,5.28,121.4,0.00568,0.417,0.287543184
1554777988573,5.326,121.4,0.00568,0.417,0.287543184
1554777988619,5.372,121.4,0.00568,0.417,0.287543184
1554777988665,5.418,121.4,0.00568,0.417,0.287543184
1554777988726,5.479,121.4,0.00573,0.415,0.28868313
1554777988772,5.525,121.4,0.00573,0.415,0.28868313
1554777988818,5.571,121.4,0.00573,0.415,0.28868313
1554777988864,5.617,121.4,0.00573,0.415,0.28868313
1554777988926,5.679,121.5,0.0057,0.413,0.28602315
1554777988972,5.725,121.5,0.0057,0.413,0.28602315
1554777989018,5.772,121.5,0.0057,0.413,0.28602315
1554777989065,5.818,121.5,0.0057,0.413,0.28602315
1554777989127,5.88,121.4,0.00564,0.416,0.284833536
1554777989173,5.926,121.4,0.00564,0.416,0.284833536
1554777989219,5.972,121.4,0.00564,0.416,0.284833536
1554777989265,6.019,121.4,0.00564,0.416,0.284833536
1554777989327,6.08,121.4,0.00566,0.418,0.287217832
1554777989373,6.126,121.4,0.00566,0.418,0.287217832
1554777989419,6.172,121.4,0.00566,0.418,0.287217832
1554777989465,6.218,121.4,0.00566,0.418,0.287217832
1554777989526,6.279,121.4,0.00566,0.415,0.28515646
1554777989572,6.325,121.4,0.00566,0.415,0.28515646
1554777989618,6.371,121.4,0.00566,0.415,0.28515646
1554777989664,6.417,121.4,0.00566,0.415,0.28515646
1554777989727,6.48,121.4,0.00563,0.417,0.285011994
1554777989773,6.526,121.4,0.00563,0.417,0.285011994
1554777989819,6.572,121.4,0.00563,0.417,0.285011994
1554777989865,6.618,121.4,0.00563,0.417,0.285011994
1554777989926,6.679,121.4,0.00562,0.418,0.285188024
1554777989972,6.725,121.4,0.00562,0.418,0.285188024
1554777990018,6.771,121.4,0.00562,0.418,0.285188024
1554777990064,6.817,121.4,0.00562,0.418,0.285188024
1554777990127,6.88,121.4,0.00561,0.415,0.28263741
1554777990173,6.926,121.4,0.00561,0.415,0.28263741
1554777990219,6.972,121.4,0.00561,0.415,0.28263741
1554777990265,7.018,121.4,0.00561,0.415,0.28263741
1554777990326,7.079,121.4,0.00563,0.415,0.28364503
1554777990372,7.125,121.4,0.00563,0.415,0.28364503
1554777990418,7.171,121.4,0.00563,0.415,0.28364503
1554777990464,7.217,121.4,0.00563,0.415,0.28364503
1554777990527,7.28,121.4,0.00564,0.418,0.286202928
1554777990573,7.326,121.4,0.00564,0.418,0.286202928
1554777990619,7.372,121.4,0.00564,0.418,0.286202928
1554777990665,7.418,121.4,0.00564,0.418,0.286202928
1554777990726,7.479,121.4,0.00567,0.415,0.28566027
1554777990772,7.525,121.4,0.00567,0.415,0.28566027
1554777990818,7.571,121.4,0.00567,0.415,0.28566027
1554777990864,7.617,121.4,0.00567,0.415,0.28566027
1554777990927,7.68,121.4,0.00565,0.417,0.28602447
1554777990973,7.726,121.4,0.00565,0.417,0.28602447
1554777991019,7.772,121.4,0.00565,0.417,0.28602447
1554777991065,7.818,121.4,0.00565,0.417,0.28602447
1554777991127,7.88,121.4,0.00565,0.417,0.28602447
1554777991173,7.926,121.4,0.00565,0.417,0.28602447
1554777991219,7.972,121.4,0.00565,0.417,0.28602447
1554777991265,8.018,121.4,0.00565,0.417,0.28602447
1554777991326,8.079,121.4,0.00571,0.415,0.28767551
1554777991372,8.125,121.4,0.00571,0.415,0.28767551
1554777991418,8.171,121.4,0.00571,0.415,0.28767551
1554777991464,8.217,121.4,0.00571,0.415,0.28767551
1554777991527,8.28,121.4,0.00574,0.413,0.287793268
1554777991573,8.326,121.4,0.00574,0.413,0.287793268
1554777991619,8.372,121.4,0.00574,0.413,0.287793268
1554777991665,8.418,121.4,0.00574,0.413,0.287793268
1554777991726,8.479,121.4,0.00575,0.413,0.28829465
1554777991772,8.525,121.4,0.00575,0.413,0.28829465
1554777991818,8.571,121.4,0.00575,0.413,0.28829465
1554777991864,8.617,121.4,0.00575,0.413,0.28829465
1554777991927,8.68,121.5,0.00568,0.416,0.28708992
1554777991973,8.726,121.5,0.00568,0.416,0.28708992
1554777992019,8.772,121.5,0.00568,0.416,0.28708992
1554777992065,8.818,121.5,0.00568,0.416,0.28708992
1554777992126,8.879,121.4,0.00569,0.416,0.287358656
1554777992172,8.925,121.4,0.00569,0.416,0.287358656
1554777992218,8.971,121.4,0.00569,0.416,0.287358656
1554777992264,9.017,121.4,0.00569,0.416,0.287358656
1554777992327,9.08,121.4,0.00568,0.419,0.288922288
1554777992373,9.126,121.4,0.00568,0.419,0.288922288
1554777992419,9.172,121.4,0.00568,0.419,0.288922288
1554777992465,9.218,121.4,0.00568,0.419,0.288922288
1554777992526,9.279,121.4,0.00568,0.418,0.288232736
1554777992572,9.325,121.4,0.00568,0.418,0.288232736
1554777992618,9.371,121.4,0.00568,0.418,0.288232736
1554777992664,9.417,121.4,0.00568,0.418,0.288232736
1554777992726,9.479,121.4,0.00568,0.418,0.288232736
1554777992772,9.525,121.4,0.00568,0.418,0.288232736
1554777992818,9.571,121.4,0.00568,0.418,0.288232736
1554777992864,9.617,121.4,0.00568,0.418,0.288232736
1554777992926,9.679,121.4,0.00565,0.419,0.28739629
1554777992972,9.725,121.4,0.00565,0.419,0.28739629
1554777993018,9.771,121.4,0.00565,0.419,0.28739629
1554777993064,9.817,121.4,0.00565,0.419,0.28739629
1554777993125,9.879,121.4,0.00563,0.417,0.285011994
1554777993171,9.924,121.4,0.00563,0.417,0.285011994
1554777993217,9.97,121.4,0.00563,0.417,0.285011994
1554777993263,10.016,121.4,0.00563,0.417,0.285011994
1554777993326,10.079,121.4,0.00563,0.42,0.28706244
1554777993372,10.125,121.4,0.00563,0.42,0.28706244
1554777993418,10.171,121.4,0.00563,0.42,0.28706244
1554777993464,10.217,121.4,0.00563,0.42,0.28706244
1554777993526,10.279,121.4,0.00562,0.419,0.285870292
1554777993572,10.325,121.4,0.00562,0.419,0.285870292
1554777993618,10.371,121.4,0.00562,0.419,0.285870292
1554777993665,10.418,121.4,0.00562,0.419,0.285870292
1554777993726,10.479,121.4,0.00562,0.419,0.285870292
1554777993771,10.524,121.4,0.00562,0.419,0.285870292
1554777993818,10.571,121.4,0.00562,0.419,0.285870292
1554777993864,10.617,121.4,0.00562,0.419,0.285870292
1554777993926,10.679,121.4,0.00558,0.417,0.282480804
1554777993972,10.725,121.4,0.00558,0.417,0.282480804
1554777994018,10.771,121.4,0.00558,0.417,0.282480804
1554777994064,10.817,121.4,0.00558,0.417,0.282480804
1554777994125,10.879,121.4,0.00559,0.419,0.284344294
1554777994171,10.924,121.4,0.00559,0.419,0.284344294
1554777994217,10.97,121.4,0.00559,0.419,0.284344294
1554777994263,11.016,121.4,0.00559,0.419,0.284344294
1554777994325,11.078,121.4,0.00564,0.416,0.284833536
1554777994371,11.124,121.4,0.00564,0.416,0.284833536
1554777994417,11.17,121.4,0.00564,0.416,0.284833536
1554777994463,11.216,121.4,0.00564,0.416,0.284833536
1554777994526,11.279,121.4,0.00568,0.415,0.28616408
1554777994572,11.325,121.4,0.00568,0.415,0.28616408
1554777994618,11.371,121.4,0.00568,0.415,0.28616408
1554777994664,11.417,121.4,0.00568,0.415,0.28616408
1554777994725,11.478,121.4,0.00564,0.416,0.284833536
1554777994771,11.524,121.4,0.00564,0.416,0.284833536
1554777994817,11.57,121.4,0.00564,0.416,0.284833536
1554777994863,11.616,121.4,0.00564,0.416,0.284833536
1554777994926,11.679,121.4,0.00565,0.418,0.28671038
1554777994972,11.725,121.4,0.00565,0.418,0.28671038
1554777995018,11.771,121.4,0.00565,0.418,0.28671038
1554777995064,11.817,121.4,0.00565,0.418,0.28671038
1554777995125,11.878,121.4,0.00564,0.417,0.285518232
1554777995171,11.924,121.4,0.00564,0.417,0.285518232
1554777995217,11.97,121.4,0.00564,0.417,0.285518232
1554777995263,12.016,121.4,0.00564,0.417,0.285518232
1554777995326,12.079,121.4,0.00568,0.416,0.286853632
1554777995372,12.125,121.4,0.00568,0.416,0.286853632
1554777995418,12.171,121.4,0.00568,0.416,0.286853632
1554777995464,12.217,121.4,0.00568,0.416,0.286853632
1554777995525,12.278,121.4,0.00568,0.419,0.288922288
1554777995571,12.324,121.4,0.00568,0.419,0.288922288
1554777995617,12.37,121.4,0.00568,0.419,0.288922288
1554777995663,12.416,121.4,0.00568,0.419,0.288922288
1554777995726,12.479,121.4,0.00569,0.418,0.288740188
1554777995772,12.525,121.4,0.00569,0.418,0.288740188
1554777995818,12.571,121.4,0.00569,0.418,0.288740188
1554777995864,12.617,121.4,0.00569,0.418,0.288740188
1554777995926,12.679,121.4,0.0057,0.417,0.28855566
1554777995972,12.725,121.4,0.0057,0.417,0.28855566
1554777996018,12.771,121.4,0.0057,0.417,0.28855566
1554777996064,12.817,121.4,0.0057,0.417,0.28855566
1554777996126,12.879,121.4,0.00569,0.418,0.288740188
1554777996172,12.925,121.4,0.00569,0.418,0.288740188
1554777996218,12.971,121.4,0.00569,0.418,0.288740188
1554777996264,13.017,121.4,0.00569,0.418,0.288740188
1554777996326,13.079,121.4,0.00568,0.417,0.287543184
1554777996372,13.125,121.4,0.00568,0.417,0.287543184
1554777996418,13.171,121.4,0.00568,0.417,0.287543184
1554777996464,13.217,121.4,0.00568,0.417,0.287543184
1554777996525,13.278,121.4,0.00569,0.416,0.287358656
1554777996571,13.324,121.4,0.00569,0.416,0.287358656
1554777996617,13.371,121.4,0.00569,0.416,0.287358656
1554777996664,13.417,121.4,0.00569,0.416,0.287358656
1554777996726,13.479,121.4,0.0057,0.418,0.28924764
1554777996772,13.525,121.4,0.0057,0.418,0.28924764
1554777996818,13.571,121.4,0.0057,0.418,0.28924764
1554777996864,13.618,121.4,0.0057,0.418,0.28924764
1554777996926,13.679,121.4,0.00566,0.418,0.287217832
1554777996972,13.725,121.4,0.00566,0.418,0.287217832
1554777997018,13.771,121.4,0.00566,0.418,0.287217832
1554777997064,13.817,121.4,0.00566,0.418,0.287217832
1554777997125,13.878,121.4,0.00569,0.412,0.284595592
1554777997171,13.924,121.4,0.00569,0.412,0.284595592
1554777997217,13.97,121.4,0.00569,0.412,0.284595592
1554777997263,14.016,121.4,0.00569,0.412,0.284595592
1554777997325,14.079,121.4,0.00569,0.412,0.284595592
1554777997371,14.124,121.4,0.00569,0.412,0.284595592
1554777997418,14.171,121.4,0.00569,0.412,0.284595592
1554777997464,14.217,121.4,0.00569,0.412,0.284595592
1554777997525,14.278,121.4,0.00565,0.415,0.28465265
1554777997571,14.324,121.4,0.00565,0.415,0.28465265
1554777997617,14.37,121.4,0.00565,0.415,0.28465265
1554777997663,14.416,121.4,0.00565,0.415,0.28465265
1554777997725,14.478,121.4,0.00565,0.414,0.28396674
1554777997772,14.525,121.4,0.00565,0.414,0.28396674
1554777997818,14.571,121.4,0.00565,0.414,0.28396674
1554777997864,14.617,121.4,0.00565,0.414,0.28396674
1554777997925,14.678,121.4,0.00565,0.414,0.28396674
1554777997971,14.724,121.4,0.00565,0.414,0.28396674
1554777998017,14.77,121.4,0.00565,0.414,0.28396674
1554777998063,14.816,121.4,0.00565,0.414,0.28396674
1554777998125,14.878,121.4,0.00562,0.415,0.28314122
1554777998172,14.925,121.4,0.00562,0.415,0.28314122
1554777998218,14.971,121.4,0.00562,0.415,0.28314122
1554777998264,15.017,121.4,0.00562,0.415,0.28314122
1554777998325,15.078,121.4,0.00562,0.415,0.28314122
1554777998371,15.124,121.4,0.00562,0.415,0.28314122
1554777998417,15.17,121.4,0.00562,0.415,0.28314122
1554777998464,15.217,121.4,0.00562,0.415,0.28314122
1554777998526,15.279,121.4,0.00565,0.413,0.28328083
1554777998572,15.325,121.4,0.00565,0.413,0.28328083
1554777998618,15.371,121.4,0.00565,0.413,0.28328083
1554777998664,15.417,121.4,0.00565,0.413,0.28328083
1554777998725,15.478,121.4,0.00568,0.416,0.286853632
1554777998771,15.524,121.4,0.00568,0.416,0.286853632
1554777998818,15.571,121.4,0.00568,0.416,0.286853632
1554777998864,15.617,121.4,0.00568,0.416,0.286853632
1554777998925,15.678,121.4,0.00566,0.417,0.286530708
1554777998971,15.724,121.4,0.00566,0.417,0.286530708
1554777999017,15.77,121.4,0.00566,0.417,0.286530708
1554777999063,15.816,121.4,0.00566,0.417,0.286530708
1554777999125,15.878,121.4,0.00563,0.417,0.285011994
1554777999172,15.925,121.4,0.00563,0.417,0.285011994
1554777999218,15.971,121.4,0.00563,0.417,0.285011994
1554777999264,16.017,121.4,0.00563,0.417,0.285011994
1554777999325,16.078,121.4,0.00566,0.415,0.28515646
1554777999371,16.124,121.4,0.00566,0.415,0.28515646
1554777999417,16.17,121.4,0.00566,0.415,0.28515646
1554777999463,16.216,121.4,0.00566,0.415,0.28515646
1554777999525,16.278,121.4,0.00566,0.418,0.287217832
1554777999571,16.324,121.4,0.00566,0.418,0.287217832
1554777999617,16.37,121.4,0.00566,0.418,0.287217832
1554777999663,16.416,121.4,0.00566,0.418,0.287217832
1554777999725,16.478,121.4,0.00568,0.418,0.288232736
1554777999771,16.524,121.4,0.00568,0.418,0.288232736
1554777999817,16.57,121.4,0.00568,0.418,0.288232736
1554777999864,16.617,121.4,0.00568,0.418,0.288232736
1554777999925,16.678,121.4,0.00572,0.417,0.289568136
1554777999971,16.724,121.4,0.00572,0.417,0.289568136
1554778000017,16.77,121.4,0.00572,0.417,0.289568136
1554778000063,16.816,121.4,0.00572,0.417,0.289568136
1554778000125,16.878,121.4,0.0057,0.417,0.28855566
1554778000171,16.924,121.4,0.0057,0.417,0.28855566
1554778000217,16.97,121.4,0.0057,0.417,0.28855566
1554778000264,17.017,121.4,0.0057,0.417,0.28855566
1554778000325,17.078,121.4,0.00567,0.418,0.287725284
1554778000371,17.124,121.4,0.00567,0.418,0.287725284
1554778000417,17.17,121.4,0.00567,0.418,0.287725284
1554778000463,17.216,121.4,0.00567,0.418,0.287725284
1554778000525,17.279,121.4,0.00566,0.419,0.287904956
1554778000572,17.325,121.4,0.00566,0.419,0.287904956
1554778000618,17.371,121.4,0.00566,0.419,0.287904956
1554778000664,17.417,121.4,0.00566,0.419,0.287904956
1554778000725,17.478,121.4,0.00568,0.417,0.287543184
1554778000771,17.524,121.4,0.00568,0.417,0.287543184
1554778000817,17.57,121.4,0.00568,0.417,0.287543184
1554778000863,17.616,121.4,0.00568,0.417,0.287543184
1554778000925,17.679,121.4,0.00567,0.416,0.286348608
1554778000972,17.725,121.4,0.00567,0.416,0.286348608
1554778001018,17.771,121.4,0.00567,0.416,0.286348608
1554778001064,17.817,121.4,0.00567,0.416,0.286348608
1554778001125,17.878,121.4,0.00565,0.417,0.28602447
1554778001171,17.925,121.4,0.00565,0.417,0.28602447
1554778001218,17.971,121.4,0.00565,0.417,0.28602447
1554778001264,18.017,121.4,0.00565,0.417,0.28602447
1554778001325,18.078,121.4,0.00562,0.419,0.285870292
1554778001371,18.124,121.4,0.00562,0.419,0.285870292
1554778001417,18.17,121.4,0.00562,0.419,0.285870292
1554778001463,18.216,121.4,0.00562,0.419,0.285870292
1554778001525,18.278,121.4,0.00564,0.416,0.284833536
1554778001571,18.324,121.4,0.00564,0.416,0.284833536
1554778001617,18.37,121.4,0.00564,0.416,0.284833536
1554778001663,18.416,121.4,0.00564,0.416,0.284833536
1554778001725,18.478,121.4,0.00562,0.415,0.28314122
1554778001771,18.524,121.4,0.00562,0.415,0.28314122
1554778001819,18.572,121.4,0.00562,0.415,0.28314122
1554778001865,18.618,121.4,0.00562,0.415,0.28314122
1554778001925,18.678,121.4,0.0056,0.418,0.28417312
1554778001971,18.724,121.4,0.0056,0.418,0.28417312
1554778002017,18.77,121.4,0.0056,0.418,0.28417312
1554778002063,18.816,121.4,0.0056,0.418,0.28417312
1554778002125,18.878,121.4,0.00561,0.415,0.28263741
1554778002171,18.924,121.4,0.00561,0.415,0.28263741
1554778002218,18.971,121.4,0.00561,0.415,0.28263741
1554778002264,19.017,121.4,0.00561,0.415,0.28263741
1554778002325,19.078,121.4,0.00563,0.416,0.284328512
1554778002371,19.124,121.4,0.00563,0.416,0.284328512
1554778002417,19.17,121.4,0.00563,0.416,0.284328512
1554778002463,19.216,121.4,0.00563,0.416,0.284328512
1554778002525,19.278,121.4,0.00569,0.412,0.284595592
1554778002571,19.324,121.4,0.00569,0.412,0.284595592
1554778002617,19.37,121.4,0.00569,0.412,0.284595592
1554778002663,19.416,121.4,0.00569,0.412,0.284595592
1554778002725,19.478,121.4,0.00567,0.415,0.28566027
1554778002771,19.524,121.4,0.00567,0.415,0.28566027
1554778002817,19.57,121.4,0.00567,0.415,0.28566027
1554778002863,19.616,121.4,0.00567,0.415,0.28566027
1554778002924,19.677,121.4,0.00563,0.417,0.285011994
1554778002970,19.723,121.4,0.00563,0.417,0.285011994
1554778003016,19.769,121.4,0.00563,0.417,0.285011994
1554778003062,19.815,121.4,0.00563,0.417,0.285011994
1554778003124,19.877,121.4,0.00564,0.416,0.284833536
1554778003171,19.924,121.4,0.00564,0.416,0.284833536
1554778003217,19.97,121.4,0.00564,0.416,0.284833536
1554778003263,20.016,121.4,0.00564,0.416,0.284833536
1554778003324,20.077,121.4,0.0057,0.415,0.2871717
1554778003370,20.123,121.4,0.0057,0.415,0.2871717
1554778003416,20.169,121.4,0.0057,0.415,0.2871717
1554778003463,20.216,121.4,0.0057,0.415,0.2871717
1554778003525,20.278,121.4,0.0057,0.415,0.2871717
1554778003571,20.324,121.4,0.0057,0.415,0.2871717
1554778003617,20.37,121.4,0.0057,0.415,0.2871717
1554778003663,20.416,121.4,0.0057,0.415,0.2871717
1554778003725,20.478,121.4,0.00569,0.417,0.288049422
1554778003771,20.524,121.4,0.00569,0.417,0.288049422
1554778003817,20.57,121.4,0.00569,0.417,0.288049422
1554778003863,20.616,121.4,0.00569,0.417,0.288049422
1554778003924,20.677,121.4,0.00571,0.416,0.288368704
1554778003970,20.724,121.4,0.00571,0.416,0.288368704
1554778004017,20.77,121.4,0.00571,0.416,0.288368704
1554778004063,20.816,121.4,0.00571,0.416,0.288368704
1554778004125,20.878,121.4,0.0057,0.418,0.28924764
1554778004171,20.924,121.4,0.0057,0.418,0.28924764
1554778004217,20.97,121.4,0.0057,0.418,0.28924764
1554778004263,21.016,121.4,0.0057,0.418,0.28924764
1554778004324,21.077,121.3,0.00568,0.417,0.287306328
1554778004370,21.123,121.3,0.00568,0.417,0.287306328
1554778004416,21.169,121.3,0.00568,0.417,0.287306328
1554778004462,21.215,121.3,0.00568,0.417,0.287306328
1554778004524,21.277,121.4,0.00567,0.417,0.287036946
1554778004571,21.324,121.4,0.00567,0.417,0.287036946
1554778004617,21.37,121.4,0.00567,0.417,0.287036946
1554778004663,21.416,121.4,0.00567,0.417,0.287036946
1554778004724,21.477,121.4,0.00565,0.42,0.2880822
1554778004770,21.523,121.4,0.00565,0.42,0.2880822
1554778004819,21.572,121.4,0.00565,0.42,0.2880822
1554778004866,21.619,121.4,0.00565,0.42,0.2880822
1554778004924,21.677,121.4,0.00568,0.417,0.287543184
1554778004970,21.723,121.4,0.00568,0.417,0.287543184
1554778005016,21.769,121.4,0.00568,0.417,0.287543184
1554778005062,21.816,121.4,0.00568,0.417,0.287543184
1554778005125,21.878,121.4,0.00568,0.415,0.28616408
1554778005171,21.924,121.4,0.00568,0.415,0.28616408
1554778005217,21.97,121.4,0.00568,0.415,0.28616408
1554778005263,22.016,121.4,0.00568,0.415,0.28616408
1554778005324,22.077,121.4,0.00562,0.416,0.283823488
1554778005370,22.123,121.4,0.00562,0.416,0.283823488
1554778005416,22.169,121.4,0.00562,0.416,0.283823488
1554778005462,22.215,121.4,0.00562,0.416,0.283823488
1554778005525,22.278,121.4,0.00561,0.417,0.283999518
1554778005571,22.324,121.4,0.00561,0.417,0.283999518
1554778005617,22.37,121.4,0.00561,0.417,0.283999518
1554778005663,22.416,121.4,0.00561,0.417,0.283999518
1554778005724,22.477,121.4,0.00562,0.419,0.285870292
1554778005770,22.523,121.4,0.00562,0.419,0.285870292
1554778005816,22.569,121.4,0.00562,0.419,0.285870292
1554778005862,22.615,121.4,0.00562,0.419,0.285870292
1554778005925,22.678,121.4,0.00562,0.417,0.284505756
1554778005971,22.724,121.4,0.00562,0.417,0.284505756
1554778006017,22.77,121.4,0.00562,0.417,0.284505756
1554778006063,22.816,121.4,0.00562,0.417,0.284505756
1554778006124,22.877,121.4,0.00558,0.415,0.28112598
1554778006171,22.924,121.4,0.00558,0.415,0.28112598
1554778006217,22.97,121.4,0.00558,0.415,0.28112598
1554778006263,23.016,121.4,0.00558,0.415,0.28112598
1554778006324,23.077,121.4,0.00561,0.416,0.283318464
1554778006370,23.123,121.4,0.00561,0.416,0.283318464
1554778006416,23.169,121.4,0.00561,0.416,0.283318464
1554778006462,23.215,121.4,0.00561,0.416,0.283318464
1554778006525,23.278,121.4,0.00565,0.414,0.28396674
1554778006571,23.324,121.4,0.00565,0.414,0.28396674
1554778006617,23.37,121.4,0.00565,0.414,0.28396674
1554778006663,23.416,121.4,0.00565,0.414,0.28396674
1554778006724,23.477,121.4,0.00564,0.415,0.28414884
1554778006770,23.523,121.4,0.00564,0.415,0.28414884
1554778006816,23.569,121.4,0.00564,0.415,0.28414884
1554778006863,23.616,121.4,0.00564,0.415,0.28414884
1554778006924,23.677,121.4,0.00568,0.418,0.288232736
1554778006970,23.723,121.4,0.00568,0.418,0.288232736
1554778007016,23.769,121.4,0.00568,0.418,0.288232736
1554778007062,23.815,121.4,0.00568,0.418,0.288232736
1554778007124,23.877,121.4,0.00566,0.416,0.285843584
1554778007171,23.924,121.4,0.00566,0.416,0.285843584
1554778007217,23.97,121.4,0.00566,0.416,0.285843584
1554778007263,24.016,121.4,0.00566,0.416,0.285843584
1554778007324,24.077,121.4,0.00566,0.416,0.285843584
1554778007370,24.123,121.4,0.00566,0.416,0.285843584
1554778007416,24.169,121.4,0.00566,0.416,0.285843584
1554778007463,24.216,121.4,0.00566,0.416,0.285843584
1554778007524,24.277,121.4,0.00571,0.414,0.286982316
1554778007569,24.322,121.4,0.00571,0.414,0.286982316
1554778007616,24.369,121.4,0.00571,0.414,0.286982316
1554778007662,24.415,121.4,0.00571,0.414,0.286982316
1554778007724,24.477,121.4,0.00574,0.414,0.288490104
1554778007770,24.523,121.4,0.00574,0.414,0.288490104
1554778007816,24.569,121.4,0.00574,0.414,0.288490104
1554778007866,24.619,121.4,0.00574,0.414,0.288490104
1554778007924,24.677,121.4,0.00568,0.415,0.28616408
1554778007970,24.723,121.4,0.00568,0.415,0.28616408
1554778008016,24.769,121.4,0.00568,0.415,0.28616408
1554778008062,24.815,121.4,0.00568,0.415,0.28616408
1554778008124,24.877,121.4,0.0057,0.415,0.2871717
1554778008170,24.923,121.4,0.0057,0.415,0.2871717
1554778008216,24.969,121.4,0.0057,0.415,0.2871717
1554778008262,25.015,121.4,0.0057,0.415,0.2871717
1554778008324,25.077,121.4,0.00572,0.414,0.287484912
1554778008370,25.124,121.4,0.00572,0.414,0.287484912
1554778008417,25.17,121.4,0.00572,0.414,0.287484912
1554778008463,25.216,121.4,0.00572,0.414,0.287484912
1554778008524,25.277,121.4,0.00571,0.413,0.286289122
1554778008570,25.323,121.4,0.00571,0.413,0.286289122
1554778008616,25.37,121.4,0.00571,0.413,0.286289122
1554778008663,25.416,121.4,0.00571,0.413,0.286289122
1554778008724,25.477,121.4,0.00572,0.416,0.288873728
1554778008770,25.523,121.4,0.00572,0.416,0.288873728
1554778008816,25.569,121.4,0.00572,0.416,0.288873728
1554778008862,25.615,121.4,0.00572,0.416,0.288873728
1554778008923,25.676,121.4,0.00571,0.417,0.289061898
1554778008969,25.722,121.4,0.00571,0.417,0.289061898
1554778009015,25.768,121.4,0.00571,0.417,0.289061898
1554778009061,25.814,121.4,0.00571,0.417,0.289061898
1554778009124,25.877,121.4,0.00568,0.416,0.286853632
1554778009170,25.923,121.4,0.00568,0.416,0.286853632
1554778009216,25.969,121.4,0.00568,0.416,0.286853632
1554778009262,26.015,121.4,0.00568,0.416,0.286853632
1554778009324,26.077,121.4,0.00565,0.415,0.28465265
1554778009370,26.123,121.4,0.00565,0.415,0.28465265
1554778009417,26.17,121.4,0.00565,0.415,0.28465265
1554778009463,26.216,121.4,0.00565,0.415,0.28465265
1554778009524,26.277,121.4,0.00563,0.416,0.284328512
1554778009570,26.323,121.4,0.00563,0.416,0.284328512
1554778009616,26.369,121.4,0.00563,0.416,0.284328512
1554778009662,26.415,121.4,0.00563,0.416,0.284328512
1554778009723,26.476,121.4,0.00565,0.416,0.28533856
1554778009769,26.522,121.4,0.00565,0.416,0.28533856
1554778009816,26.569,121.4,0.00565,0.416,0.28533856
1554778009862,26.615,121.4,0.00565,0.416,0.28533856
1554778009924,26.677,121.4,0.00562,0.418,0.285188024
1554778009970,26.723,121.4,0.00562,0.418,0.285188024
1554778010016,26.769,121.4,0.00562,0.418,0.285188024
1554778010062,26.815,121.4,0.00562,0.418,0.285188024
1554778010123,26.876,121.4,0.00564,0.415,0.28414884
1554778010169,26.922,121.4,0.00564,0.415,0.28414884
1554778010216,26.969,121.4,0.00564,0.415,0.28414884
1554778010262,27.015,121.4,0.00564,0.415,0.28414884
1554778010324,27.077,121.4,0.00565,0.416,0.28533856
1554778010370,27.123,121.4,0.00565,0.416,0.28533856
1554778010416,27.169,121.4,0.00565,0.416,0.28533856
1554778010462,27.215,121.4,0.00565,0.416,0.28533856
1554778010523,27.276,121.4,0.0056,0.417,0.28349328
1554778010570,27.323,121.4,0.0056,0.417,0.28349328
1554778010616,27.369,121.4,0.0056,0.417,0.28349328
1554778010662,27.415,121.4,0.0056,0.417,0.28349328
1554778010724,27.477,121.4,0.00561,0.418,0.284680572
1554778010770,27.523,121.4,0.00561,0.418,0.284680572
1554778010816,27.569,121.4,0.00561,0.418,0.284680572
1554778010862,27.615,121.4,0.00561,0.418,0.284680572
1554778010923,27.676,121.4,0.00565,0.419,0.28739629
1554778010970,27.723,121.4,0.00565,0.419,0.28739629
1554778011016,27.769,121.4,0.00565,0.419,0.28739629
1554778011062,27.815,121.4,0.00565,0.419,0.28739629
1554778011124,27.877,121.4,0.00564,0.417,0.285518232
1554778011170,27.923,121.4,0.00564,0.417,0.285518232
1554778011216,27.969,121.4,0.00564,0.417,0.285518232
1554778011263,28.016,121.4,0.00564,0.417,0.285518232
1554778011324,28.077,121.4,0.00566,0.415,0.28515646
1554778011370,28.123,121.4,0.00566,0.415,0.28515646
1554778011416,28.169,121.4,0.00566,0.415,0.28515646
1554778011462,28.215,121.4,0.00566,0.415,0.28515646
1554778011523,28.276,121.3,0.00571,0.417,0.288823791
1554778011569,28.322,121.3,0.00571,0.417,0.288823791
1554778011615,28.368,121.3,0.00571,0.417,0.288823791
1554778011661,28.414,121.3,0.00571,0.417,0.288823791
1554778011724,28.477,121.3,0.00571,0.416,0.288131168
1554778011770,28.523,121.3,0.00571,0.416,0.288131168
1554778011816,28.569,121.3,0.00571,0.416,0.288131168
1554778011862,28.615,121.3,0.00571,0.416,0.288131168
1554778011923,28.676,121.4,0.00572,0.418,0.290262544
1554778011969,28.722,121.4,0.00572,0.418,0.290262544
1554778012015,28.768,121.4,0.00572,0.418,0.290262544
1554778012061,28.814,121.4,0.00572,0.418,0.290262544
1554778012123,28.876,121.4,0.00569,0.419,0.289430954
1554778012169,28.922,121.4,0.00569,0.419,0.289430954
1554778012216,28.969,121.4,0.00569,0.419,0.289430954
1554778012262,29.015,121.4,0.00569,0.419,0.289430954
1554778012324,29.077,121.4,0.00569,0.418,0.288740188
1554778012370,29.123,121.4,0.00569,0.418,0.288740188
1554778012416,29.169,121.4,0.00569,0.418,0.288740188
1554778012462,29.215,121.4,0.00569,0.418,0.288740188
1554778012523,29.276,121.4,0.00572,0.413,0.286790504
1554778012570,29.323,121.4,0.00572,0.413,0.286790504
1554778012616,29.369,121.4,0.00572,0.413,0.286790504
1554778012662,29.415,121.4,0.00572,0.413,0.286790504
1554778012723,29.476,121.4,0.00571,0.413,0.286289122
1554778012769,29.522,121.4,0.00571,0.413,0.286289122
1554778012815,29.568,121.4,0.00571,0.413,0.286289122
1554778012861,29.614,121.4,0.00571,0.413,0.286289122
1554778012923,29.676,121.4,0.00571,0.416,0.288368704
1554778012969,29.722,121.4,0.00571,0.416,0.288368704
1554778013016,29.769,121.4,0.00571,0.416,0.288368704
1554778013062,29.815,121.4,0.00571,0.416,0.288368704
1554778013123,29.876,121.4,0.00566,0.416,0.285843584
1554778013169,29.922,121.4,0.00566,0.416,0.285843584
1554778013215,29.968,121.4,0.00566,0.416,0.285843584
1554778013261,30.014,121.4,0.00566,0.416,0.285843584
1554778013323,30.076,121.4,0.00565,0.416,0.28533856
1554778013369,30.122,121.4,0.00565,0.416,0.28533856
1554778013416,30.169,121.4,0.00565,0.416,0.28533856
1554778013462,30.215,121.4,0.00565,0.416,0.28533856
1554778013523,30.276,121.4,0.00568,0.415,0.28616408
1554778013569,30.322,121.4,0.00568,0.415,0.28616408
1554778013615,30.368,121.4,0.00568,0.415,0.28616408
1554778013661,30.414,121.4,0.00568,0.415,0.28616408
1554778013723,30.476,121.4,0.00568,0.415,0.28616408
1554778013769,30.523,121.4,0.00568,0.415,0.28616408
1554778013816,30.569,121.4,0.00568,0.415,0.28616408
1554778013862,30.615,121.4,0.00568,0.415,0.28616408
1554778013923,30.676,121.4,0.00564,0.414,0.283464144
1554778013969,30.722,121.4,0.00564,0.414,0.283464144
1554778014015,30.768,121.4,0.00564,0.414,0.283464144
1554778014061,30.814,121.4,0.00564,0.414,0.283464144
1554778014123,30.876,121.4,0.00562,0.416,0.283823488
1554778014169,30.923,121.4,0.00562,0.416,0.283823488
1554778014216,30.969,121.4,0.00562,0.416,0.283823488
1554778014262,31.015,121.4,0.00562,0.416,0.283823488
1554778014323,31.076,121.4,0.0056,0.418,0.28417312
1554778014369,31.122,121.4,0.0056,0.418,0.28417312
1554778014415,31.168,121.4,0.0056,0.418,0.28417312
1554778014461,31.214,121.4,0.0056,0.418,0.28417312
1554778014523,31.276,121.4,0.00564,0.416,0.284833536
1554778014570,31.323,121.4,0.00564,0.416,0.284833536
1554778014616,31.369,121.4,0.00564,0.416,0.284833536
1554778014662,31.415,121.4,0.00564,0.416,0.284833536
1554778014723,31.476,121.4,0.00562,0.419,0.285870292
1554778014769,31.522,121.4,0.00562,0.419,0.285870292
1554778014815,31.568,121.4,0.00562,0.419,0.285870292
1554778014861,31.614,121.4,0.00562,0.419,0.285870292
1554778014923,31.676,121.4,0.00566,0.416,0.285843584
1554778014969,31.722,121.4,0.00566,0.416,0.285843584
1554778015015,31.768,121.4,0.00566,0.416,0.285843584
1554778015061,31.814,121.4,0.00566,0.416,0.285843584
1554778015123,31.876,121.4,0.00571,0.414,0.286982316
1554778015169,31.922,121.4,0.00571,0.414,0.286982316
1554778015215,31.968,121.4,0.00571,0.414,0.286982316
1554778015261,32.014,121.4,0.00571,0.414,0.286982316
1554778015324,32.077,121.4,0.00564,0.417,0.285518232
1554778015370,32.123,121.4,0.00564,0.417,0.285518232
1554778015416,32.169,121.4,0.00564,0.417,0.285518232
1554778015463,32.216,121.4,0.00564,0.417,0.285518232
1554778015522,32.275,121.4,0.00565,0.417,0.28602447
1554778015568,32.321,121.4,0.00565,0.417,0.28602447
1554778015614,32.367,121.4,0.00565,0.417,0.28602447
1554778015660,32.414,121.4,0.00565,0.417,0.28602447
1554778015723,32.476,121.4,0.00567,0.417,0.287036946
1554778015769,32.522,121.4,0.00567,0.417,0.287036946
1554778015815,32.568,121.4,0.00567,0.417,0.287036946
1554778015861,32.614,121.4,0.00567,0.417,0.287036946
1554778015923,32.676,121.4,0.00571,0.418,0.289755092
1554778015969,32.722,121.4,0.00571,0.418,0.289755092
1554778016015,32.769,121.4,0.00571,0.418,0.289755092
1554778016062,32.815,121.4,0.00571,0.418,0.289755092
1554778016123,32.876,121.4,0.00569,0.417,0.288049422
1554778016169,32.922,121.4,0.00569,0.417,0.288049422
1554778016215,32.968,121.4,0.00569,0.417,0.288049422
1554778016261,33.014,121.4,0.00569,0.417,0.288049422
1554778016323,33.076,121.4,0.00569,0.419,0.289430954
1554778016369,33.122,121.4,0.00569,0.419,0.289430954
1554778016415,33.168,121.4,0.00569,0.419,0.289430954
1554778016461,33.214,121.4,0.00569,0.419,0.289430954
1554778016522,33.275,121.4,0.00565,0.42,0.2880822
1554778016568,33.321,121.4,0.00565,0.42,0.2880822
1554778016615,33.368,121.4,0.00565,0.42,0.2880822
1554778016661,33.414,121.4,0.00565,0.42,0.2880822
1554778016723,33.476,121.4,0.00565,0.416,0.28533856
1554778016769,33.522,121.4,0.00565,0.416,0.28533856
1554778016815,33.568,121.4,0.00565,0.416,0.28533856
1554778016861,33.614,121.4,0.00565,0.416,0.28533856
1554778016923,33.676,121.4,0.00566,0.419,0.287904956
1554778016969,33.722,121.4,0.00566,0.419,0.287904956
1554778017015,33.768,121.4,0.00566,0.419,0.287904956
1554778017061,33.814,121.4,0.00566,0.419,0.287904956
1554778017123,33.876,121.4,0.00565,0.418,0.28671038
1554778017169,33.922,121.4,0.00565,0.418,0.28671038
1554778017215,33.968,121.4,0.00565,0.418,0.28671038
1554778017262,34.015,121.4,0.00565,0.418,0.28671038
1554778017323,34.076,121.4,0.00563,0.419,0.286378958
1554778017369,34.122,121.4,0.00563,0.419,0.286378958
1554778017415,34.168,121.4,0.00563,0.419,0.286378958
1554778017461,34.214,121.4,0.00563,0.419,0.286378958
1554778017523,34.276,121.4,0.00566,0.415,0.28515646
1554778017569,34.322,121.4,0.00566,0.415,0.28515646
1554778017615,34.368,121.4,0.00566,0.415,0.28515646
1554778017661,34.414,121.4,0.00566,0.415,0.28515646
1554778017722,34.475,121.4,0.00563,0.416,0.284328512
1554778017768,34.521,121.4,0.00563,0.416,0.284328512
1554778017814,34.567,121.4,0.00563,0.416,0.284328512
1554778017861,34.614,121.4,0.00563,0.416,0.284328512
1554778017923,34.676,121.4,0.00563,0.417,0.285011994
1554778017969,34.722,121.4,0.00563,0.417,0.285011994
1554778018015,34.768,121.4,0.00563,0.417,0.285011994
1554778018061,34.814,121.4,0.00563,0.417,0.285011994
1554778018122,34.875,121.4,0.00559,0.418,0.283665668
1554778018168,34.921,121.4,0.00559,0.418,0.283665668
1554778018214,34.967,121.4,0.00559,0.418,0.283665668
1554778018260,35.013,121.4,0.00559,0.418,0.283665668
1554778018323,35.076,121.4,0.00561,0.417,0.283999518
1554778018369,35.122,121.4,0.00561,0.417,0.283999518
1554778018415,35.168,121.4,0.00561,0.417,0.283999518
1554778018461,35.214,121.4,0.00561,0.417,0.283999518
1554778018522,35.275,121.4,0.00564,0.415,0.28414884
1554778018568,35.321,121.4,0.00564,0.415,0.28414884
1554778018614,35.367,121.4,0.00564,0.415,0.28414884
1554778018660,35.413,121.4,0.00564,0.415,0.28414884
1554778018723,35.476,121.4,0.00565,0.415,0.28465265
1554778018769,35.522,121.4,0.00565,0.415,0.28465265
1554778018815,35.568,121.4,0.00565,0.415,0.28465265
1554778018861,35.614,121.4,0.00565,0.415,0.28465265
1554778018922,35.675,121.4,0.00568,0.413,0.284784976
1554778018968,35.721,121.4,0.00568,0.413,0.284784976
1554778019015,35.768,121.4,0.00568,0.413,0.284784976
1554778019061,35.814,121.4,0.00568,0.413,0.284784976
1554778019123,35.876,121.4,0.00567,0.416,0.286348608
1554778019169,35.922,121.4,0.00567,0.416,0.286348608
1554778019215,35.968,121.4,0.00567,0.416,0.286348608
1554778019261,36.014,121.4,0.00567,0.416,0.286348608
1554778019322,36.075,121.4,0.00566,0.416,0.285843584
1554778019368,36.121,121.4,0.00566,0.416,0.285843584
1554778019415,36.168,121.4,0.00566,0.416,0.285843584
1554778019461,36.214,121.4,0.00566,0.416,0.285843584
1554778019522,36.275,121.4,0.00566,0.417,0.286530708
1554778019568,36.321,121.4,0.00566,0.417,0.286530708
1554778019614,36.367,121.4,0.00566,0.417,0.286530708
1554778019660,36.413,121.4,0.00566,0.417,0.286530708
1554778019722,36.475,121.4,0.00572,0.414,0.287484912
1554778019768,36.521,121.4,0.00572,0.414,0.287484912
1554778019814,36.567,121.4,0.00572,0.414,0.287484912
1554778019860,36.613,121.4,0.00572,0.414,0.287484912
1554778019923,36.676,121.4,0.00577,0.414,0.289997892
1554778019969,36.722,121.4,0.00577,0.414,0.289997892
1554778020015,36.768,121.4,0.00577,0.414,0.289997892
1554778020061,36.814,121.4,0.00577,0.414,0.289997892
1554778020122,36.875,121.4,0.00577,0.412,0.288596936
1554778020168,36.921,121.4,0.00577,0.412,0.288596936
1554778020214,36.967,121.4,0.00577,0.412,0.288596936
1554778020260,37.013,121.4,0.00577,0.412,0.288596936
1554778020323,37.076,121.4,0.00572,0.415,0.28817932
1554778020369,37.122,121.4,0.00572,0.415,0.28817932
1554778020415,37.168,121.4,0.00572,0.415,0.28817932
1554778020461,37.214,121.4,0.00572,0.415,0.28817932
1554778020522,37.275,121.4,0.00569,0.415,0.28666789
1554778020569,37.322,121.4,0.00569,0.415,0.28666789
1554778020615,37.368,121.4,0.00569,0.415,0.28666789
1554778020661,37.414,121.4,0.00569,0.415,0.28666789
1554778020722,37.475,121.4,0.0057,0.415,0.2871717
1554778020768,37.521,121.4,0.0057,0.415,0.2871717
1554778020814,37.567,121.4,0.0057,0.415,0.2871717
1554778020860,37.613,121.4,0.0057,0.415,0.2871717
1554778020923,37.676,121.4,0.0057,0.415,0.2871717
1554778020969,37.722,121.4,0.0057,0.415,0.2871717
1554778021016,37.769,121.4,0.0057,0.415,0.2871717
1554778021062,37.815,121.4,0.0057,0.415,0.2871717
1554778021122,37.875,121.4,0.00567,0.416,0.286348608
1554778021168,37.921,121.4,0.00567,0.416,0.286348608
1554778021214,37.967,121.4,0.00567,0.416,0.286348608
1554778021260,38.013,121.4,0.00567,0.416,0.286348608
1554778021322,38.075,121.4,0.00566,0.415,0.28515646
1554778021368,38.121,121.4,0.00566,0.415,0.28515646
1554778021414,38.167,121.4,0.00566,0.415,0.28515646
1554778021460,38.213,121.4,0.00566,0.415,0.28515646
1554778021522,38.275,121.4,0.00564,0.416,0.284833536
1554778021568,38.321,121.4,0.00564,0.416,0.284833536
1554778021614,38.367,121.4,0.00564,0.416,0.284833536
1554778021660,38.413,121.4,0.00564,0.416,0.284833536
1554778021722,38.475,121.4,0.00561,0.413,0.281275302
1554778021768,38.521,121.4,0.00561,0.413,0.281275302
1554778021814,38.567,121.4,0.00561,0.413,0.281275302
1554778021861,38.614,121.4,0.00561,0.413,0.281275302
1554778021922,38.675,121.4,0.00564,0.414,0.283464144
1554778021968,38.721,121.4,0.00564,0.414,0.283464144
1554778022014,38.767,121.4,0.00564,0.414,0.283464144
1554778022060,38.813,121.4,0.00564,0.414,0.283464144
1554778022122,38.875,121.4,0.00563,0.415,0.28364503
1554778022168,38.921,121.4,0.00563,0.415,0.28364503
1554778022215,38.968,121.4,0.00563,0.415,0.28364503
1554778022261,39.014,121.4,0.00563,0.415,0.28364503
1554778022322,39.075,121.4,0.00564,0.416,0.284833536
1554778022368,39.121,121.4,0.00564,0.416,0.284833536
1554778022414,39.167,121.4,0.00564,0.416,0.284833536
1554778022460,39.213,121.4,0.00564,0.416,0.284833536
1554778022522,39.275,121.4,0.00565,0.414,0.28396674
1554778022568,39.321,121.4,0.00565,0.414,0.28396674
1554778022614,39.367,121.4,0.00565,0.414,0.28396674
1554778022660,39.413,121.4,0.00565,0.414,0.28396674
1554778022722,39.475,121.4,0.00566,0.416,0.285843584
1554778022768,39.521,121.4,0.00566,0.416,0.285843584
1554778022814,39.567,121.4,0.00566,0.416,0.285843584
1554778022860,39.613,121.4,0.00566,0.416,0.285843584
1554778022922,39.675,121.4,0.00563,0.419,0.286378958
1554778022967,39.72,121.4,0.00563,0.419,0.286378958
1554778023014,39.767,121.4,0.00563,0.419,0.286378958
1554778023060,39.813,121.4,0.00563,0.419,0.286378958
1554778023122,39.875,121.4,0.00565,0.416,0.28533856
1554778023168,39.921,121.4,0.00565,0.416,0.28533856
1554778023215,39.968,121.4,0.00565,0.416,0.28533856
1554778023261,40.014,121.4,0.00565,0.416,0.28533856
1554778023322,40.075,121.4,0.00567,0.415,0.28566027
1554778023368,40.121,121.4,0.00567,0.415,0.28566027
1554778023414,40.167,121.4,0.00567,0.415,0.28566027
1554778023461,40.214,121.4,0.00567,0.415,0.28566027
1554778023522,40.275,121.4,0.00566,0.417,0.286530708
1554778023568,40.321,121.4,0.00566,0.417,0.286530708
1554778023614,40.367,121.4,0.00566,0.417,0.286530708
1554778023660,40.413,121.4,0.00566,0.417,0.286530708
1554778023722,40.475,121.4,0.00567,0.417,0.287036946
1554778023768,40.521,121.4,0.00567,0.417,0.287036946
1554778023815,40.568,121.4,0.00567,0.417,0.287036946
1554778023861,40.614,121.4,0.00567,0.417,0.287036946
1554778023922,40.675,121.4,0.00568,0.418,0.288232736
1554778023968,40.721,121.4,0.00568,0.418,0.288232736
1554778024014,40.767,121.4,0.00568,0.418,0.288232736
1554778024060,40.813,121.4,0.00568,0.418,0.288232736
1554778024121,40.874,121.4,0.00576,0.417,0.291593088
1554778024167,40.92,121.4,0.00576,0.417,0.291593088
1554778024213,40.966,121.4,0.00576,0.417,0.291593088
1554778024260,41.013,121.4,0.00576,0.417,0.291593088
1554778024322,41.075,121.5,0.0057,0.418,0.2894859
1554778024368,41.121,121.5,0.0057,0.418,0.2894859
1554778024414,41.167,121.5,0.0057,0.418,0.2894859
1554778024460,41.213,121.5,0.0057,0.418,0.2894859
1554778024522,41.275,121.4,0.00567,0.416,0.286348608
1554778024568,41.321,121.4,0.00567,0.416,0.286348608
1554778024614,41.367,121.4,0.00567,0.416,0.286348608
1554778024660,41.413,121.4,0.00567,0.416,0.286348608
1554778024721,41.474,121.4,0.00567,0.418,0.287725284
1554778024767,41.52,121.4,0.00567,0.418,0.287725284
1554778024813,41.566,121.4,0.00567,0.418,0.287725284
1554778024860,41.613,121.4,0.00567,0.418,0.287725284
1554778024922,41.675,121.4,0.00568,0.415,0.28616408
1554778024968,41.721,121.4,0.00568,0.415,0.28616408
1554778025014,41.767,121.4,0.00568,0.415,0.28616408
1554778025060,41.813,121.4,0.00568,0.415,0.28616408
1554778025121,41.874,121.4,0.00568,0.418,0.288232736
1554778025167,41.92,121.4,0.00568,0.418,0.288232736
1554778025213,41.966,121.4,0.00568,0.418,0.288232736
1554778025259,42.012,121.4,0.00568,0.418,0.288232736
1554778025322,42.075,121.4,0.00566,0.417,0.286530708
1554778025368,42.121,121.4,0.00566,0.417,0.286530708
1554778025414,42.167,121.4,0.00566,0.417,0.286530708
1554778025460,42.213,121.4,0.00566,0.417,0.286530708
1554778025521,42.274,121.4,0.00561,0.416,0.283318464
1554778025567,42.32,121.4,0.00561,0.416,0.283318464
1554778025613,42.366,121.4,0.00561,0.416,0.283318464
1554778025659,42.412,121.4,0.00561,0.416,0.283318464
1554778025722,42.475,121.4,0.00564,0.417,0.285518232
1554778025768,42.521,121.4,0.00564,0.417,0.285518232
1554778025814,42.567,121.4,0.00564,0.417,0.285518232
1554778025860,42.613,121.4,0.00564,0.417,0.285518232
1554778025922,42.675,121.4,0.00561,0.416,0.283318464
1554778025968,42.721,121.4,0.00561,0.416,0.283318464
1554778026015,42.768,121.4,0.00561,0.416,0.283318464
1554778026061,42.814,121.4,0.00561,0.416,0.283318464
1554778026122,42.875,121.4,0.00564,0.417,0.285518232
1554778026168,42.921,121.4,0.00564,0.417,0.285518232
1554778026215,42.968,121.4,0.00564,0.417,0.285518232
1554778026261,43.014,121.4,0.00564,0.417,0.285518232
1554778026322,43.075,121.4,0.00564,0.416,0.284833536
1554778026368,43.121,121.4,0.00564,0.416,0.284833536
1554778026414,43.167,121.4,0.00564,0.416,0.284833536
1554778026460,43.213,121.4,0.00564,0.416,0.284833536
1554778026521,43.274,121.4,0.00561,0.416,0.283318464
1554778026568,43.321,121.4,0.00561,0.416,0.283318464
1554778026614,43.367,121.4,0.00561,0.416,0.283318464
1554778026660,43.413,121.4,0.00561,0.416,0.283318464
1554778026722,43.475,121.4,0.00564,0.42,0.28757232
1554778026768,43.521,121.4,0.00564,0.42,0.28757232
1554778026814,43.567,121.4,0.00564,0.42,0.28757232
1554778026860,43.613,121.4,0.00564,0.42,0.28757232
1554778026921,43.674,121.4,0.00562,0.42,0.28655256
1554778026967,43.72,121.4,0.00562,0.42,0.28655256
1554778027013,43.766,121.4,0.00562,0.42,0.28655256
1554778027059,43.812,121.4,0.00562,0.42,0.28655256
1554778027122,43.875,121.4,0.00565,0.419,0.28739629
1554778027168,43.921,121.4,0.00565,0.419,0.28739629
1554778027214,43.967,121.4,0.00565,0.419,0.28739629
1554778027260,44.013,121.4,0.00565,0.419,0.28739629
1554778027321,44.074,121.4,0.00567,0.419,0.288413622
1554778027367,44.12,121.4,0.00567,0.419,0.288413622
1554778027413,44.166,121.4,0.00567,0.419,0.288413622
1554778027460,44.213,121.4,0.00567,0.419,0.288413622
1554778027522,44.275,121.4,0.00563,0.419,0.286378958
1554778027568,44.321,121.4,0.00563,0.419,0.286378958
1554778027614,44.367,121.4,0.00563,0.419,0.286378958
1554778027660,44.413,121.4,0.00563,0.419,0.286378958
1554778027722,44.475,121.4,0.0057,0.416,0.28786368
1554778027768,44.521,121.4,0.0057,0.416,0.28786368
1554778027814,44.567,121.4,0.0057,0.416,0.28786368
1554778027860,44.613,121.4,0.0057,0.416,0.28786368
1554778027921,44.675,121.4,0.00574,0.415,0.28918694
1554778027968,44.721,121.4,0.00574,0.415,0.28918694
1554778028014,44.767,121.4,0.00574,0.415,0.28918694
1554778028060,44.813,121.4,0.00574,0.415,0.28918694
1554778028121,44.874,121.4,0.00571,0.417,0.289061898
1554778028167,44.92,121.4,0.00571,0.417,0.289061898
1554778028213,44.966,121.4,0.00571,0.417,0.289061898
1554778028259,45.012,121.4,0.00571,0.417,0.289061898
1554778028322,45.075,121.4,0.00571,0.416,0.288368704
1554778028368,45.121,121.4,0.00571,0.416,0.288368704
1554778028414,45.167,121.4,0.00571,0.416,0.288368704
1554778028460,45.213,121.4,0.00571,0.416,0.288368704
1554778028521,45.275,121.4,0.00566,0.418,0.287217832
1554778028568,45.321,121.4,0.00566,0.418,0.287217832
1554778028614,45.367,121.4,0.00566,0.418,0.287217832
1554778028660,45.413,121.4,0.00566,0.418,0.287217832
1554778028721,45.474,121.4,0.00568,0.415,0.28616408
1554778028767,45.52,121.4,0.00568,0.415,0.28616408
1554778028813,45.566,121.4,0.00568,0.415,0.28616408
1554778028859,45.612,121.4,0.00568,0.415,0.28616408
1554778028921,45.675,121.4,0.00565,0.417,0.28602447
1554778028968,45.721,121.4,0.00565,0.417,0.28602447
1554778029014,45.767,121.4,0.00565,0.417,0.28602447
1554778029060,45.813,121.4,0.00565,0.417,0.28602447
1554778029121,45.874,121.4,0.00563,0.416,0.284328512
1554778029167,45.921,121.4,0.00563,0.416,0.284328512
1554778029214,45.967,121.4,0.00563,0.416,0.284328512
1554778029260,46.013,121.4,0.00563,0.416,0.284328512
1554778029321,46.074,121.4,0.00565,0.415,0.28465265
1554778029367,46.12,121.4,0.00565,0.415,0.28465265
1554778029413,46.166,121.4,0.00565,0.415,0.28465265
1554778029459,46.212,121.4,0.00565,0.415,0.28465265
1554778029522,46.275,121.4,0.00561,0.417,0.283999518
1554778029568,46.321,121.4,0.00561,0.417,0.283999518
1554778029614,46.367,121.4,0.00561,0.417,0.283999518
1554778029660,46.413,121.4,0.00561,0.417,0.283999518
1554778029721,46.474,121.4,0.00561,0.417,0.283999518
1554778029767,46.52,121.4,0.00561,0.417,0.283999518
1554778029813,46.566,121.4,0.00561,0.417,0.283999518
1554778029859,46.613,121.4,0.00561,0.417,0.283999518
1554778029922,46.675,121.4,0.00561,0.417,0.283999518
1554778029968,46.721,121.4,0.00561,0.417,0.283999518
1554778030014,46.767,121.4,0.00561,0.417,0.283999518
1554778030060,46.813,121.4,0.00561,0.417,0.283999518
1554778030121,46.874,121.4,0.00561,0.417,0.283999518
1554778030168,46.921,121.4,0.00561,0.417,0.283999518
1554778030214,46.967,121.4,0.00561,0.417,0.283999518
1554778030260,47.013,121.4,0.00561,0.417,0.283999518
1554778030321,47.074,121.5,0.00564,0.416,0.28506816
1554778030367,47.12,121.5,0.00564,0.416,0.28506816
1554778030413,47.166,121.5,0.00564,0.416,0.28506816
1554778030460,47.213,121.5,0.00564,0.416,0.28506816
1554778030521,47.274,121.5,0.00566,0.416,0.28607904
1554778030567,47.32,121.5,0.00566,0.416,0.28607904
1554778030613,47.366,121.5,0.00566,0.416,0.28607904
1554778030659,47.412,121.5,0.00566,0.416,0.28607904
1554778030721,47.474,121.4,0.00568,0.411,0.283405872
1554778030767,47.52,121.4,0.00568,0.411,0.283405872
1554778030813,47.566,121.4,0.00568,0.411,0.283405872
1554778030859,47.612,121.4,0.00568,0.411,0.283405872
1554778030921,47.674,121.4,0.00566,0.413,0.283782212
1554778030968,47.721,121.4,0.00566,0.413,0.283782212
1554778031014,47.767,121.4,0.00566,0.413,0.283782212
1554778031060,47.813,121.4,0.00566,0.413,0.283782212
1554778031121,47.874,121.4,0.00571,0.42,0.29114148
1554778031167,47.92,121.4,0.00571,0.42,0.29114148
1554778031213,47.966,121.4,0.00571,0.42,0.29114148
1554778031259,48.012,121.4,0.00571,0.42,0.29114148
1554778031321,48.074,121.5,0.00586,0.42,0.2990358
1554778031367,48.12,121.5,0.00586,0.42,0.2990358
1554778031414,48.167,121.5,0.00586,0.42,0.2990358
1554778031460,48.213,121.5,0.00586,0.42,0.2990358
1554778031521,48.274,121.4,0.00583,0.423,0.299383326
1554778031567,48.32,121.4,0.00583,0.423,0.299383326
1554778031613,48.366,121.4,0.00583,0.423,0.299383326
1554778031659,48.412,121.4,0.00583,0.423,0.299383326
1554778031721,48.474,121.4,0.00588,0.42,0.29980944
1554778031768,48.521,121.4,0.00588,0.42,0.29980944
1554778031814,48.567,121.4,0.00588,0.42,0.29980944
1554778031860,48.613,121.4,0.00588,0.42,0.29980944
You pressed Ctrl+C!
1554778031921,48.674,121.4,0.00593,0.419,0.301638938
