# Mon Apr 08 22:30:45 2019
abstime,time_stamp,volt,curr,pf,mul
1554787846009,0.08,121.2,0.00599,0.423,0.307092924
1554787846056,0.127,121.2,0.00599,0.423,0.307092924
1554787846102,0.173,121.2,0.00599,0.423,0.307092924
1554787846147,0.218,121.2,0.0057,0.419,0.28946196
1554787846193,0.264,121.2,0.0057,0.419,0.28946196
1554787846238,0.309,121.2,0.0057,0.419,0.28946196
1554787846284,0.355,121.2,0.0057,0.419,0.28946196
1554787846337,0.408,121.2,0.00571,0.418,0.289277736
1554787846383,0.454,121.2,0.00571,0.418,0.289277736
1554787846428,0.499,121.2,0.00571,0.418,0.289277736
1554787846474,0.545,121.2,0.00571,0.418,0.289277736
1554787846538,0.609,121.3,0.00568,0.419,0.288684296
1554787846584,0.655,121.3,0.00568,0.419,0.288684296
1554787846630,0.701,121.3,0.00568,0.419,0.288684296
1554787846676,0.747,121.3,0.00568,0.419,0.288684296
1554787846737,0.808,121.2,0.00568,0.418,0.287757888
1554787846783,0.854,121.2,0.00568,0.418,0.287757888
1554787846829,0.9,121.2,0.00568,0.418,0.287757888
1554787846875,0.946,121.2,0.00568,0.418,0.287757888
1554787846938,1.009,121.2,0.0057,0.417,0.28808028
1554787846984,1.055,121.2,0.0057,0.417,0.28808028
1554787847030,1.101,121.2,0.0057,0.417,0.28808028
1554787847076,1.147,121.2,0.0057,0.417,0.28808028
1554787847137,1.208,121.2,0.00572,0.421,0.291864144
1554787847183,1.254,121.2,0.00572,0.421,0.291864144
1554787847229,1.3,121.2,0.00572,0.421,0.291864144
1554787847275,1.346,121.2,0.00572,0.421,0.291864144
1554787847338,1.409,121.3,0.00571,0.42,0.29090166
1554787847384,1.455,121.3,0.00571,0.42,0.29090166
1554787847430,1.501,121.3,0.00571,0.42,0.29090166
1554787847476,1.547,121.3,0.00571,0.42,0.29090166
1554787847537,1.608,121.2,0.00571,0.417,0.288585684
1554787847583,1.654,121.2,0.00571,0.417,0.288585684
1554787847629,1.7,121.2,0.00571,0.417,0.288585684
1554787847675,1.746,121.2,0.00571,0.417,0.288585684
1554787847738,1.809,121.2,0.00577,0.413,0.288820812
1554787847784,1.855,121.2,0.00577,0.413,0.288820812
1554787847830,1.901,121.2,0.00577,0.413,0.288820812
1554787847876,1.947,121.2,0.00577,0.413,0.288820812
1554787847937,2.008,121.2,0.00576,0.417,0.291112704
1554787847983,2.054,121.2,0.00576,0.417,0.291112704
1554787848029,2.1,121.2,0.00576,0.417,0.291112704
1554787848075,2.146,121.2,0.00576,0.417,0.291112704
1554787848138,2.209,121.2,0.00573,0.421,0.292374396
1554787848184,2.255,121.2,0.00573,0.421,0.292374396
1554787848230,2.301,121.2,0.00573,0.421,0.292374396
1554787848276,2.347,121.2,0.00573,0.421,0.292374396
1554787848337,2.408,121.2,0.00577,0.419,0.293016756
1554787848383,2.454,121.2,0.00577,0.419,0.293016756
1554787848429,2.5,121.2,0.00577,0.419,0.293016756
1554787848476,2.547,121.2,0.00577,0.419,0.293016756
1554787848538,2.609,121.2,0.00574,0.42,0.29218896
1554787848584,2.655,121.2,0.00574,0.42,0.29218896
1554787848630,2.701,121.2,0.00574,0.42,0.29218896
1554787848676,2.747,121.2,0.00574,0.42,0.29218896
1554787848737,2.808,121.1,0.00574,0.42,0.29194788
1554787848783,2.854,121.1,0.00574,0.42,0.29194788
1554787848829,2.9,121.1,0.00574,0.42,0.29194788
1554787848875,2.946,121.1,0.00574,0.42,0.29194788
1554787848938,3.009,121.1,0.00571,0.421,0.291113501
1554787848984,3.055,121.1,0.00571,0.421,0.291113501
1554787849030,3.101,121.1,0.00571,0.421,0.291113501
1554787849076,3.147,121.1,0.00571,0.421,0.291113501
1554787849137,3.208,121.1,0.00571,0.422,0.291804982
1554787849183,3.254,121.1,0.00571,0.422,0.291804982
1554787849229,3.3,121.1,0.00571,0.422,0.291804982
1554787849276,3.347,121.1,0.00571,0.422,0.291804982
1554787849338,3.409,121.2,0.0057,0.422,0.29153448
1554787849384,3.455,121.2,0.0057,0.422,0.29153448
1554787849430,3.501,121.2,0.0057,0.422,0.29153448
1554787849476,3.547,121.2,0.0057,0.422,0.29153448
1554787849537,3.608,121.2,0.00564,0.425,0.2905164
1554787849583,3.654,121.2,0.00564,0.425,0.2905164
1554787849630,3.701,121.2,0.00564,0.425,0.2905164
1554787849676,3.747,121.2,0.00564,0.425,0.2905164
1554787849738,3.809,121.2,0.0057,0.423,0.29222532
1554787849784,3.855,121.2,0.0057,0.423,0.29222532
1554787849830,3.901,121.2,0.0057,0.423,0.29222532
1554787849876,3.947,121.2,0.0057,0.423,0.29222532
1554787849937,4.008,121.2,0.00571,0.418,0.289277736
1554787849983,4.054,121.2,0.00571,0.418,0.289277736
1554787850029,4.1,121.2,0.00571,0.418,0.289277736
1554787850075,4.146,121.2,0.00571,0.418,0.289277736
1554787850138,4.209,121.2,0.00567,0.423,0.290687292
1554787850184,4.255,121.2,0.00567,0.423,0.290687292
1554787850230,4.301,121.2,0.00567,0.423,0.290687292
1554787850276,4.347,121.2,0.00567,0.423,0.290687292
1554787850337,4.408,121.2,0.00566,0.421,0.288802632
1554787850383,4.454,121.2,0.00566,0.421,0.288802632
1554787850430,4.501,121.2,0.00566,0.421,0.288802632
1554787850476,4.547,121.2,0.00566,0.421,0.288802632
1554787850537,4.608,121.2,0.00562,0.42,0.28608048
1554787850582,4.653,121.2,0.00562,0.42,0.28608048
1554787850629,4.7,121.2,0.00562,0.42,0.28608048
1554787850675,4.746,121.2,0.00562,0.42,0.28608048
1554787850737,4.808,121.2,0.00566,0.416,0.285372672
1554787850783,4.854,121.2,0.00566,0.416,0.285372672
1554787850829,4.9,121.2,0.00566,0.416,0.285372672
1554787850875,4.946,121.2,0.00566,0.416,0.285372672
1554787850938,5.009,121.2,0.00566,0.417,0.286058664
1554787850984,5.055,121.2,0.00566,0.417,0.286058664
1554787851030,5.101,121.2,0.00566,0.417,0.286058664
1554787851076,5.147,121.2,0.00566,0.417,0.286058664
1554787851137,5.208,121.2,0.00572,0.417,0.289091088
1554787851183,5.254,121.2,0.00572,0.417,0.289091088
1554787851229,5.3,121.2,0.00572,0.417,0.289091088
1554787851275,5.346,121.2,0.00572,0.417,0.289091088
1554787851338,5.409,121.2,0.00569,0.42,0.28964376
1554787851384,5.455,121.2,0.00569,0.42,0.28964376
1554787851430,5.501,121.2,0.00569,0.42,0.28964376
1554787851476,5.547,121.2,0.00569,0.42,0.28964376
1554787851537,5.608,121.2,0.00569,0.418,0.288264504
1554787851583,5.654,121.2,0.00569,0.418,0.288264504
1554787851629,5.701,121.2,0.00569,0.418,0.288264504
1554787851676,5.747,121.2,0.00569,0.418,0.288264504
1554787851737,5.808,121.2,0.00574,0.416,0.289406208
1554787851782,5.853,121.2,0.00574,0.416,0.289406208
1554787851828,5.899,121.2,0.00574,0.416,0.289406208
1554787851875,5.946,121.2,0.00574,0.416,0.289406208
1554787851937,6.008,121.2,0.00576,0.416,0.290414592
1554787851983,6.054,121.2,0.00576,0.416,0.290414592
1554787852029,6.1,121.2,0.00576,0.416,0.290414592
1554787852075,6.146,121.2,0.00576,0.416,0.290414592
1554787852137,6.208,121.2,0.00573,0.418,0.290290968
1554787852183,6.254,121.2,0.00573,0.418,0.290290968
1554787852229,6.301,121.2,0.00573,0.418,0.290290968
1554787852276,6.347,121.2,0.00573,0.418,0.290290968
1554787852337,6.408,121.2,0.00574,0.421,0.292884648
1554787852383,6.454,121.2,0.00574,0.421,0.292884648
1554787852429,6.5,121.2,0.00574,0.421,0.292884648
1554787852475,6.546,121.2,0.00574,0.421,0.292884648
1554787852537,6.608,121.2,0.00572,0.419,0.290477616
1554787852583,6.654,121.2,0.00572,0.419,0.290477616
1554787852629,6.701,121.2,0.00572,0.419,0.290477616
1554787852675,6.746,121.2,0.00572,0.419,0.290477616
1554787852737,6.808,121.2,0.00574,0.418,0.290797584
1554787852782,6.853,121.2,0.00574,0.418,0.290797584
1554787852828,6.899,121.2,0.00574,0.418,0.290797584
1554787852874,6.945,121.2,0.00574,0.418,0.290797584
1554787852937,7.008,121.2,0.00571,0.418,0.289277736
1554787852983,7.054,121.2,0.00571,0.418,0.289277736
1554787853029,7.1,121.2,0.00571,0.418,0.289277736
1554787853075,7.146,121.2,0.00571,0.418,0.289277736
1554787853136,7.208,121.1,0.00574,0.418,0.290557652
1554787853182,7.253,121.1,0.00574,0.418,0.290557652
1554787853228,7.299,121.1,0.00574,0.418,0.290557652
1554787853274,7.345,121.1,0.00574,0.418,0.290557652
1554787853337,7.408,121.2,0.00573,0.418,0.290290968
1554787853383,7.454,121.2,0.00573,0.418,0.290290968
1554787853429,7.5,121.2,0.00573,0.418,0.290290968
1554787853475,7.546,121.2,0.00573,0.418,0.290290968
1554787853536,7.607,121.2,0.00569,0.42,0.28964376
1554787853583,7.654,121.2,0.00569,0.42,0.28964376
1554787853629,7.7,121.2,0.00569,0.42,0.28964376
1554787853675,7.746,121.2,0.00569,0.42,0.28964376
1554787853737,7.808,121.2,0.00571,0.419,0.289969788
1554787853783,7.854,121.2,0.00571,0.419,0.289969788
1554787853830,7.901,121.2,0.00571,0.419,0.289969788
1554787853876,7.947,121.2,0.00571,0.419,0.289969788
1554787853937,8.008,121.1,0.00567,0.415,0.284954355
1554787853983,8.054,121.1,0.00567,0.415,0.284954355
1554787854029,8.1,121.1,0.00567,0.415,0.284954355
1554787854075,8.146,121.1,0.00567,0.415,0.284954355
1554787854136,8.207,121.1,0.00566,0.42,0.28787892
1554787854182,8.253,121.1,0.00566,0.42,0.28787892
1554787854228,8.299,121.1,0.00566,0.42,0.28787892
1554787854274,8.345,121.1,0.00566,0.42,0.28787892
1554787854337,8.408,121.2,0.00562,0.421,0.286761624
1554787854383,8.454,121.2,0.00562,0.421,0.286761624
1554787854429,8.5,121.2,0.00562,0.421,0.286761624
1554787854475,8.546,121.2,0.00562,0.421,0.286761624
1554787854536,8.607,121.2,0.0056,0.422,0.28641984
1554787854582,8.653,121.2,0.0056,0.422,0.28641984
1554787854629,8.7,121.2,0.0056,0.422,0.28641984
1554787854675,8.746,121.2,0.0056,0.422,0.28641984
1554787854736,8.807,121.2,0.00565,0.42,0.2876076
1554787854782,8.853,121.2,0.00565,0.42,0.2876076
1554787854828,8.899,121.2,0.00565,0.42,0.2876076
1554787854874,8.945,121.2,0.00565,0.42,0.2876076
1554787854937,9.008,121.2,0.00566,0.42,0.28811664
1554787854983,9.054,121.2,0.00566,0.42,0.28811664
1554787855029,9.1,121.2,0.00566,0.42,0.28811664
1554787855075,9.146,121.2,0.00566,0.42,0.28811664
1554787855136,9.207,121.2,0.00567,0.419,0.287938476
1554787855182,9.253,121.2,0.00567,0.419,0.287938476
1554787855228,9.299,121.2,0.00567,0.419,0.287938476
1554787855274,9.345,121.2,0.00567,0.419,0.287938476
1554787855337,9.408,121.2,0.00567,0.422,0.290000088
1554787855383,9.454,121.2,0.00567,0.422,0.290000088
1554787855429,9.5,121.2,0.00567,0.422,0.290000088
1554787855475,9.546,121.2,0.00567,0.422,0.290000088
1554787855536,9.607,121.3,0.00566,0.42,0.28835436
1554787855582,9.653,121.3,0.00566,0.42,0.28835436
1554787855628,9.699,121.3,0.00566,0.42,0.28835436
1554787855674,9.745,121.3,0.00566,0.42,0.28835436
1554787855737,9.808,121.2,0.00574,0.417,0.290101896
1554787855783,9.854,121.2,0.00574,0.417,0.290101896
1554787855830,9.901,121.2,0.00574,0.417,0.290101896
1554787855876,9.947,121.2,0.00574,0.417,0.290101896
1554787855937,10.008,121.2,0.0057,0.42,0.2901528
1554787855983,10.054,121.2,0.0057,0.42,0.2901528
1554787856029,10.1,121.2,0.0057,0.42,0.2901528
1554787856076,10.147,121.2,0.0057,0.42,0.2901528
1554787856137,10.208,121.2,0.00568,0.422,0.290511552
1554787856183,10.254,121.2,0.00568,0.422,0.290511552
1554787856229,10.3,121.2,0.00568,0.422,0.290511552
1554787856275,10.346,121.2,0.00568,0.422,0.290511552
1554787856336,10.407,121.2,0.00569,0.425,0.2930919
1554787856382,10.453,121.2,0.00569,0.425,0.2930919
1554787856428,10.499,121.2,0.00569,0.425,0.2930919
1554787856474,10.545,121.2,0.00569,0.425,0.2930919
1554787856537,10.608,121.2,0.0057,0.422,0.29153448
1554787856583,10.654,121.2,0.0057,0.422,0.29153448
1554787856629,10.7,121.2,0.0057,0.422,0.29153448
1554787856675,10.746,121.2,0.0057,0.422,0.29153448
1554787856736,10.807,121.2,0.00567,0.42,0.28862568
1554787856782,10.853,121.2,0.00567,0.42,0.28862568
1554787856828,10.899,121.2,0.00567,0.42,0.28862568
1554787856874,10.945,121.2,0.00567,0.42,0.28862568
1554787856936,11.007,121.2,0.00568,0.421,0.289823136
1554787856982,11.053,121.2,0.00568,0.421,0.289823136
1554787857028,11.099,121.2,0.00568,0.421,0.289823136
1554787857075,11.146,121.2,0.00568,0.421,0.289823136
1554787857137,11.208,121.2,0.00569,0.422,0.291023016
1554787857183,11.254,121.2,0.00569,0.422,0.291023016
1554787857229,11.3,121.2,0.00569,0.422,0.291023016
1554787857275,11.346,121.2,0.00569,0.422,0.291023016
1554787857336,11.407,121.2,0.00569,0.421,0.290333388
1554787857382,11.453,121.2,0.00569,0.421,0.290333388
1554787857428,11.499,121.2,0.00569,0.421,0.290333388
1554787857474,11.545,121.2,0.00569,0.421,0.290333388
1554787857537,11.608,121.2,0.0057,0.418,0.28877112
1554787857583,11.654,121.2,0.0057,0.418,0.28877112
1554787857629,11.7,121.2,0.0057,0.418,0.28877112
1554787857675,11.746,121.2,0.0057,0.418,0.28877112
1554787857736,11.807,121.2,0.00565,0.42,0.2876076
1554787857782,11.853,121.2,0.00565,0.42,0.2876076
1554787857828,11.899,121.2,0.00565,0.42,0.2876076
1554787857875,11.946,121.2,0.00565,0.42,0.2876076
1554787857937,12.008,121.1,0.00563,0.421,0.287034853
1554787857983,12.054,121.1,0.00563,0.421,0.287034853
1554787858029,12.1,121.1,0.00563,0.421,0.287034853
1554787858075,12.146,121.1,0.00563,0.421,0.287034853
1554787858136,12.207,121.1,0.00566,0.42,0.28787892
1554787858182,12.253,121.1,0.00566,0.42,0.28787892
1554787858228,12.299,121.1,0.00566,0.42,0.28787892
1554787858275,12.346,121.1,0.00566,0.42,0.28787892
1554787858336,12.407,121.2,0.00564,0.42,0.28709856
1554787858382,12.453,121.2,0.00564,0.42,0.28709856
1554787858428,12.499,121.2,0.00564,0.42,0.28709856
1554787858474,12.545,121.2,0.00564,0.42,0.28709856
1554787858536,12.607,121.2,0.0056,0.42,0.2850624
1554787858583,12.654,121.2,0.0056,0.42,0.2850624
1554787858628,12.699,121.2,0.0056,0.42,0.2850624
1554787858675,12.746,121.2,0.0056,0.42,0.2850624
1554787858737,12.808,121.2,0.00563,0.422,0.287954232
1554787858783,12.854,121.2,0.00563,0.422,0.287954232
1554787858829,12.9,121.2,0.00563,0.422,0.287954232
1554787858875,12.946,121.2,0.00563,0.422,0.287954232
1554787858936,13.007,121.2,0.00563,0.42,0.28658952
1554787858983,13.054,121.2,0.00563,0.42,0.28658952
1554787859029,13.1,121.2,0.00563,0.42,0.28658952
1554787859075,13.146,121.2,0.00563,0.42,0.28658952
1554787859136,13.207,121.2,0.00563,0.42,0.28658952
1554787859182,13.253,121.2,0.00563,0.42,0.28658952
1554787859228,13.299,121.2,0.00563,0.42,0.28658952
1554787859274,13.345,121.2,0.00563,0.42,0.28658952
1554787859336,13.407,121.2,0.00569,0.419,0.288954132
1554787859382,13.453,121.2,0.00569,0.419,0.288954132
1554787859428,13.499,121.2,0.00569,0.419,0.288954132
1554787859474,13.545,121.2,0.00569,0.419,0.288954132
1554787859536,13.607,121.3,0.00568,0.422,0.290751248
1554787859582,13.653,121.3,0.00568,0.422,0.290751248
1554787859628,13.699,121.3,0.00568,0.422,0.290751248
1554787859675,13.746,121.3,0.00568,0.422,0.290751248
1554787859736,13.807,121.3,0.00566,0.419,0.287667802
1554787859781,13.852,121.3,0.00566,0.419,0.287667802
1554787859827,13.899,121.3,0.00566,0.419,0.287667802
1554787859874,13.945,121.3,0.00566,0.419,0.287667802
1554787859936,14.007,121.2,0.00566,0.422,0.289488624
1554787859982,14.053,121.2,0.00566,0.422,0.289488624
1554787860028,14.099,121.2,0.00566,0.422,0.289488624
1554787860074,14.145,121.2,0.00566,0.422,0.289488624
1554787860136,14.207,121.2,0.0057,0.422,0.29153448
1554787860181,14.253,121.2,0.0057,0.422,0.29153448
1554787860228,14.299,121.2,0.0057,0.422,0.29153448
1554787860274,14.345,121.2,0.0057,0.422,0.29153448
1554787860336,14.407,121.2,0.00571,0.42,0.29066184
1554787860382,14.453,121.2,0.00571,0.42,0.29066184
1554787860428,14.499,121.2,0.00571,0.42,0.29066184
1554787860474,14.546,121.2,0.00571,0.42,0.29066184
1554787860536,14.607,121.3,0.00569,0.423,0.291953331
1554787860582,14.653,121.3,0.00569,0.423,0.291953331
1554787860628,14.699,121.3,0.00569,0.423,0.291953331
1554787860674,14.745,121.3,0.00569,0.423,0.291953331
1554787860736,14.808,121.2,0.00571,0.422,0.292045944
1554787860783,14.854,121.2,0.00571,0.422,0.292045944
1554787860829,14.9,121.2,0.00571,0.422,0.292045944
1554787860875,14.946,121.2,0.00571,0.422,0.292045944
1554787860936,15.007,121.2,0.00569,0.421,0.290333388
1554787860982,15.054,121.2,0.00569,0.421,0.290333388
1554787861029,15.1,121.2,0.00569,0.421,0.290333388
1554787861075,15.146,121.2,0.00569,0.421,0.290333388
1554787861136,15.207,121.2,0.00572,0.418,0.289784352
1554787861182,15.253,121.2,0.00572,0.418,0.289784352
1554787861228,15.299,121.2,0.00572,0.418,0.289784352
1554787861274,15.345,121.2,0.00572,0.418,0.289784352
1554787861335,15.406,121.2,0.00568,0.422,0.290511552
1554787861381,15.452,121.2,0.00568,0.422,0.290511552
1554787861427,15.498,121.2,0.00568,0.422,0.290511552
1554787861473,15.544,121.2,0.00568,0.422,0.290511552
1554787861536,15.607,121.2,0.00565,0.421,0.28829238
1554787861582,15.653,121.2,0.00565,0.421,0.28829238
1554787861628,15.699,121.2,0.00565,0.421,0.28829238
1554787861674,15.745,121.2,0.00565,0.421,0.28829238
1554787861736,15.807,121.2,0.00564,0.421,0.287782128
1554787861782,15.853,121.2,0.00564,0.421,0.287782128
1554787861828,15.899,121.2,0.00564,0.421,0.287782128
1554787861874,15.946,121.2,0.00564,0.421,0.287782128
1554787861935,16.006,121.1,0.00564,0.421,0.287544684
1554787861981,16.052,121.1,0.00564,0.421,0.287544684
1554787862027,16.098,121.1,0.00564,0.421,0.287544684
1554787862074,16.145,121.1,0.00564,0.421,0.287544684
1554787862136,16.207,121.1,0.00564,0.419,0.286178676
1554787862182,16.253,121.1,0.00564,0.419,0.286178676
1554787862228,16.299,121.1,0.00564,0.419,0.286178676
1554787862274,16.345,121.1,0.00564,0.419,0.286178676
1554787862335,16.406,121.1,0.00567,0.417,0.286327629
1554787862381,16.452,121.1,0.00567,0.417,0.286327629
1554787862427,16.498,121.1,0.00567,0.417,0.286327629
1554787862473,16.544,121.1,0.00567,0.417,0.286327629
1554787862535,16.606,121.2,0.00568,0.417,0.287069472
1554787862581,16.652,121.2,0.00568,0.417,0.287069472
1554787862627,16.698,121.2,0.00568,0.417,0.287069472
1554787862673,16.745,121.2,0.00568,0.417,0.287069472
1554787862736,16.807,121.2,0.00569,0.418,0.288264504
1554787862782,16.853,121.2,0.00569,0.418,0.288264504
1554787862828,16.899,121.2,0.00569,0.418,0.288264504
1554787862874,16.945,121.2,0.00569,0.418,0.288264504
1554787862935,17.006,121.2,0.00571,0.415,0.28720158
1554787862981,17.052,121.2,0.00571,0.415,0.28720158
1554787863027,17.098,121.2,0.00571,0.415,0.28720158
1554787863073,17.144,121.2,0.00571,0.415,0.28720158
1554787863135,17.207,121.2,0.00569,0.418,0.288264504
1554787863181,17.252,121.2,0.00569,0.418,0.288264504
1554787863228,17.299,121.2,0.00569,0.418,0.288264504
1554787863274,17.345,121.2,0.00569,0.418,0.288264504
1554787863336,17.407,121.2,0.0057,0.421,0.29084364
1554787863382,17.453,121.2,0.0057,0.421,0.29084364
1554787863428,17.499,121.2,0.0057,0.421,0.29084364
1554787863475,17.546,121.2,0.0057,0.421,0.29084364
1554787863536,17.607,121.3,0.0057,0.417,0.28831797
1554787863582,17.653,121.3,0.0057,0.417,0.28831797
1554787863628,17.699,121.3,0.0057,0.417,0.28831797
1554787863675,17.746,121.3,0.0057,0.417,0.28831797
1554787863736,17.807,121.3,0.0057,0.419,0.28970079
1554787863782,17.853,121.3,0.0057,0.419,0.28970079
1554787863828,17.899,121.3,0.0057,0.419,0.28970079
1554787863874,17.945,121.3,0.0057,0.419,0.28970079
1554787863935,18.006,121.2,0.00569,0.419,0.288954132
1554787863982,18.053,121.2,0.00569,0.419,0.288954132
1554787864028,18.099,121.2,0.00569,0.419,0.288954132
1554787864074,18.145,121.2,0.00569,0.419,0.288954132
1554787864136,18.207,121.2,0.00573,0.419,0.290985444
1554787864182,18.253,121.2,0.00573,0.419,0.290985444
1554787864228,18.299,121.2,0.00573,0.419,0.290985444
1554787864274,18.345,121.2,0.00573,0.419,0.290985444
1554787864335,18.406,121.2,0.00575,0.42,0.292698
1554787864381,18.452,121.2,0.00575,0.42,0.292698
1554787864428,18.499,121.2,0.00575,0.42,0.292698
1554787864475,18.546,121.2,0.00575,0.42,0.292698
1554787864536,18.607,121.3,0.00575,0.418,0.29154455
1554787864582,18.653,121.3,0.00575,0.418,0.29154455
1554787864628,18.699,121.3,0.00575,0.418,0.29154455
1554787864675,18.746,121.3,0.00575,0.418,0.29154455
1554787864736,18.807,121.3,0.00573,0.417,0.289835433
1554787864782,18.853,121.3,0.00573,0.417,0.289835433
1554787864828,18.899,121.3,0.00573,0.417,0.289835433
1554787864875,18.946,121.3,0.00573,0.417,0.289835433
1554787864935,19.006,121.2,0.00568,0.418,0.287757888
1554787864981,19.052,121.2,0.00568,0.418,0.287757888
1554787865027,19.098,121.2,0.00568,0.418,0.287757888
1554787865073,19.144,121.2,0.00568,0.418,0.287757888
1554787865136,19.207,121.2,0.00573,0.419,0.290985444
1554787865182,19.253,121.2,0.00573,0.419,0.290985444
1554787865228,19.299,121.2,0.00573,0.419,0.290985444
1554787865274,19.345,121.2,0.00573,0.419,0.290985444
1554787865335,19.406,121.2,0.00569,0.419,0.288954132
1554787865381,19.452,121.2,0.00569,0.419,0.288954132
1554787865427,19.498,121.2,0.00569,0.419,0.288954132
1554787865474,19.545,121.2,0.00569,0.419,0.288954132
1554787865536,19.607,121.2,0.00571,0.419,0.289969788
1554787865582,19.653,121.2,0.00571,0.419,0.289969788
1554787865628,19.699,121.2,0.00571,0.419,0.289969788
1554787865675,19.746,121.2,0.00571,0.419,0.289969788
1554787865735,19.806,121.2,0.00569,0.416,0.286885248
1554787865781,19.852,121.2,0.00569,0.416,0.286885248
1554787865827,19.898,121.2,0.00569,0.416,0.286885248
1554787865873,19.944,121.2,0.00569,0.416,0.286885248
1554787865936,20.007,121.1,0.00564,0.418,0.285495672
1554787865982,20.053,121.1,0.00564,0.418,0.285495672
1554787866028,20.099,121.1,0.00564,0.418,0.285495672
1554787866074,20.145,121.1,0.00564,0.418,0.285495672
1554787866135,20.206,121.1,0.00569,0.419,0.288715721
1554787866181,20.252,121.1,0.00569,0.419,0.288715721
1554787866228,20.299,121.1,0.00569,0.419,0.288715721
1554787866274,20.345,121.1,0.00569,0.419,0.288715721
1554787866335,20.406,121.2,0.00569,0.418,0.288264504
1554787866381,20.452,121.2,0.00569,0.418,0.288264504
1554787866427,20.498,121.2,0.00569,0.418,0.288264504
1554787866473,20.544,121.2,0.00569,0.418,0.288264504
1554787866535,20.606,121.2,0.00562,0.418,0.284718192
1554787866581,20.652,121.2,0.00562,0.418,0.284718192
1554787866627,20.698,121.2,0.00562,0.418,0.284718192
1554787866674,20.745,121.2,0.00562,0.418,0.284718192
1554787866736,20.807,121.2,0.00559,0.422,0.285908376
1554787866782,20.853,121.2,0.00559,0.422,0.285908376
1554787866828,20.899,121.2,0.00559,0.422,0.285908376
1554787866874,20.945,121.2,0.00559,0.422,0.285908376
1554787866935,21.006,121.2,0.00562,0.42,0.28608048
1554787866982,21.053,121.2,0.00562,0.42,0.28608048
1554787867028,21.099,121.2,0.00562,0.42,0.28608048
1554787867074,21.145,121.2,0.00562,0.42,0.28608048
1554787867135,21.206,121.2,0.00562,0.422,0.287442768
1554787867181,21.252,121.2,0.00562,0.422,0.287442768
1554787867227,21.298,121.2,0.00562,0.422,0.287442768
1554787867273,21.344,121.2,0.00562,0.422,0.287442768
1554787867335,21.406,121.2,0.00564,0.421,0.287782128
1554787867380,21.451,121.2,0.00564,0.421,0.287782128
1554787867426,21.497,121.2,0.00564,0.421,0.287782128
1554787867473,21.544,121.2,0.00564,0.421,0.287782128
1554787867535,21.606,121.3,0.00567,0.422,0.290239362
1554787867581,21.652,121.3,0.00567,0.422,0.290239362
1554787867627,21.698,121.3,0.00567,0.422,0.290239362
1554787867673,21.744,121.3,0.00567,0.422,0.290239362
1554787867735,21.806,121.3,0.00568,0.42,0.28937328
1554787867782,21.853,121.3,0.00568,0.42,0.28937328
1554787867828,21.899,121.3,0.00568,0.42,0.28937328
1554787867874,21.945,121.3,0.00568,0.42,0.28937328
1554787867935,22.006,121.2,0.00568,0.419,0.288446304
1554787867981,22.052,121.2,0.00568,0.419,0.288446304
1554787868027,22.098,121.2,0.00568,0.419,0.288446304
1554787868073,22.144,121.2,0.00568,0.419,0.288446304
1554787868135,22.206,121.2,0.00573,0.417,0.289596492
1554787868181,22.252,121.2,0.00573,0.417,0.289596492
1554787868227,22.298,121.2,0.00573,0.417,0.289596492
1554787868273,22.344,121.2,0.00573,0.417,0.289596492
1554787868335,22.406,121.2,0.00578,0.417,0.292123512
1554787868381,22.452,121.2,0.00578,0.417,0.292123512
1554787868426,22.498,121.2,0.00578,0.417,0.292123512
1554787868473,22.544,121.2,0.00578,0.417,0.292123512
1554787868535,22.606,121.3,0.00571,0.42,0.29090166
1554787868581,22.652,121.3,0.00571,0.42,0.29090166
1554787868627,22.698,121.3,0.00571,0.42,0.29090166
1554787868673,22.745,121.3,0.00571,0.42,0.29090166
1554787868735,22.806,121.3,0.00569,0.42,0.28988274
1554787868781,22.852,121.3,0.00569,0.42,0.28988274
1554787868827,22.898,121.3,0.00569,0.42,0.28988274
1554787868873,22.944,121.3,0.00569,0.42,0.28988274
1554787868935,23.007,121.2,0.00566,0.422,0.289488624
1554787868982,23.053,121.2,0.00566,0.422,0.289488624
1554787869028,23.099,121.2,0.00566,0.422,0.289488624
1554787869074,23.145,121.2,0.00566,0.422,0.289488624
1554787869135,23.206,121.2,0.00569,0.42,0.28964376
1554787869181,23.252,121.2,0.00569,0.42,0.28964376
1554787869227,23.298,121.2,0.00569,0.42,0.28964376
1554787869273,23.344,121.2,0.00569,0.42,0.28964376
1554787869334,23.406,121.2,0.00568,0.42,0.28913472
1554787869380,23.451,121.2,0.00568,0.42,0.28913472
1554787869427,23.498,121.2,0.00568,0.42,0.28913472
1554787869473,23.544,121.2,0.00568,0.42,0.28913472
1554787869535,23.606,121.2,0.00568,0.419,0.288446304
1554787869581,23.652,121.2,0.00568,0.419,0.288446304
1554787869627,23.698,121.2,0.00568,0.419,0.288446304
1554787869673,23.745,121.2,0.00568,0.419,0.288446304
1554787869735,23.806,121.2,0.00567,0.417,0.286564068
1554787869780,23.851,121.2,0.00567,0.417,0.286564068
1554787869826,23.898,121.2,0.00567,0.417,0.286564068
1554787869873,23.944,121.2,0.00567,0.417,0.286564068
1554787869935,24.006,121.1,0.00565,0.416,0.28463344
1554787869981,24.052,121.1,0.00565,0.416,0.28463344
1554787870027,24.098,121.1,0.00565,0.416,0.28463344
1554787870073,24.144,121.1,0.00565,0.416,0.28463344
1554787870134,24.206,121.1,0.00568,0.414,0.284769072
1554787870180,24.251,121.1,0.00568,0.414,0.284769072
1554787870226,24.297,121.1,0.00568,0.414,0.284769072
1554787870273,24.344,121.1,0.00568,0.414,0.284769072
1554787870335,24.406,121.1,0.00563,0.421,0.287034853
1554787870381,24.452,121.1,0.00563,0.421,0.287034853
1554787870427,24.498,121.1,0.00563,0.421,0.287034853
1554787870473,24.544,121.1,0.00563,0.421,0.287034853
1554787870534,24.605,121.2,0.00564,0.417,0.285047856
1554787870580,24.651,121.2,0.00564,0.417,0.285047856
1554787870627,24.698,121.2,0.00564,0.417,0.285047856
1554787870673,24.744,121.2,0.00564,0.417,0.285047856
1554787870735,24.806,121.2,0.00565,0.419,0.28692282
1554787870781,24.852,121.2,0.00565,0.419,0.28692282
1554787870828,24.899,121.2,0.00565,0.419,0.28692282
1554787870874,24.945,121.2,0.00565,0.419,0.28692282
1554787870935,25.006,121.2,0.00562,0.42,0.28608048
1554787870981,25.052,121.2,0.00562,0.42,0.28608048
1554787871027,25.098,121.2,0.00562,0.42,0.28608048
1554787871073,25.144,121.2,0.00562,0.42,0.28608048
1554787871134,25.205,121.2,0.00565,0.42,0.2876076
1554787871180,25.251,121.2,0.00565,0.42,0.2876076
1554787871226,25.297,121.2,0.00565,0.42,0.2876076
1554787871273,25.344,121.2,0.00565,0.42,0.2876076
1554787871335,25.406,121.2,0.00566,0.42,0.28811664
1554787871381,25.452,121.2,0.00566,0.42,0.28811664
1554787871427,25.498,121.2,0.00566,0.42,0.28811664
1554787871473,25.544,121.2,0.00566,0.42,0.28811664
1554787871534,25.605,121.2,0.0057,0.419,0.28946196
1554787871580,25.651,121.2,0.0057,0.419,0.28946196
1554787871626,25.697,121.2,0.0057,0.419,0.28946196
1554787871673,25.744,121.2,0.0057,0.419,0.28946196
1554787871735,25.806,121.2,0.00574,0.418,0.290797584
1554787871781,25.852,121.2,0.00574,0.418,0.290797584
1554787871827,25.898,121.2,0.00574,0.418,0.290797584
1554787871874,25.945,121.2,0.00574,0.418,0.290797584
1554787871935,26.006,121.2,0.00571,0.419,0.289969788
1554787871981,26.052,121.2,0.00571,0.419,0.289969788
1554787872027,26.098,121.2,0.00571,0.419,0.289969788
1554787872073,26.144,121.2,0.00571,0.419,0.289969788
1554787872135,26.206,121.2,0.00572,0.42,0.29117088
1554787872180,26.251,121.2,0.00572,0.42,0.29117088
1554787872226,26.297,121.2,0.00572,0.42,0.29117088
1554787872272,26.343,121.2,0.00572,0.42,0.29117088
1554787872334,26.405,121.2,0.00567,0.421,0.289312884
1554787872380,26.451,121.2,0.00567,0.421,0.289312884
1554787872426,26.497,121.2,0.00567,0.421,0.289312884
1554787872473,26.544,121.2,0.00567,0.421,0.289312884
1554787872535,26.606,121.3,0.00572,0.422,0.292798792
1554787872581,26.652,121.3,0.00572,0.422,0.292798792
1554787872627,26.698,121.3,0.00572,0.422,0.292798792
1554787872673,26.744,121.3,0.00572,0.422,0.292798792
1554787872734,26.805,121.3,0.00571,0.421,0.291594283
1554787872780,26.851,121.3,0.00571,0.421,0.291594283
1554787872826,26.897,121.3,0.00571,0.421,0.291594283
1554787872872,26.943,121.3,0.00571,0.421,0.291594283
1554787872935,27.006,121.2,0.00564,0.423,0.289149264
1554787872981,27.052,121.2,0.00564,0.423,0.289149264
1554787873027,27.098,121.2,0.00564,0.423,0.289149264
1554787873073,27.144,121.2,0.00564,0.423,0.289149264
1554787873134,27.205,121.2,0.00567,0.421,0.289312884
1554787873180,27.251,121.2,0.00567,0.421,0.289312884
1554787873226,27.297,121.2,0.00567,0.421,0.289312884
1554787873272,27.343,121.2,0.00567,0.421,0.289312884
1554787873335,27.406,121.2,0.00566,0.42,0.28811664
1554787873381,27.452,121.2,0.00566,0.42,0.28811664
1554787873427,27.498,121.2,0.00566,0.42,0.28811664
1554787873473,27.544,121.2,0.00566,0.42,0.28811664
1554787873534,27.605,121.2,0.00565,0.42,0.2876076
1554787873580,27.651,121.2,0.00565,0.42,0.2876076
1554787873626,27.697,121.2,0.00565,0.42,0.2876076
1554787873672,27.743,121.2,0.00565,0.42,0.2876076
1554787873734,27.805,121.2,0.00572,0.415,0.28770456
1554787873781,27.852,121.2,0.00572,0.415,0.28770456
1554787873827,27.898,121.2,0.00572,0.415,0.28770456
1554787873872,27.943,121.2,0.00572,0.415,0.28770456
1554787873935,28.006,121.2,0.00569,0.415,0.28619562
1554787873981,28.052,121.2,0.00569,0.415,0.28619562
1554787874027,28.098,121.2,0.00569,0.415,0.28619562
1554787874073,28.144,121.2,0.00569,0.415,0.28619562
1554787874134,28.205,121.1,0.00562,0.418,0.284483276
1554787874180,28.251,121.1,0.00562,0.418,0.284483276
1554787874226,28.297,121.1,0.00562,0.418,0.284483276
1554787874272,28.343,121.1,0.00562,0.418,0.284483276
1554787874334,28.405,121.1,0.00564,0.418,0.285495672
1554787874381,28.452,121.1,0.00564,0.418,0.285495672
1554787874427,28.498,121.1,0.00564,0.418,0.285495672
1554787874473,28.544,121.1,0.00564,0.418,0.285495672
1554787874536,28.607,121.2,0.00562,0.421,0.286761624
1554787874581,28.652,121.2,0.00562,0.421,0.286761624
1554787874627,28.698,121.2,0.00562,0.421,0.286761624
1554787874673,28.744,121.2,0.00562,0.421,0.286761624
1554787874734,28.805,121.2,0.00568,0.42,0.28913472
1554787874781,28.852,121.2,0.00568,0.42,0.28913472
1554787874827,28.898,121.2,0.00568,0.42,0.28913472
1554787874873,28.944,121.2,0.00568,0.42,0.28913472
1554787874934,29.005,121.2,0.00565,0.418,0.28623804
1554787874980,29.051,121.2,0.00565,0.418,0.28623804
1554787875026,29.097,121.2,0.00565,0.418,0.28623804
1554787875072,29.143,121.2,0.00565,0.418,0.28623804
1554787875134,29.205,121.2,0.00566,0.419,0.287430648
1554787875180,29.251,121.2,0.00566,0.419,0.287430648
1554787875228,29.299,121.2,0.00566,0.419,0.287430648
1554787875274,29.345,121.2,0.00566,0.419,0.287430648
1554787875334,29.405,121.2,0.00569,0.417,0.287574876
1554787875380,29.451,121.2,0.00569,0.417,0.287574876
1554787875426,29.497,121.2,0.00569,0.417,0.287574876
1554787875472,29.543,121.2,0.00569,0.417,0.287574876
1554787875535,29.606,121.2,0.00573,0.418,0.290290968
1554787875581,29.652,121.2,0.00573,0.418,0.290290968
1554787875627,29.698,121.2,0.00573,0.418,0.290290968
1554787875673,29.744,121.2,0.00573,0.418,0.290290968
1554787875734,29.805,121.2,0.00574,0.415,0.28871052
1554787875780,29.851,121.2,0.00574,0.415,0.28871052
1554787875826,29.897,121.2,0.00574,0.415,0.28871052
1554787875872,29.943,121.2,0.00574,0.415,0.28871052
1554787875934,30.005,121.2,0.0057,0.418,0.28877112
1554787875981,30.052,121.2,0.0057,0.418,0.28877112
1554787876027,30.098,121.2,0.0057,0.418,0.28877112
1554787876073,30.144,121.2,0.0057,0.418,0.28877112
1554787876134,30.205,121.2,0.00572,0.419,0.290477616
1554787876180,30.251,121.2,0.00572,0.419,0.290477616
1554787876226,30.297,121.2,0.00572,0.419,0.290477616
1554787876272,30.343,121.2,0.00572,0.419,0.290477616
1554787876334,30.405,121.2,0.0057,0.42,0.2901528
1554787876380,30.451,121.2,0.0057,0.42,0.2901528
1554787876427,30.498,121.2,0.0057,0.42,0.2901528
1554787876473,30.544,121.2,0.0057,0.42,0.2901528
1554787876534,30.605,121.2,0.00572,0.421,0.291864144
1554787876580,30.651,121.2,0.00572,0.421,0.291864144
1554787876626,30.697,121.2,0.00572,0.421,0.291864144
1554787876672,30.743,121.2,0.00572,0.421,0.291864144
1554787876734,30.805,121.3,0.00565,0.421,0.288530245
1554787876781,30.852,121.3,0.00565,0.421,0.288530245
1554787876827,30.898,121.3,0.00565,0.421,0.288530245
1554787876873,30.944,121.3,0.00565,0.421,0.288530245
1554787876934,31.005,121.2,0.00564,0.422,0.288465696
1554787876980,31.051,121.2,0.00564,0.422,0.288465696
1554787877026,31.097,121.2,0.00564,0.422,0.288465696
1554787877072,31.143,121.2,0.00564,0.422,0.288465696
1554787877134,31.205,121.2,0.00564,0.421,0.287782128
1554787877180,31.252,121.2,0.00564,0.421,0.287782128
1554787877227,31.298,121.2,0.00564,0.421,0.287782128
1554787877273,31.344,121.2,0.00564,0.421,0.287782128
1554787877334,31.405,121.2,0.00566,0.423,0.290174616
1554787877380,31.451,121.2,0.00566,0.423,0.290174616
1554787877426,31.497,121.2,0.00566,0.423,0.290174616
1554787877472,31.543,121.2,0.00566,0.423,0.290174616
1554787877533,31.604,121.2,0.00567,0.419,0.287938476
1554787877579,31.65,121.2,0.00567,0.419,0.287938476
1554787877626,31.697,121.2,0.00567,0.419,0.287938476
1554787877672,31.743,121.2,0.00567,0.419,0.287938476
1554787877734,31.805,121.2,0.00567,0.419,0.287938476
1554787877780,31.851,121.2,0.00567,0.419,0.287938476
1554787877826,31.897,121.2,0.00567,0.419,0.287938476
1554787877872,31.943,121.2,0.00567,0.419,0.287938476
1554787877934,32.005,121.2,0.00562,0.42,0.28608048
1554787877979,32.05,121.2,0.00562,0.42,0.28608048
1554787878025,32.097,121.2,0.00562,0.42,0.28608048
1554787878072,32.143,121.2,0.00562,0.42,0.28608048
1554787878134,32.205,121.1,0.0056,0.423,0.28686168
1554787878180,32.251,121.1,0.0056,0.423,0.28686168
1554787878226,32.297,121.1,0.0056,0.423,0.28686168
1554787878272,32.343,121.1,0.0056,0.423,0.28686168
1554787878333,32.404,121.1,0.00562,0.421,0.286525022
1554787878379,32.45,121.1,0.00562,0.421,0.286525022
1554787878425,32.497,121.1,0.00562,0.421,0.286525022
1554787878472,32.543,121.1,0.00562,0.421,0.286525022
1554787878534,32.605,121.2,0.00561,0.419,0.284891508
1554787878580,32.651,121.2,0.00561,0.419,0.284891508
1554787878626,32.697,121.2,0.00561,0.419,0.284891508
1554787878672,32.743,121.2,0.00561,0.419,0.284891508
1554787878733,32.804,121.2,0.00561,0.419,0.284891508
1554787878779,32.85,121.2,0.00561,0.419,0.284891508
1554787878825,32.896,121.2,0.00561,0.419,0.284891508
1554787878872,32.943,121.2,0.00561,0.419,0.284891508
1554787878934,33.005,121.2,0.00561,0.422,0.286931304
1554787878980,33.051,121.2,0.00561,0.422,0.286931304
1554787879026,33.097,121.2,0.00561,0.422,0.286931304
1554787879072,33.143,121.2,0.00561,0.422,0.286931304
1554787879133,33.204,121.2,0.0056,0.421,0.28574112
1554787879179,33.25,121.2,0.0056,0.421,0.28574112
1554787879225,33.296,121.2,0.0056,0.421,0.28574112
1554787879272,33.343,121.2,0.0056,0.421,0.28574112
1554787879334,33.405,121.1,0.00568,0.418,0.287520464
1554787879380,33.451,121.1,0.00568,0.418,0.287520464
1554787879426,33.497,121.1,0.00568,0.418,0.287520464
1554787879472,33.543,121.1,0.00568,0.418,0.287520464
1554787879533,33.604,121.2,0.00572,0.419,0.290477616
1554787879579,33.65,121.2,0.00572,0.419,0.290477616
1554787879625,33.696,121.2,0.00572,0.419,0.290477616
1554787879671,33.742,121.2,0.00572,0.419,0.290477616
1554787879733,33.804,121.2,0.00568,0.419,0.288446304
1554787879780,33.851,121.2,0.00568,0.419,0.288446304
1554787879826,33.897,121.2,0.00568,0.419,0.288446304
1554787879872,33.943,121.2,0.00568,0.419,0.288446304
1554787879934,34.005,121.2,0.00566,0.422,0.289488624
1554787879980,34.051,121.2,0.00566,0.422,0.289488624
1554787880026,34.097,121.2,0.00566,0.422,0.289488624
1554787880073,34.144,121.2,0.00566,0.422,0.289488624
1554787880134,34.205,121.2,0.00568,0.42,0.28913472
1554787880180,34.251,121.2,0.00568,0.42,0.28913472
1554787880226,34.297,121.2,0.00568,0.42,0.28913472
1554787880272,34.343,121.2,0.00568,0.42,0.28913472
1554787880333,34.404,121.2,0.00572,0.421,0.291864144
1554787880379,34.45,121.2,0.00572,0.421,0.291864144
1554787880425,34.496,121.2,0.00572,0.421,0.291864144
1554787880471,34.542,121.2,0.00572,0.421,0.291864144
1554787880533,34.604,121.2,0.00571,0.42,0.29066184
1554787880580,34.651,121.2,0.00571,0.42,0.29066184
1554787880626,34.697,121.2,0.00571,0.42,0.29066184
1554787880672,34.743,121.2,0.00571,0.42,0.29066184
1554787880734,34.805,121.2,0.00571,0.419,0.289969788
1554787880780,34.851,121.2,0.00571,0.419,0.289969788
1554787880826,34.897,121.2,0.00571,0.419,0.289969788
1554787880872,34.943,121.2,0.00571,0.419,0.289969788
1554787880933,35.004,121.2,0.00566,0.416,0.285372672
1554787880980,35.051,121.2,0.00566,0.416,0.285372672
1554787881026,35.097,121.2,0.00566,0.416,0.285372672
1554787881072,35.143,121.2,0.00566,0.416,0.285372672
1554787881133,35.204,121.2,0.00572,0.417,0.289091088
1554787881179,35.25,121.2,0.00572,0.417,0.289091088
1554787881225,35.296,121.2,0.00572,0.417,0.289091088
1554787881271,35.342,121.2,0.00572,0.417,0.289091088
1554787881334,35.405,121.2,0.00576,0.413,0.288320256
1554787881379,35.45,121.2,0.00576,0.413,0.288320256
1554787881426,35.497,121.2,0.00576,0.413,0.288320256
1554787881472,35.543,121.2,0.00576,0.413,0.288320256
1554787881534,35.605,121.2,0.0057,0.419,0.28946196
1554787881580,35.651,121.2,0.0057,0.419,0.28946196
1554787881626,35.697,121.2,0.0057,0.419,0.28946196
1554787881672,35.743,121.2,0.0057,0.419,0.28946196
1554787881733,35.804,121.2,0.00568,0.415,0.28569264
1554787881780,35.851,121.2,0.00568,0.415,0.28569264
1554787881826,35.897,121.2,0.00568,0.415,0.28569264
1554787881872,35.943,121.2,0.00568,0.415,0.28569264
1554787881933,36.004,121.2,0.00567,0.416,0.285876864
1554787881979,36.05,121.2,0.00567,0.416,0.285876864
1554787882025,36.096,121.2,0.00567,0.416,0.285876864
1554787882071,36.142,121.2,0.00567,0.416,0.285876864
1554787882133,36.204,121.1,0.00569,0.415,0.285959485
1554787882180,36.251,121.1,0.00569,0.415,0.285959485
1554787882226,36.297,121.1,0.00569,0.415,0.285959485
1554787882272,36.343,121.1,0.00569,0.415,0.285959485
1554787882333,36.404,121.1,0.00565,0.417,0.285317655
1554787882379,36.45,121.1,0.00565,0.417,0.285317655
1554787882425,36.496,121.1,0.00565,0.417,0.285317655
1554787882471,36.542,121.1,0.00565,0.417,0.285317655
1554787882534,36.605,121.1,0.00564,0.419,0.286178676
1554787882580,36.651,121.1,0.00564,0.419,0.286178676
1554787882626,36.697,121.1,0.00564,0.419,0.286178676
1554787882672,36.743,121.1,0.00564,0.419,0.286178676
1554787882733,36.804,121.2,0.00566,0.418,0.286744656
1554787882780,36.851,121.2,0.00566,0.418,0.286744656
1554787882826,36.897,121.2,0.00566,0.418,0.286744656
1554787882872,36.943,121.2,0.00566,0.418,0.286744656
1554787882933,37.004,121.2,0.00567,0.417,0.286564068
1554787882979,37.05,121.2,0.00567,0.417,0.286564068
1554787883025,37.096,121.2,0.00567,0.417,0.286564068
1554787883071,37.142,121.2,0.00567,0.417,0.286564068
1554787883133,37.204,121.1,0.00568,0.416,0.286144768
1554787883179,37.25,121.1,0.00568,0.416,0.286144768
1554787883225,37.296,121.1,0.00568,0.416,0.286144768
1554787883272,37.343,121.1,0.00568,0.416,0.286144768
1554787883334,37.405,121.2,0.00572,0.414,0.287011296
1554787883380,37.451,121.2,0.00572,0.414,0.287011296
1554787883426,37.497,121.2,0.00572,0.414,0.287011296
1554787883472,37.543,121.2,0.00572,0.414,0.287011296
1554787883533,37.604,121.2,0.00563,0.422,0.287954232
1554787883580,37.651,121.2,0.00563,0.422,0.287954232
1554787883626,37.697,121.2,0.00563,0.422,0.287954232
1554787883672,37.743,121.2,0.00563,0.422,0.287954232
1554787883733,37.804,121.2,0.00566,0.419,0.287430648
1554787883779,37.85,121.2,0.00566,0.419,0.287430648
1554787883825,37.896,121.2,0.00566,0.419,0.287430648
1554787883871,37.942,121.2,0.00566,0.419,0.287430648
1554787883934,38.005,121.2,0.00563,0.421,0.287271876
1554787883980,38.051,121.2,0.00563,0.421,0.287271876
1554787884026,38.097,121.2,0.00563,0.421,0.287271876
1554787884072,38.143,121.2,0.00563,0.421,0.287271876
1554787884133,38.204,121.2,0.00569,0.421,0.290333388
1554787884179,38.25,121.2,0.00569,0.421,0.290333388
1554787884225,38.296,121.2,0.00569,0.421,0.290333388
1554787884271,38.342,121.2,0.00569,0.421,0.290333388
1554787884334,38.405,121.2,0.00568,0.421,0.289823136
1554787884379,38.451,121.2,0.00568,0.421,0.289823136
1554787884426,38.497,121.2,0.00568,0.421,0.289823136
1554787884472,38.543,121.2,0.00568,0.421,0.289823136
1554787884533,38.604,121.2,0.00569,0.425,0.2930919
1554787884579,38.65,121.2,0.00569,0.425,0.2930919
1554787884625,38.696,121.2,0.00569,0.425,0.2930919
1554787884671,38.742,121.2,0.00569,0.425,0.2930919
1554787884733,38.804,121.2,0.00568,0.422,0.290511552
1554787884779,38.85,121.2,0.00568,0.422,0.290511552
1554787884825,38.896,121.2,0.00568,0.422,0.290511552
1554787884871,38.942,121.2,0.00568,0.422,0.290511552
1554787884934,39.005,121.2,0.00564,0.42,0.28709856
1554787884980,39.051,121.2,0.00564,0.42,0.28709856
1554787885026,39.097,121.2,0.00564,0.42,0.28709856
1554787885072,39.143,121.2,0.00564,0.42,0.28709856
1554787885133,39.204,121.2,0.00568,0.42,0.28913472
1554787885179,39.25,121.2,0.00568,0.42,0.28913472
1554787885225,39.296,121.2,0.00568,0.42,0.28913472
1554787885271,39.342,121.2,0.00568,0.42,0.28913472
1554787885333,39.404,121.2,0.0057,0.416,0.28738944
1554787885379,39.45,121.2,0.0057,0.416,0.28738944
1554787885425,39.496,121.2,0.0057,0.416,0.28738944
1554787885471,39.542,121.2,0.0057,0.416,0.28738944
1554787885534,39.605,121.2,0.00565,0.423,0.28966194
1554787885579,39.65,121.2,0.00565,0.423,0.28966194
1554787885624,39.695,121.2,0.00565,0.423,0.28966194
1554787885669,39.74,121.2,0.00565,0.423,0.28966194
1554787885733,39.804,121.2,0.00562,0.421,0.286761624
1554787885779,39.85,121.2,0.00562,0.421,0.286761624
1554787885825,39.896,121.2,0.00562,0.421,0.286761624
1554787885870,39.941,121.2,0.00562,0.421,0.286761624
1554787885933,40.004,121.2,0.00562,0.419,0.285399336
1554787885979,40.05,121.2,0.00562,0.419,0.285399336
1554787886024,40.095,121.2,0.00562,0.419,0.285399336
1554787886070,40.141,121.2,0.00562,0.419,0.285399336
1554787886132,40.204,121.2,0.00562,0.42,0.28608048
1554787886178,40.249,121.2,0.00562,0.42,0.28608048
1554787886223,40.294,121.2,0.00562,0.42,0.28608048
1554787886268,40.339,121.2,0.00562,0.42,0.28608048
1554787886333,40.404,121.2,0.00564,0.418,0.285731424
1554787886379,40.45,121.2,0.00564,0.418,0.285731424
1554787886424,40.495,121.2,0.00564,0.418,0.285731424
1554787886470,40.541,121.2,0.00564,0.418,0.285731424
1554787886534,40.605,121.2,0.00562,0.42,0.28608048
1554787886580,40.651,121.2,0.00562,0.42,0.28608048
1554787886626,40.697,121.2,0.00562,0.42,0.28608048
1554787886672,40.743,121.2,0.00562,0.42,0.28608048
1554787886733,40.804,121.2,0.00566,0.42,0.28811664
1554787886779,40.85,121.2,0.00566,0.42,0.28811664
1554787886825,40.896,121.2,0.00566,0.42,0.28811664
1554787886871,40.942,121.2,0.00566,0.42,0.28811664
1554787886933,41.004,121.2,0.00564,0.419,0.286414992
1554787886980,41.051,121.2,0.00564,0.419,0.286414992
1554787887026,41.097,121.2,0.00564,0.419,0.286414992
1554787887072,41.143,121.2,0.00564,0.419,0.286414992
1554787887133,41.204,121.2,0.00567,0.42,0.28862568
1554787887179,41.25,121.2,0.00567,0.42,0.28862568
1554787887225,41.296,121.2,0.00567,0.42,0.28862568
1554787887271,41.342,121.2,0.00567,0.42,0.28862568
1554787887333,41.404,121.2,0.0057,0.414,0.28600776
1554787887380,41.451,121.2,0.0057,0.414,0.28600776
1554787887426,41.497,121.2,0.0057,0.414,0.28600776
1554787887472,41.543,121.2,0.0057,0.414,0.28600776
1554787887533,41.604,121.2,0.00573,0.416,0.288902016
1554787887579,41.65,121.2,0.00573,0.416,0.288902016
1554787887625,41.696,121.2,0.00573,0.416,0.288902016
1554787887671,41.742,121.2,0.00573,0.416,0.288902016
1554787887733,41.804,121.2,0.00569,0.419,0.288954132
1554787887779,41.85,121.2,0.00569,0.419,0.288954132
1554787887825,41.897,121.2,0.00569,0.419,0.288954132
1554787887872,41.943,121.2,0.00569,0.419,0.288954132
1554787887933,42.004,121.2,0.0057,0.419,0.28946196
1554787887979,42.05,121.2,0.0057,0.419,0.28946196
1554787888024,42.095,121.2,0.0057,0.419,0.28946196
1554787888070,42.142,121.2,0.0057,0.419,0.28946196
1554787888133,42.204,121.2,0.00569,0.419,0.288954132
1554787888179,42.25,121.2,0.00569,0.419,0.288954132
1554787888225,42.296,121.2,0.00569,0.419,0.288954132
1554787888271,42.342,121.2,0.00569,0.419,0.288954132
1554787888334,42.405,121.2,0.00568,0.419,0.288446304
1554787888380,42.451,121.2,0.00568,0.419,0.288446304
1554787888426,42.497,121.2,0.00568,0.419,0.288446304
1554787888472,42.543,121.2,0.00568,0.419,0.288446304
1554787888533,42.604,121.2,0.00568,0.421,0.289823136
1554787888579,42.65,121.2,0.00568,0.421,0.289823136
1554787888625,42.696,121.2,0.00568,0.421,0.289823136
1554787888671,42.742,121.2,0.00568,0.421,0.289823136
1554787888733,42.804,121.2,0.0057,0.419,0.28946196
1554787888779,42.85,121.2,0.0057,0.419,0.28946196
1554787888825,42.896,121.2,0.0057,0.419,0.28946196
1554787888871,42.942,121.2,0.0057,0.419,0.28946196
1554787888933,43.005,121.2,0.00567,0.42,0.28862568
1554787888980,43.051,121.2,0.00567,0.42,0.28862568
1554787889026,43.097,121.2,0.00567,0.42,0.28862568
1554787889072,43.143,121.2,0.00567,0.42,0.28862568
1554787889133,43.204,121.2,0.00565,0.422,0.28897716
1554787889179,43.25,121.2,0.00565,0.422,0.28897716
1554787889225,43.296,121.2,0.00565,0.422,0.28897716
1554787889271,43.342,121.2,0.00565,0.422,0.28897716
1554787889334,43.405,121.2,0.00565,0.421,0.28829238
1554787889380,43.451,121.2,0.00565,0.421,0.28829238
1554787889426,43.497,121.2,0.00565,0.421,0.28829238
1554787889472,43.543,121.2,0.00565,0.421,0.28829238
1554787889533,43.604,121.2,0.00565,0.417,0.28555326
1554787889579,43.65,121.2,0.00565,0.417,0.28555326
1554787889625,43.696,121.2,0.00565,0.417,0.28555326
1554787889672,43.743,121.2,0.00565,0.417,0.28555326
1554787889733,43.804,121.2,0.00563,0.418,0.285224808
1554787889778,43.85,121.2,0.00563,0.418,0.285224808
1554787889825,43.896,121.2,0.00563,0.418,0.285224808
1554787889871,43.942,121.2,0.00563,0.418,0.285224808
1554787889933,44.004,121.2,0.00563,0.423,0.288636588
1554787889979,44.05,121.2,0.00563,0.423,0.288636588
1554787890026,44.097,121.2,0.00563,0.423,0.288636588
1554787890072,44.143,121.2,0.00563,0.423,0.288636588
1554787890133,44.204,121.2,0.00561,0.42,0.28557144
1554787890179,44.25,121.2,0.00561,0.42,0.28557144
1554787890225,44.296,121.2,0.00561,0.42,0.28557144
1554787890271,44.342,121.2,0.00561,0.42,0.28557144
1554787890333,44.404,121.1,0.00561,0.419,0.284656449
1554787890380,44.451,121.1,0.00561,0.419,0.284656449
1554787890426,44.497,121.1,0.00561,0.419,0.284656449
1554787890472,44.543,121.1,0.00561,0.419,0.284656449
1554787890533,44.604,121.1,0.00563,0.418,0.284989474
1554787890579,44.65,121.1,0.00563,0.418,0.284989474
1554787890625,44.696,121.1,0.00563,0.418,0.284989474
1554787890671,44.742,121.1,0.00563,0.418,0.284989474
1554787890733,44.804,121.2,0.00566,0.419,0.287430648
1554787890779,44.85,121.2,0.00566,0.419,0.287430648
1554787890825,44.896,121.2,0.00566,0.419,0.287430648
1554787890871,44.942,121.2,0.00566,0.419,0.287430648
1554787890933,45.004,121.2,0.00565,0.417,0.28555326
1554787890980,45.051,121.2,0.00565,0.417,0.28555326
1554787891026,45.097,121.2,0.00565,0.417,0.28555326
1554787891072,45.143,121.2,0.00565,0.417,0.28555326
1554787891133,45.204,121.2,0.00568,0.416,0.286381056
1554787891179,45.25,121.2,0.00568,0.416,0.286381056
1554787891225,45.296,121.2,0.00568,0.416,0.286381056
1554787891271,45.342,121.2,0.00568,0.416,0.286381056
1554787891333,45.404,121.2,0.00572,0.417,0.289091088
1554787891378,45.449,121.2,0.00572,0.417,0.289091088
1554787891424,45.495,121.2,0.00572,0.417,0.289091088
1554787891470,45.541,121.2,0.00572,0.417,0.289091088
1554787891533,45.604,121.2,0.00572,0.415,0.28770456
1554787891579,45.65,121.2,0.00572,0.415,0.28770456
1554787891625,45.696,121.2,0.00572,0.415,0.28770456
1554787891671,45.742,121.2,0.00572,0.415,0.28770456
1554787891733,45.804,121.2,0.00573,0.415,0.28820754
1554787891779,45.85,121.2,0.00573,0.415,0.28820754
1554787891826,45.897,121.2,0.00573,0.415,0.28820754
1554787891872,45.943,121.2,0.00573,0.415,0.28820754
1554787891933,46.004,121.3,0.0057,0.418,0.28900938
1554787891979,46.05,121.3,0.0057,0.418,0.28900938
1554787892026,46.097,121.3,0.0057,0.418,0.28900938
1554787892072,46.143,121.3,0.0057,0.418,0.28900938
1554787892133,46.204,121.3,0.00571,0.416,0.288131168
1554787892179,46.25,121.3,0.00571,0.416,0.288131168
1554787892225,46.296,121.3,0.00571,0.416,0.288131168
1554787892271,46.342,121.3,0.00571,0.416,0.288131168
1554787892333,46.404,121.2,0.00575,0.416,0.2899104
1554787892379,46.45,121.2,0.00575,0.416,0.2899104
1554787892425,46.496,121.2,0.00575,0.416,0.2899104
1554787892471,46.542,121.2,0.00575,0.416,0.2899104
1554787892533,46.604,121.3,0.00575,0.417,0.290847075
1554787892579,46.65,121.3,0.00575,0.417,0.290847075
1554787892625,46.696,121.3,0.00575,0.417,0.290847075
1554787892671,46.742,121.3,0.00575,0.417,0.290847075
1554787892733,46.804,121.3,0.00576,0.417,0.291352896
1554787892780,46.851,121.3,0.00576,0.417,0.291352896
1554787892826,46.897,121.3,0.00576,0.417,0.291352896
1554787892872,46.943,121.3,0.00576,0.417,0.291352896
1554787892933,47.004,121.3,0.00572,0.416,0.288635776
1554787892979,47.05,121.3,0.00572,0.416,0.288635776
1554787893025,47.096,121.3,0.00572,0.416,0.288635776
1554787893071,47.142,121.3,0.00572,0.416,0.288635776
1554787893132,47.203,121.2,0.00569,0.418,0.288264504
1554787893178,47.249,121.2,0.00569,0.418,0.288264504
1554787893224,47.295,121.2,0.00569,0.418,0.288264504
1554787893270,47.341,121.2,0.00569,0.418,0.288264504
1554787893333,47.404,121.2,0.00568,0.417,0.287069472
1554787893378,47.449,121.2,0.00568,0.417,0.287069472
1554787893425,47.496,121.2,0.00568,0.417,0.287069472
1554787893471,47.542,121.2,0.00568,0.417,0.287069472
1554787893533,47.604,121.2,0.00568,0.419,0.288446304
1554787893579,47.65,121.2,0.00568,0.419,0.288446304
1554787893626,47.697,121.2,0.00568,0.419,0.288446304
1554787893672,47.743,121.2,0.00568,0.419,0.288446304
1554787893733,47.804,121.2,0.00571,0.417,0.288585684
1554787893779,47.85,121.2,0.00571,0.417,0.288585684
1554787893825,47.896,121.2,0.00571,0.417,0.288585684
1554787893871,47.942,121.2,0.00571,0.417,0.288585684
1554787893932,48.003,121.2,0.00564,0.421,0.287782128
1554787893978,48.049,121.2,0.00564,0.421,0.287782128
1554787894024,48.095,121.2,0.00564,0.421,0.287782128
1554787894070,48.141,121.2,0.00564,0.421,0.287782128
1554787894133,48.204,121.2,0.00555,0.423,0.28453518
1554787894179,48.25,121.2,0.00555,0.423,0.28453518
1554787894225,48.296,121.2,0.00555,0.423,0.28453518
1554787894271,48.342,121.2,0.00555,0.423,0.28453518
1554787894333,48.404,121.1,0.00558,0.421,0.284485698
1554787894379,48.45,121.1,0.00558,0.421,0.284485698
1554787894426,48.497,121.1,0.00558,0.421,0.284485698
1554787894472,48.543,121.1,0.00558,0.421,0.284485698
1554787894533,48.604,121.1,0.00559,0.423,0.286349427
1554787894579,48.65,121.1,0.00559,0.423,0.286349427
1554787894625,48.696,121.1,0.00559,0.423,0.286349427
1554787894671,48.742,121.1,0.00559,0.423,0.286349427
1554787894733,48.804,121.1,0.0056,0.421,0.28550536
1554787894780,48.851,121.1,0.0056,0.421,0.28550536
1554787894826,48.897,121.1,0.0056,0.421,0.28550536
1554787894872,48.943,121.1,0.0056,0.421,0.28550536
1554787894933,49.004,121.2,0.00559,0.425,0.2879409
1554787894979,49.05,121.2,0.00559,0.425,0.2879409
1554787895026,49.097,121.2,0.00559,0.425,0.2879409
1554787895072,49.143,121.2,0.00559,0.425,0.2879409
1554787895132,49.203,121.2,0.0056,0.422,0.28641984
1554787895178,49.249,121.2,0.0056,0.422,0.28641984
1554787895224,49.295,121.2,0.0056,0.422,0.28641984
1554787895270,49.341,121.2,0.0056,0.422,0.28641984
1554787895332,49.403,121.2,0.00563,0.423,0.288636588
1554787895378,49.449,121.2,0.00563,0.423,0.288636588
1554787895424,49.495,121.2,0.00563,0.423,0.288636588
1554787895470,49.541,121.2,0.00563,0.423,0.288636588
1554787895531,49.602,121.2,0.00565,0.42,0.2876076
1554787895577,49.648,121.2,0.00565,0.42,0.2876076
1554787895623,49.694,121.2,0.00565,0.42,0.2876076
1554787895670,49.741,121.2,0.00565,0.42,0.2876076
1554787895733,49.804,121.2,0.00568,0.42,0.28913472
1554787895779,49.85,121.2,0.00568,0.42,0.28913472
1554787895826,49.897,121.2,0.00568,0.42,0.28913472
1554787895872,49.943,121.2,0.00568,0.42,0.28913472
1554787895931,50.002,121.3,0.00572,0.417,0.289329612
1554787895977,50.048,121.3,0.00572,0.417,0.289329612
1554787896023,50.094,121.3,0.00572,0.417,0.289329612
1554787896069,50.141,121.3,0.00572,0.417,0.289329612
1554787896133,50.204,121.3,0.00569,0.419,0.289192543
1554787896179,50.25,121.3,0.00569,0.419,0.289192543
1554787896225,50.296,121.3,0.00569,0.419,0.289192543
1554787896272,50.343,121.3,0.00569,0.419,0.289192543
1554787896333,50.404,121.2,0.00565,0.422,0.28897716
1554787896379,50.45,121.2,0.00565,0.422,0.28897716
1554787896425,50.496,121.2,0.00565,0.422,0.28897716
1554787896472,50.543,121.2,0.00565,0.422,0.28897716
1554787896531,50.602,121.2,0.00564,0.425,0.2905164
1554787896577,50.649,121.2,0.00564,0.425,0.2905164
1554787896624,50.695,121.2,0.00564,0.425,0.2905164
1554787896670,50.741,121.2,0.00564,0.425,0.2905164
1554787896733,50.804,121.3,0.00566,0.424,0.291100592
1554787896779,50.851,121.3,0.00566,0.424,0.291100592
1554787896826,50.897,121.3,0.00566,0.424,0.291100592
1554787896872,50.943,121.3,0.00566,0.424,0.291100592
1554787896933,51.004,121.3,0.00562,0.422,0.287679932
1554787896979,51.05,121.3,0.00562,0.422,0.287679932
1554787897025,51.096,121.3,0.00562,0.422,0.287679932
1554787897071,51.142,121.3,0.00562,0.422,0.287679932
1554787897132,51.203,121.2,0.00563,0.423,0.288636588
1554787897178,51.249,121.2,0.00563,0.423,0.288636588
1554787897224,51.295,121.2,0.00563,0.423,0.288636588
1554787897270,51.342,121.2,0.00563,0.423,0.288636588
1554787897333,51.404,121.2,0.00564,0.422,0.288465696
1554787897379,51.45,121.2,0.00564,0.422,0.288465696
1554787897425,51.496,121.2,0.00564,0.422,0.288465696
1554787897471,51.542,121.2,0.00564,0.422,0.288465696
1554787897532,51.603,121.2,0.00562,0.422,0.287442768
1554787897578,51.649,121.2,0.00562,0.422,0.287442768
1554787897625,51.696,121.2,0.00562,0.422,0.287442768
1554787897671,51.742,121.2,0.00562,0.422,0.287442768
1554787897733,51.804,121.2,0.00561,0.419,0.284891508
1554787897779,51.85,121.2,0.00561,0.419,0.284891508
1554787897825,51.896,121.2,0.00561,0.419,0.284891508
1554787897871,51.942,121.2,0.00561,0.419,0.284891508
1554787897933,52.004,121.2,0.00562,0.421,0.286761624
1554787897979,52.05,121.2,0.00562,0.421,0.286761624
1554787898025,52.096,121.2,0.00562,0.421,0.286761624
1554787898071,52.142,121.2,0.00562,0.421,0.286761624
1554787898132,52.203,121.2,0.00564,0.417,0.285047856
1554787898178,52.249,121.2,0.00564,0.417,0.285047856
1554787898224,52.296,121.2,0.00564,0.417,0.285047856
1554787898270,52.342,121.2,0.00564,0.417,0.285047856
1554787898333,52.404,121.1,0.0056,0.42,0.2848272
1554787898379,52.45,121.1,0.0056,0.42,0.2848272
1554787898425,52.496,121.1,0.0056,0.42,0.2848272
1554787898472,52.543,121.1,0.0056,0.42,0.2848272
1554787898533,52.604,121.1,0.00559,0.421,0.284995529
1554787898579,52.65,121.1,0.00559,0.421,0.284995529
1554787898625,52.696,121.1,0.00559,0.421,0.284995529
1554787898671,52.742,121.1,0.00559,0.421,0.284995529
1554787898732,52.803,121.1,0.0056,0.425,0.288218
1554787898778,52.849,121.1,0.0056,0.425,0.288218
1554787898825,52.896,121.1,0.0056,0.425,0.288218
1554787898870,52.942,121.1,0.0056,0.425,0.288218
1554787898933,53.004,121.2,0.00563,0.421,0.287271876
1554787898979,53.05,121.2,0.00563,0.421,0.287271876
1554787899025,53.096,121.2,0.00563,0.421,0.287271876
1554787899071,53.142,121.2,0.00563,0.421,0.287271876
1554787899132,53.203,121.2,0.00562,0.419,0.285399336
1554787899178,53.25,121.2,0.00562,0.419,0.285399336
1554787899224,53.296,121.2,0.00562,0.419,0.285399336
1554787899271,53.342,121.2,0.00562,0.419,0.285399336
1554787899332,53.403,121.2,0.00564,0.419,0.286414992
1554787899378,53.449,121.2,0.00564,0.419,0.286414992
1554787899423,53.495,121.2,0.00564,0.419,0.286414992
1554787899470,53.541,121.2,0.00564,0.419,0.286414992
1554787899532,53.603,121.2,0.00565,0.42,0.2876076
1554787899578,53.649,121.2,0.00565,0.42,0.2876076
1554787899624,53.695,121.2,0.00565,0.42,0.2876076
1554787899670,53.741,121.2,0.00565,0.42,0.2876076
1554787899733,53.804,121.2,0.00567,0.421,0.289312884
1554787899779,53.85,121.2,0.00567,0.421,0.289312884
1554787899825,53.896,121.2,0.00567,0.421,0.289312884
1554787899871,53.942,121.2,0.00567,0.421,0.289312884
1554787899932,54.003,121.2,0.00566,0.424,0.290860608
1554787899978,54.049,121.2,0.00566,0.424,0.290860608
1554787900024,54.095,121.2,0.00566,0.424,0.290860608
1554787900071,54.142,121.2,0.00566,0.424,0.290860608
1554787900132,54.203,121.2,0.00566,0.422,0.289488624
1554787900178,54.249,121.2,0.00566,0.422,0.289488624
1554787900224,54.295,121.2,0.00566,0.422,0.289488624
1554787900270,54.341,121.2,0.00566,0.422,0.289488624
1554787900332,54.403,121.2,0.00569,0.419,0.288954132
1554787900378,54.449,121.2,0.00569,0.419,0.288954132
1554787900424,54.495,121.2,0.00569,0.419,0.288954132
1554787900471,54.542,121.2,0.00569,0.419,0.288954132
1554787900532,54.603,121.2,0.00573,0.418,0.290290968
1554787900578,54.649,121.2,0.00573,0.418,0.290290968
1554787900624,54.695,121.2,0.00573,0.418,0.290290968
1554787900670,54.741,121.2,0.00573,0.418,0.290290968
1554787900731,54.803,121.3,0.0057,0.423,0.29246643
1554787900777,54.848,121.3,0.0057,0.423,0.29246643
1554787900823,54.894,121.3,0.0057,0.423,0.29246643
1554787900869,54.94,121.3,0.0057,0.423,0.29246643
1554787900932,55.003,121.3,0.00566,0.421,0.289040918
1554787900978,55.049,121.3,0.00566,0.421,0.289040918
1554787901024,55.095,121.3,0.00566,0.421,0.289040918
1554787901070,55.141,121.3,0.00566,0.421,0.289040918
1554787901132,55.203,121.3,0.00568,0.421,0.290062264
1554787901178,55.249,121.3,0.00568,0.421,0.290062264
1554787901225,55.296,121.3,0.00568,0.421,0.290062264
1554787901271,55.342,121.3,0.00568,0.421,0.290062264
1554787901332,55.403,121.2,0.00561,0.42,0.28557144
1554787901378,55.449,121.2,0.00561,0.42,0.28557144
1554787901424,55.495,121.2,0.00561,0.42,0.28557144
1554787901470,55.541,121.2,0.00561,0.42,0.28557144
1554787901531,55.602,121.2,0.00566,0.42,0.28811664
1554787901577,55.648,121.2,0.00566,0.42,0.28811664
1554787901623,55.694,121.2,0.00566,0.42,0.28811664
1554787901669,55.74,121.2,0.00566,0.42,0.28811664
1554787901732,55.803,121.2,0.00566,0.42,0.28811664
1554787901778,55.849,121.2,0.00566,0.42,0.28811664
1554787901824,55.895,121.2,0.00566,0.42,0.28811664
1554787901870,55.941,121.2,0.00566,0.42,0.28811664
1554787901931,56.002,121.2,0.00563,0.421,0.287271876
1554787901977,56.048,121.2,0.00563,0.421,0.287271876
1554787902023,56.094,121.2,0.00563,0.421,0.287271876
1554787902069,56.14,121.2,0.00563,0.421,0.287271876
1554787902131,56.202,121.2,0.00561,0.421,0.286251372
1554787902178,56.249,121.2,0.00561,0.421,0.286251372
1554787902224,56.295,121.2,0.00561,0.421,0.286251372
1554787902270,56.341,121.2,0.00561,0.421,0.286251372
1554787902331,56.402,121.2,0.0056,0.42,0.2850624
1554787902377,56.448,121.2,0.0056,0.42,0.2850624
1554787902423,56.494,121.2,0.0056,0.42,0.2850624
1554787902469,56.54,121.2,0.0056,0.42,0.2850624
1554787902531,56.602,121.1,0.00563,0.418,0.284989474
1554787902577,56.648,121.1,0.00563,0.418,0.284989474
1554787902624,56.695,121.1,0.00563,0.418,0.284989474
1554787902670,56.741,121.1,0.00563,0.418,0.284989474
1554787902732,56.803,121.1,0.00569,0.416,0.286648544
1554787902778,56.849,121.1,0.00569,0.416,0.286648544
1554787902824,56.895,121.1,0.00569,0.416,0.286648544
1554787902871,56.942,121.1,0.00569,0.416,0.286648544
1554787902932,57.003,121.2,0.0057,0.415,0.2866986
1554787902978,57.049,121.2,0.0057,0.415,0.2866986
1554787903024,57.095,121.2,0.0057,0.415,0.2866986
1554787903070,57.141,121.2,0.0057,0.415,0.2866986
1554787903131,57.202,121.2,0.00565,0.419,0.28692282
1554787903177,57.248,121.2,0.00565,0.419,0.28692282
1554787903224,57.295,121.2,0.00565,0.419,0.28692282
1554787903270,57.341,121.2,0.00565,0.419,0.28692282
1554787903331,57.402,121.2,0.00564,0.42,0.28709856
1554787903377,57.448,121.2,0.00564,0.42,0.28709856
1554787903423,57.494,121.2,0.00564,0.42,0.28709856
1554787903469,57.54,121.2,0.00564,0.42,0.28709856
1554787903531,57.602,121.2,0.00568,0.419,0.288446304
1554787903577,57.648,121.2,0.00568,0.419,0.288446304
1554787903623,57.695,121.2,0.00568,0.419,0.288446304
1554787903669,57.74,121.2,0.00568,0.419,0.288446304
1554787903732,57.803,121.2,0.0057,0.42,0.2901528
1554787903778,57.849,121.2,0.0057,0.42,0.2901528
1554787903824,57.895,121.2,0.0057,0.42,0.2901528
1554787903870,57.941,121.2,0.0057,0.42,0.2901528
1554787903931,58.002,121.2,0.00569,0.42,0.28964376
1554787903977,58.048,121.2,0.00569,0.42,0.28964376
1554787904023,58.094,121.2,0.00569,0.42,0.28964376
1554787904069,58.14,121.2,0.00569,0.42,0.28964376
1554787904131,58.202,121.2,0.0057,0.419,0.28946196
1554787904177,58.248,121.2,0.0057,0.419,0.28946196
1554787904223,58.294,121.2,0.0057,0.419,0.28946196
1554787904269,58.34,121.2,0.0057,0.419,0.28946196
1554787904331,58.402,121.2,0.0057,0.42,0.2901528
1554787904377,58.448,121.2,0.0057,0.42,0.2901528
1554787904423,58.494,121.2,0.0057,0.42,0.2901528
1554787904470,58.541,121.2,0.0057,0.42,0.2901528
1554787904531,58.602,121.2,0.00569,0.421,0.290333388
1554787904576,58.648,121.2,0.00569,0.421,0.290333388
1554787904623,58.694,121.2,0.00569,0.421,0.290333388
1554787904669,58.74,121.2,0.00569,0.421,0.290333388
1554787904731,58.802,121.2,0.00572,0.421,0.291864144
1554787904777,58.848,121.2,0.00572,0.421,0.291864144
1554787904823,58.894,121.2,0.00572,0.421,0.291864144
1554787904869,58.941,121.2,0.00572,0.421,0.291864144
1554787904931,59.002,121.2,0.0057,0.421,0.29084364
1554787904976,59.048,121.2,0.0057,0.421,0.29084364
1554787905022,59.094,121.2,0.0057,0.421,0.29084364
1554787905069,59.14,121.2,0.0057,0.421,0.29084364
1554787905131,59.202,121.3,0.0057,0.42,0.2903922
1554787905177,59.248,121.3,0.0057,0.42,0.2903922
1554787905223,59.294,121.3,0.0057,0.42,0.2903922
1554787905269,59.34,121.3,0.0057,0.42,0.2903922
1554787905331,59.402,121.2,0.00566,0.417,0.286058664
1554787905377,59.448,121.2,0.00566,0.417,0.286058664
1554787905423,59.495,121.2,0.00566,0.417,0.286058664
1554787905470,59.541,121.2,0.00566,0.417,0.286058664
1554787905531,59.602,121.2,0.00564,0.422,0.288465696
1554787905577,59.648,121.2,0.00564,0.422,0.288465696
1554787905623,59.694,121.2,0.00564,0.422,0.288465696
1554787905669,59.74,121.2,0.00564,0.422,0.288465696
1554787905730,59.801,121.2,0.00565,0.42,0.2876076
1554787905776,59.847,121.2,0.00565,0.42,0.2876076
1554787905822,59.894,121.2,0.00565,0.42,0.2876076
1554787905869,59.94,121.2,0.00565,0.42,0.2876076
1554787905931,60.002,121.2,0.00559,0.422,0.285908376
1554787905977,60.048,121.2,0.00559,0.422,0.285908376
1554787906024,60.095,121.2,0.00559,0.422,0.285908376
1554787906070,60.141,121.2,0.00559,0.422,0.285908376
1554787906131,60.202,121.2,0.00562,0.421,0.286761624
1554787906177,60.248,121.2,0.00562,0.421,0.286761624
1554787906223,60.294,121.2,0.00562,0.421,0.286761624
1554787906269,60.34,121.2,0.00562,0.421,0.286761624
1554787906330,60.401,121.2,0.00558,0.421,0.284720616
1554787906376,60.447,121.2,0.00558,0.421,0.284720616
1554787906422,60.493,121.2,0.00558,0.421,0.284720616
1554787906468,60.539,121.2,0.00558,0.421,0.284720616
1554787906531,60.602,121.1,0.00559,0.418,0.282964682
1554787906577,60.648,121.1,0.00559,0.418,0.282964682
1554787906623,60.694,121.1,0.00559,0.418,0.282964682
1554787906669,60.74,121.1,0.00559,0.418,0.282964682
1554787906730,60.801,121.1,0.00564,0.422,0.288227688
1554787906776,60.847,121.1,0.00564,0.422,0.288227688
1554787906822,60.893,121.1,0.00564,0.422,0.288227688
1554787906869,60.94,121.1,0.00564,0.422,0.288227688
1554787906930,61.001,121.2,0.00559,0.421,0.285230868
1554787906976,61.047,121.2,0.00559,0.421,0.285230868
1554787907022,61.093,121.2,0.00559,0.421,0.285230868
1554787907068,61.139,121.2,0.00559,0.421,0.285230868
1554787907130,61.201,121.2,0.00562,0.423,0.288123912
1554787907176,61.247,121.2,0.00562,0.423,0.288123912
1554787907222,61.293,121.2,0.00562,0.423,0.288123912
1554787907268,61.339,121.2,0.00562,0.423,0.288123912
1554787907331,61.402,121.2,0.00562,0.422,0.287442768
1554787907377,61.448,121.2,0.00562,0.422,0.287442768
1554787907423,61.494,121.2,0.00562,0.422,0.287442768
1554787907469,61.54,121.2,0.00562,0.422,0.287442768
1554787907530,61.601,121.2,0.00569,0.42,0.28964376
1554787907576,61.647,121.2,0.00569,0.42,0.28964376
1554787907622,61.693,121.2,0.00569,0.42,0.28964376
1554787907668,61.739,121.2,0.00569,0.42,0.28964376
1554787907731,61.802,121.2,0.00569,0.418,0.288264504
1554787907777,61.848,121.2,0.00569,0.418,0.288264504
1554787907823,61.894,121.2,0.00569,0.418,0.288264504
1554787907869,61.94,121.2,0.00569,0.418,0.288264504
1554787907930,62.001,121.2,0.00568,0.42,0.28913472
1554787907976,62.047,121.2,0.00568,0.42,0.28913472
1554787908022,62.093,121.2,0.00568,0.42,0.28913472
1554787908068,62.139,121.2,0.00568,0.42,0.28913472
1554787908131,62.202,121.2,0.00568,0.419,0.288446304
1554787908177,62.248,121.2,0.00568,0.419,0.288446304
1554787908223,62.294,121.2,0.00568,0.419,0.288446304
1554787908269,62.34,121.2,0.00568,0.419,0.288446304
1554787908330,62.401,121.2,0.0057,0.422,0.29153448
1554787908376,62.447,121.2,0.0057,0.422,0.29153448
1554787908422,62.493,121.2,0.0057,0.422,0.29153448
1554787908468,62.539,121.2,0.0057,0.422,0.29153448
1554787908531,62.602,121.2,0.00574,0.42,0.29218896
1554787908577,62.648,121.2,0.00574,0.42,0.29218896
1554787908623,62.694,121.2,0.00574,0.42,0.29218896
1554787908669,62.74,121.2,0.00574,0.42,0.29218896
1554787908730,62.801,121.2,0.00572,0.419,0.290477616
1554787908777,62.848,121.2,0.00572,0.419,0.290477616
1554787908823,62.894,121.2,0.00572,0.419,0.290477616
1554787908869,62.94,121.2,0.00572,0.419,0.290477616
1554787908930,63.001,121.3,0.00571,0.42,0.29090166
1554787908976,63.047,121.3,0.00571,0.42,0.29090166
1554787909022,63.093,121.3,0.00571,0.42,0.29090166
1554787909068,63.139,121.3,0.00571,0.42,0.29090166
1554787909131,63.202,121.2,0.00567,0.418,0.287251272
1554787909177,63.248,121.2,0.00567,0.418,0.287251272
1554787909223,63.294,121.2,0.00567,0.418,0.287251272
1554787909269,63.34,121.2,0.00567,0.418,0.287251272
1554787909330,63.401,121.2,0.00566,0.418,0.286744656
1554787909376,63.447,121.2,0.00566,0.418,0.286744656
1554787909422,63.493,121.2,0.00566,0.418,0.286744656
1554787909468,63.539,121.2,0.00566,0.418,0.286744656
1554787909530,63.601,121.2,0.00566,0.418,0.286744656
1554787909576,63.647,121.2,0.00566,0.418,0.286744656
1554787909622,63.693,121.2,0.00566,0.418,0.286744656
1554787909668,63.739,121.2,0.00566,0.418,0.286744656
1554787909730,63.801,121.2,0.0057,0.421,0.29084364
1554787909777,63.848,121.2,0.0057,0.421,0.29084364
1554787909823,63.894,121.2,0.0057,0.421,0.29084364
1554787909869,63.94,121.2,0.0057,0.421,0.29084364
1554787909930,64.001,121.2,0.00567,0.418,0.287251272
1554787909976,64.047,121.2,0.00567,0.418,0.287251272
1554787910022,64.093,121.2,0.00567,0.418,0.287251272
1554787910068,64.139,121.2,0.00567,0.418,0.287251272
1554787910130,64.201,121.1,0.00562,0.419,0.285163858
1554787910176,64.247,121.1,0.00562,0.419,0.285163858
1554787910222,64.293,121.1,0.00562,0.419,0.285163858
1554787910268,64.339,121.1,0.00562,0.419,0.285163858
1554787910330,64.401,121.1,0.00561,0.42,0.28533582
1554787910376,64.447,121.1,0.00561,0.42,0.28533582
1554787910422,64.493,121.1,0.00561,0.42,0.28533582
1554787910468,64.539,121.1,0.00561,0.42,0.28533582
1554787910530,64.601,121.1,0.00561,0.417,0.283297707
1554787910576,64.647,121.1,0.00561,0.417,0.283297707
1554787910623,64.694,121.1,0.00561,0.417,0.283297707
1554787910669,64.74,121.1,0.00561,0.417,0.283297707
1554787910730,64.801,121.1,0.00561,0.42,0.28533582
1554787910776,64.847,121.1,0.00561,0.42,0.28533582
1554787910822,64.893,121.1,0.00561,0.42,0.28533582
1554787910868,64.939,121.1,0.00561,0.42,0.28533582
1554787910930,65.001,121.1,0.00562,0.422,0.287205604
1554787910976,65.047,121.1,0.00562,0.422,0.287205604
1554787911022,65.093,121.1,0.00562,0.422,0.287205604
1554787911068,65.139,121.1,0.00562,0.422,0.287205604
1554787911129,65.2,121.1,0.00564,0.421,0.287544684
1554787911176,65.247,121.1,0.00564,0.421,0.287544684
1554787911221,65.292,121.1,0.00564,0.421,0.287544684
1554787911268,65.339,121.1,0.00564,0.421,0.287544684
1554787911330,65.401,121.1,0.00563,0.421,0.287034853
1554787911376,65.447,121.1,0.00563,0.421,0.287034853
1554787911422,65.493,121.1,0.00563,0.421,0.287034853
1554787911469,65.54,121.1,0.00563,0.421,0.287034853
1554787911530,65.601,121.1,0.00565,0.421,0.288054515
1554787911575,65.646,121.1,0.00565,0.421,0.288054515
1554787911622,65.693,121.1,0.00565,0.421,0.288054515
1554787911668,65.739,121.1,0.00565,0.421,0.288054515
1554787911730,65.801,121.1,0.0057,0.419,0.28922313
1554787911776,65.847,121.1,0.0057,0.419,0.28922313
1554787911822,65.893,121.1,0.0057,0.419,0.28922313
1554787911869,65.94,121.1,0.0057,0.419,0.28922313
1554787911930,66.001,121.2,0.00569,0.42,0.28964376
1554787911975,66.046,121.2,0.00569,0.42,0.28964376
1554787912021,66.093,121.2,0.00569,0.42,0.28964376
1554787912068,66.139,121.2,0.00569,0.42,0.28964376
1554787912130,66.201,121.2,0.00573,0.416,0.288902016
1554787912176,66.247,121.2,0.00573,0.416,0.288902016
1554787912222,66.293,121.2,0.00573,0.416,0.288902016
1554787912268,66.339,121.2,0.00573,0.416,0.288902016
1554787912329,66.4,121.2,0.00571,0.42,0.29066184
1554787912375,66.446,121.2,0.00571,0.42,0.29066184
1554787912421,66.492,121.2,0.00571,0.42,0.29066184
1554787912467,66.539,121.2,0.00571,0.42,0.29066184
1554787912530,66.601,121.2,0.00564,0.424,0.289832832
1554787912576,66.647,121.2,0.00564,0.424,0.289832832
1554787912622,66.693,121.2,0.00564,0.424,0.289832832
1554787912668,66.739,121.2,0.00564,0.424,0.289832832
1554787912729,66.8,121.2,0.00566,0.424,0.290860608
1554787912775,66.846,121.2,0.00566,0.424,0.290860608
1554787912821,66.892,121.2,0.00566,0.424,0.290860608
1554787912868,66.939,121.2,0.00566,0.424,0.290860608
1554787912930,67.001,121.2,0.00567,0.421,0.289312884
1554787912976,67.047,121.2,0.00567,0.421,0.289312884
1554787913022,67.093,121.2,0.00567,0.421,0.289312884
1554787913068,67.139,121.2,0.00567,0.421,0.289312884
1554787913129,67.2,121.2,0.00566,0.422,0.289488624
1554787913175,67.246,121.2,0.00566,0.422,0.289488624
1554787913221,67.292,121.2,0.00566,0.422,0.289488624
1554787913267,67.339,121.2,0.00566,0.422,0.289488624
1554787913330,67.401,121.2,0.00564,0.42,0.28709856
1554787913376,67.447,121.2,0.00564,0.42,0.28709856
1554787913422,67.493,121.2,0.00564,0.42,0.28709856
1554787913468,67.539,121.2,0.00564,0.42,0.28709856
1554787913529,67.6,121.2,0.00563,0.42,0.28658952
1554787913575,67.646,121.2,0.00563,0.42,0.28658952
1554787913621,67.692,121.2,0.00563,0.42,0.28658952
1554787913667,67.738,121.2,0.00563,0.42,0.28658952
1554787913730,67.801,121.2,0.00566,0.418,0.286744656
1554787913776,67.847,121.2,0.00566,0.418,0.286744656
1554787913822,67.893,121.2,0.00566,0.418,0.286744656
1554787913868,67.939,121.2,0.00566,0.418,0.286744656
1554787913929,68.0,121.2,0.00564,0.419,0.286414992
1554787913975,68.046,121.2,0.00564,0.419,0.286414992
1554787914021,68.092,121.2,0.00564,0.419,0.286414992
1554787914067,68.139,121.2,0.00564,0.419,0.286414992
1554787914130,68.201,121.2,0.00565,0.419,0.28692282
1554787914176,68.247,121.2,0.00565,0.419,0.28692282
1554787914222,68.293,121.2,0.00565,0.419,0.28692282
1554787914268,68.339,121.2,0.00565,0.419,0.28692282
1554787914329,68.4,121.2,0.00564,0.419,0.286414992
1554787914375,68.446,121.2,0.00564,0.419,0.286414992
1554787914421,68.492,121.2,0.00564,0.419,0.286414992
1554787914467,68.538,121.2,0.00564,0.419,0.286414992
1554787914530,68.601,121.1,0.00564,0.415,0.28344666
1554787914576,68.647,121.1,0.00564,0.415,0.28344666
1554787914622,68.693,121.1,0.00564,0.415,0.28344666
1554787914668,68.74,121.1,0.00564,0.415,0.28344666
1554787914730,68.801,121.1,0.00563,0.419,0.285671267
1554787914776,68.847,121.1,0.00563,0.419,0.285671267
1554787914822,68.893,121.1,0.00563,0.419,0.285671267
1554787914868,68.939,121.1,0.00563,0.419,0.285671267
1554787914929,69.0,121.1,0.0056,0.42,0.2848272
1554787914975,69.046,121.1,0.0056,0.42,0.2848272
1554787915021,69.092,121.1,0.0056,0.42,0.2848272
1554787915067,69.138,121.1,0.0056,0.42,0.2848272
1554787915129,69.201,121.1,0.00567,0.419,0.287700903
1554787915176,69.247,121.1,0.00567,0.419,0.287700903
1554787915222,69.293,121.1,0.00567,0.419,0.287700903
1554787915268,69.339,121.1,0.00567,0.419,0.287700903
1554787915329,69.4,121.1,0.00565,0.419,0.286686085
1554787915375,69.446,121.1,0.00565,0.419,0.286686085
1554787915421,69.492,121.1,0.00565,0.419,0.286686085
1554787915467,69.538,121.1,0.00565,0.419,0.286686085
1554787915530,69.601,121.1,0.00564,0.423,0.288910692
1554787915576,69.647,121.1,0.00564,0.423,0.288910692
1554787915622,69.693,121.1,0.00564,0.423,0.288910692
1554787915668,69.739,121.1,0.00564,0.423,0.288910692
1554787915729,69.8,121.1,0.00565,0.418,0.28600187
1554787915775,69.846,121.1,0.00565,0.418,0.28600187
1554787915821,69.892,121.1,0.00565,0.418,0.28600187
1554787915867,69.938,121.1,0.00565,0.418,0.28600187
1554787915929,70.0,121.2,0.00568,0.421,0.289823136
1554787915975,70.046,121.2,0.00568,0.421,0.289823136
1554787916022,70.093,121.2,0.00568,0.421,0.289823136
1554787916068,70.139,121.2,0.00568,0.421,0.289823136
1554787916129,70.2,121.2,0.00574,0.42,0.29218896
1554787916175,70.246,121.2,0.00574,0.42,0.29218896
1554787916221,70.292,121.2,0.00574,0.42,0.29218896
1554787916267,70.338,121.2,0.00574,0.42,0.29218896
1554787916329,70.4,121.2,0.00569,0.419,0.288954132
1554787916375,70.446,121.2,0.00569,0.419,0.288954132
1554787916421,70.492,121.2,0.00569,0.419,0.288954132
1554787916468,70.539,121.2,0.00569,0.419,0.288954132
1554787916529,70.6,121.2,0.00572,0.42,0.29117088
1554787916575,70.646,121.2,0.00572,0.42,0.29117088
1554787916621,70.692,121.2,0.00572,0.42,0.29117088
1554787916667,70.738,121.2,0.00572,0.42,0.29117088
1554787916730,70.801,121.2,0.00572,0.417,0.289091088
1554787916776,70.847,121.2,0.00572,0.417,0.289091088
1554787916822,70.893,121.2,0.00572,0.417,0.289091088
1554787916868,70.939,121.2,0.00572,0.417,0.289091088
1554787916929,71.0,121.2,0.00565,0.422,0.28897716
1554787916976,71.047,121.2,0.00565,0.422,0.28897716
1554787917022,71.093,121.2,0.00565,0.422,0.28897716
1554787917068,71.139,121.2,0.00565,0.422,0.28897716
1554787917129,71.2,121.2,0.00564,0.425,0.2905164
1554787917175,71.246,121.2,0.00564,0.425,0.2905164
1554787917221,71.292,121.2,0.00564,0.425,0.2905164
1554787917267,71.338,121.2,0.00564,0.425,0.2905164
1554787917329,71.4,121.2,0.0056,0.423,0.28709856
1554787917375,71.446,121.2,0.0056,0.423,0.28709856
1554787917422,71.493,121.2,0.0056,0.423,0.28709856
1554787917468,71.539,121.2,0.0056,0.423,0.28709856
1554787917529,71.6,121.2,0.00559,0.423,0.286585884
1554787917575,71.646,121.2,0.00559,0.423,0.286585884
1554787917621,71.692,121.2,0.00559,0.423,0.286585884
1554787917667,71.738,121.2,0.00559,0.423,0.286585884
1554787917728,71.8,121.2,0.00562,0.42,0.28608048
1554787917774,71.845,121.2,0.00562,0.42,0.28608048
1554787917821,71.892,121.2,0.00562,0.42,0.28608048
1554787917867,71.938,121.2,0.00562,0.42,0.28608048
1554787917929,72.0,121.2,0.0056,0.421,0.28574112
1554787917975,72.046,121.2,0.0056,0.421,0.28574112
1554787918021,72.092,121.2,0.0056,0.421,0.28574112
1554787918067,72.138,121.2,0.0056,0.421,0.28574112
1554787918129,72.2,121.2,0.00561,0.42,0.28557144
1554787918175,72.246,121.2,0.00561,0.42,0.28557144
1554787918222,72.293,121.2,0.00561,0.42,0.28557144
1554787918268,72.339,121.2,0.00561,0.42,0.28557144
1554787918329,72.4,121.2,0.0056,0.418,0.28370496
1554787918375,72.446,121.2,0.0056,0.418,0.28370496
1554787918421,72.492,121.2,0.0056,0.418,0.28370496
1554787918467,72.538,121.2,0.0056,0.418,0.28370496
1554787918529,72.6,121.2,0.00556,0.42,0.28302624
1554787918575,72.646,121.2,0.00556,0.42,0.28302624
1554787918622,72.693,121.2,0.00556,0.42,0.28302624
1554787918668,72.739,121.2,0.00556,0.42,0.28302624
1554787918729,72.8,121.2,0.00562,0.417,0.284037048
1554787918775,72.846,121.2,0.00562,0.417,0.284037048
1554787918821,72.892,121.2,0.00562,0.417,0.284037048
1554787918867,72.938,121.2,0.00562,0.417,0.284037048
1554787918929,73.0,121.2,0.00563,0.421,0.287271876
1554787918974,73.045,121.2,0.00563,0.421,0.287271876
1554787919020,73.091,121.2,0.00563,0.421,0.287271876
1554787919067,73.138,121.2,0.00563,0.421,0.287271876
1554787919129,73.2,121.2,0.00559,0.422,0.285908376
1554787919175,73.246,121.2,0.00559,0.422,0.285908376
1554787919221,73.292,121.2,0.00559,0.422,0.285908376
1554787919267,73.338,121.2,0.00559,0.422,0.285908376
1554787919328,73.399,121.1,0.00563,0.419,0.285671267
1554787919374,73.445,121.1,0.00563,0.419,0.285671267
1554787919420,73.491,121.1,0.00563,0.419,0.285671267
1554787919467,73.538,121.1,0.00563,0.419,0.285671267
1554787919529,73.6,121.1,0.00562,0.423,0.287886186
1554787919575,73.646,121.1,0.00562,0.423,0.287886186
1554787919621,73.692,121.1,0.00562,0.423,0.287886186
1554787919667,73.738,121.1,0.00562,0.423,0.287886186
1554787919728,73.799,121.1,0.00567,0.422,0.289760814
1554787919774,73.845,121.1,0.00567,0.422,0.289760814
1554787919820,73.891,121.1,0.00567,0.422,0.289760814
1554787919866,73.937,121.1,0.00567,0.422,0.289760814
1554787919929,74.0,121.1,0.00568,0.42,0.28889616
1554787919975,74.046,121.1,0.00568,0.42,0.28889616
1554787920021,74.092,121.1,0.00568,0.42,0.28889616
1554787920067,74.138,121.1,0.00568,0.42,0.28889616
1554787920129,74.2,121.2,0.00571,0.422,0.292045944
1554787920175,74.246,121.2,0.00571,0.422,0.292045944
1554787920221,74.292,121.2,0.00571,0.422,0.292045944
1554787920267,74.338,121.2,0.00571,0.422,0.292045944
1554787920329,74.4,121.2,0.00569,0.42,0.28964376
1554787920375,74.446,121.2,0.00569,0.42,0.28964376
1554787920422,74.493,121.2,0.00569,0.42,0.28964376
1554787920468,74.539,121.2,0.00569,0.42,0.28964376
1554787920529,74.6,121.2,0.00569,0.421,0.290333388
1554787920575,74.646,121.2,0.00569,0.421,0.290333388
1554787920621,74.692,121.2,0.00569,0.421,0.290333388
1554787920667,74.738,121.2,0.00569,0.421,0.290333388
1554787920728,74.799,121.2,0.00571,0.418,0.289277736
1554787920774,74.845,121.2,0.00571,0.418,0.289277736
1554787920820,74.891,121.2,0.00571,0.418,0.289277736
1554787920866,74.937,121.2,0.00571,0.418,0.289277736
1554787920929,75.0,121.2,0.00574,0.418,0.290797584
1554787920975,75.046,121.2,0.00574,0.418,0.290797584
1554787921021,75.092,121.2,0.00574,0.418,0.290797584
1554787921067,75.138,121.2,0.00574,0.418,0.290797584
1554787921128,75.199,121.2,0.0057,0.418,0.28877112
1554787921174,75.245,121.2,0.0057,0.418,0.28877112
1554787921220,75.291,121.2,0.0057,0.418,0.28877112
1554787921266,75.337,121.2,0.0057,0.418,0.28877112
1554787921328,75.399,121.3,0.00565,0.42,0.2878449
1554787921375,75.446,121.3,0.00565,0.42,0.2878449
1554787921421,75.492,121.3,0.00565,0.42,0.2878449
1554787921467,75.538,121.3,0.00565,0.42,0.2878449
1554787921529,75.6,121.3,0.00564,0.42,0.28733544
1554787921575,75.646,121.3,0.00564,0.42,0.28733544
1554787921621,75.692,121.3,0.00564,0.42,0.28733544
1554787921668,75.739,121.3,0.00564,0.42,0.28733544
1554787921729,75.8,121.2,0.00563,0.419,0.285907164
1554787921775,75.846,121.2,0.00563,0.419,0.285907164
1554787921821,75.892,121.2,0.00563,0.419,0.285907164
1554787921867,75.938,121.2,0.00563,0.419,0.285907164
1554787921928,75.999,121.2,0.00563,0.42,0.28658952
1554787921974,76.045,121.2,0.00563,0.42,0.28658952
1554787922020,76.091,121.2,0.00563,0.42,0.28658952
1554787922067,76.138,121.2,0.00563,0.42,0.28658952
1554787922129,76.2,121.3,0.00562,0.423,0.288361638
1554787922175,76.246,121.3,0.00562,0.423,0.288361638
1554787922221,76.292,121.3,0.00562,0.423,0.288361638
1554787922267,76.338,121.3,0.00562,0.423,0.288361638
1554787922328,76.399,121.2,0.0056,0.421,0.28574112
1554787922375,76.446,121.2,0.0056,0.421,0.28574112
1554787922421,76.492,121.2,0.0056,0.421,0.28574112
1554787922467,76.538,121.2,0.0056,0.421,0.28574112
1554787922529,76.6,121.2,0.00555,0.422,0.28386252
1554787922575,76.646,121.2,0.00555,0.422,0.28386252
1554787922621,76.692,121.2,0.00555,0.422,0.28386252
1554787922667,76.738,121.2,0.00555,0.422,0.28386252
1554787922729,76.8,121.2,0.00559,0.421,0.285230868
1554787922775,76.846,121.2,0.00559,0.421,0.285230868
1554787922821,76.892,121.2,0.00559,0.421,0.285230868
1554787922867,76.938,121.2,0.00559,0.421,0.285230868
1554787922928,76.999,121.2,0.00562,0.42,0.28608048
1554787922974,77.045,121.2,0.00562,0.42,0.28608048
1554787923020,77.091,121.2,0.00562,0.42,0.28608048
1554787923066,77.137,121.2,0.00562,0.42,0.28608048
1554787923128,77.2,121.2,0.00562,0.424,0.288805056
1554787923175,77.246,121.2,0.00562,0.424,0.288805056
1554787923221,77.292,121.2,0.00562,0.424,0.288805056
1554787923267,77.338,121.2,0.00562,0.424,0.288805056
1554787923329,77.4,121.2,0.00559,0.422,0.285908376
1554787923375,77.447,121.2,0.00559,0.422,0.285908376
1554787923422,77.493,121.2,0.00559,0.422,0.285908376
1554787923468,77.539,121.2,0.00559,0.422,0.285908376
1554787923529,77.6,121.1,0.00562,0.42,0.28584444
1554787923575,77.646,121.1,0.00562,0.42,0.28584444
1554787923621,77.692,121.1,0.00562,0.42,0.28584444
1554787923667,77.738,121.1,0.00562,0.42,0.28584444
1554787923729,77.8,121.1,0.00562,0.422,0.287205604
1554787923775,77.846,121.1,0.00562,0.422,0.287205604
1554787923821,77.892,121.1,0.00562,0.422,0.287205604
1554787923867,77.939,121.1,0.00562,0.422,0.287205604
1554787923928,78.0,121.1,0.00563,0.422,0.287716646
1554787923975,78.046,121.1,0.00563,0.422,0.287716646
1554787924021,78.092,121.1,0.00563,0.422,0.287716646
1554787924067,78.138,121.1,0.00563,0.422,0.287716646
1554787924129,78.2,121.2,0.00565,0.423,0.28966194
1554787924175,78.246,121.2,0.00565,0.423,0.28966194
1554787924221,78.293,121.2,0.00565,0.423,0.28966194
1554787924268,78.339,121.2,0.00565,0.423,0.28966194
1554787924329,78.4,121.2,0.00565,0.426,0.29171628
1554787924375,78.446,121.2,0.00565,0.426,0.29171628
1554787924421,78.492,121.2,0.00565,0.426,0.29171628
1554787924467,78.538,121.2,0.00565,0.426,0.29171628
1554787924528,78.599,121.2,0.00561,0.425,0.2889711
1554787924574,78.645,121.2,0.00561,0.425,0.2889711
1554787924620,78.691,121.2,0.00561,0.425,0.2889711
1554787924666,78.737,121.2,0.00561,0.425,0.2889711
1554787924728,78.8,121.2,0.00564,0.423,0.289149264
1554787924774,78.845,121.2,0.00564,0.423,0.289149264
1554787924827,78.898,121.2,0.00564,0.423,0.289149264
1554787924873,78.944,121.2,0.00564,0.423,0.289149264
1554787924929,79.0,121.2,0.0057,0.42,0.2901528
1554787924975,79.046,121.2,0.0057,0.42,0.2901528
1554787925021,79.092,121.2,0.0057,0.42,0.2901528
1554787925067,79.138,121.2,0.0057,0.42,0.2901528
1554787925128,79.199,121.2,0.00565,0.422,0.28897716
1554787925174,79.245,121.2,0.00565,0.422,0.28897716
1554787925220,79.291,121.2,0.00565,0.422,0.28897716
1554787925266,79.337,121.2,0.00565,0.422,0.28897716
1554787925328,79.399,121.2,0.00563,0.422,0.287954232
1554787925374,79.445,121.2,0.00563,0.422,0.287954232
1554787925421,79.492,121.2,0.00563,0.422,0.287954232
1554787925467,79.538,121.2,0.00563,0.422,0.287954232
1554787925529,79.6,121.2,0.00563,0.422,0.287954232
1554787925575,79.646,121.2,0.00563,0.422,0.287954232
1554787925621,79.692,121.2,0.00563,0.422,0.287954232
1554787925667,79.738,121.2,0.00563,0.422,0.287954232
1554787925728,79.8,121.2,0.00565,0.419,0.28692282
1554787925774,79.845,121.2,0.00565,0.419,0.28692282
1554787925820,79.891,121.2,0.00565,0.419,0.28692282
1554787925866,79.937,121.2,0.00565,0.419,0.28692282
1554787925929,80.0,121.2,0.00564,0.42,0.28709856
1554787925975,80.046,121.2,0.00564,0.42,0.28709856
1554787926021,80.092,121.2,0.00564,0.42,0.28709856
1554787926067,80.138,121.2,0.00564,0.42,0.28709856
1554787926129,80.2,121.2,0.00563,0.419,0.285907164
1554787926175,80.247,121.2,0.00563,0.419,0.285907164
1554787926221,80.292,121.2,0.00563,0.419,0.285907164
1554787926267,80.338,121.2,0.00563,0.419,0.285907164
1554787926328,80.4,121.3,0.00562,0.42,0.28631652
1554787926374,80.445,121.3,0.00562,0.42,0.28631652
1554787926420,80.491,121.3,0.00562,0.42,0.28631652
1554787926467,80.538,121.3,0.00562,0.42,0.28631652
1554787926529,80.6,121.2,0.00561,0.419,0.284891508
1554787926575,80.646,121.2,0.00561,0.419,0.284891508
1554787926621,80.692,121.2,0.00561,0.419,0.284891508
1554787926667,80.738,121.2,0.00561,0.419,0.284891508
1554787926730,80.801,121.2,0.0056,0.419,0.28438368
1554787926776,80.847,121.2,0.0056,0.419,0.28438368
1554787926822,80.893,121.2,0.0056,0.419,0.28438368
1554787926868,80.939,121.2,0.0056,0.419,0.28438368
1554787926928,80.999,121.2,0.00567,0.416,0.285876864
1554787926974,81.045,121.2,0.00567,0.416,0.285876864
1554787927020,81.091,121.2,0.00567,0.416,0.285876864
1554787927066,81.137,121.2,0.00567,0.416,0.285876864
1554787927129,81.2,121.2,0.00567,0.417,0.286564068
1554787927174,81.246,121.2,0.00567,0.417,0.286564068
1554787927220,81.291,121.2,0.00567,0.417,0.286564068
1554787927266,81.337,121.2,0.00567,0.417,0.286564068
1554787927328,81.399,121.2,0.00607,0.424,0.311930016
1554787927373,81.444,121.2,0.00607,0.424,0.311930016
1554787927420,81.491,121.2,0.00607,0.424,0.311930016
1554787927466,81.537,121.2,0.00607,0.424,0.311930016
1554787927528,81.599,121.2,0.00621,0.425,0.3198771
1554787927574,81.645,121.2,0.00621,0.425,0.3198771
1554787927620,81.691,121.2,0.00621,0.425,0.3198771
1554787927667,81.738,121.2,0.00621,0.425,0.3198771
1554787927728,81.799,121.1,0.00634,0.425,0.32630395
1554787927774,81.845,121.1,0.00634,0.425,0.32630395
1554787927820,81.891,121.1,0.00634,0.425,0.32630395
1554787927866,81.937,121.1,0.00634,0.425,0.32630395
1554787927928,81.999,121.1,0.00637,0.427,0.329390789
1554787927974,82.045,121.1,0.00637,0.427,0.329390789
1554787928020,82.091,121.1,0.00637,0.427,0.329390789
1554787928067,82.138,121.1,0.00637,0.427,0.329390789
1554787928128,82.199,121.1,0.00639,0.425,0.328877325
1554787928173,82.244,121.1,0.00639,0.425,0.328877325
1554787928220,82.291,121.1,0.00639,0.425,0.328877325
1554787928266,82.337,121.1,0.00639,0.425,0.328877325
1554787928328,82.399,121.2,0.00643,0.426,0.331988616
1554787928374,82.445,121.2,0.00643,0.426,0.331988616
1554787928420,82.491,121.2,0.00643,0.426,0.331988616
1554787928466,82.537,121.2,0.00643,0.426,0.331988616
1554787928528,82.599,121.2,0.00625,0.424,0.32118
1554787928573,82.644,121.2,0.00625,0.424,0.32118
1554787928620,82.691,121.2,0.00625,0.424,0.32118
1554787928666,82.737,121.2,0.00625,0.424,0.32118
1554787928728,82.799,121.2,0.00635,0.428,0.32939736
1554787928775,82.846,121.2,0.00635,0.428,0.32939736
You pressed Ctrl+C!
1554787928821,82.892,121.2,0.00635,0.428,0.32939736
