# Mon Apr 08 22:02:15 2019
abstime,time_stamp,volt,curr,pf,mul
1554786135251,0.081,121.2,0.00577,0.422,0.295114728
1554786135310,0.14,121.2,0.00566,0.419,0.287430648
1554786135356,0.186,121.2,0.00566,0.419,0.287430648
1554786135402,0.232,121.2,0.00566,0.419,0.287430648
1554786135447,0.277,121.2,0.00566,0.419,0.287430648
1554786135511,0.341,121.3,0.00564,0.421,0.288019572
1554786135556,0.386,121.3,0.00564,0.421,0.288019572
1554786135601,0.431,121.3,0.00564,0.421,0.288019572
1554786135646,0.476,121.3,0.00564,0.421,0.288019572
1554786135710,0.54,121.3,0.00563,0.42,0.28682598
1554786135756,0.586,121.3,0.00563,0.42,0.28682598
1554786135801,0.631,121.3,0.00563,0.42,0.28682598
1554786135847,0.677,121.3,0.00563,0.42,0.28682598
1554786135910,0.74,121.3,0.00563,0.423,0.288874737
1554786135956,0.786,121.3,0.00563,0.423,0.288874737
1554786136002,0.832,121.3,0.00563,0.423,0.288874737
1554786136048,0.878,121.3,0.00563,0.423,0.288874737
1554786136111,0.941,121.2,0.00563,0.422,0.287954232
1554786136157,0.987,121.2,0.00563,0.422,0.287954232
1554786136203,1.033,121.2,0.00563,0.422,0.287954232
1554786136249,1.079,121.2,0.00563,0.422,0.287954232
1554786136310,1.14,121.3,0.00566,0.424,0.291100592
1554786136356,1.186,121.3,0.00566,0.424,0.291100592
1554786136402,1.232,121.3,0.00566,0.424,0.291100592
1554786136448,1.278,121.3,0.00566,0.424,0.291100592
1554786136511,1.341,121.3,0.00569,0.421,0.290572937
1554786136557,1.387,121.3,0.00569,0.421,0.290572937
1554786136603,1.433,121.3,0.00569,0.421,0.290572937
1554786136649,1.479,121.3,0.00569,0.421,0.290572937
1554786136710,1.54,121.3,0.00571,0.418,0.289516414
1554786136756,1.586,121.3,0.00571,0.418,0.289516414
1554786136802,1.632,121.3,0.00571,0.418,0.289516414
1554786136848,1.678,121.3,0.00571,0.418,0.289516414
1554786136911,1.741,121.3,0.00568,0.422,0.290751248
1554786136957,1.787,121.3,0.00568,0.422,0.290751248
1554786137003,1.833,121.3,0.00568,0.422,0.290751248
1554786137049,1.879,121.3,0.00568,0.422,0.290751248
1554786137110,1.94,121.3,0.00567,0.42,0.28886382
1554786137156,1.986,121.3,0.00567,0.42,0.28886382
1554786137202,2.032,121.3,0.00567,0.42,0.28886382
1554786137248,2.078,121.3,0.00567,0.42,0.28886382
1554786137311,2.141,121.3,0.00571,0.42,0.29090166
1554786137357,2.187,121.3,0.00571,0.42,0.29090166
1554786137403,2.233,121.3,0.00571,0.42,0.29090166
1554786137449,2.279,121.3,0.00571,0.42,0.29090166
1554786137510,2.34,121.3,0.0057,0.422,0.29177502
1554786137556,2.386,121.3,0.0057,0.422,0.29177502
1554786137602,2.432,121.3,0.0057,0.422,0.29177502
1554786137648,2.478,121.3,0.0057,0.422,0.29177502
1554786137710,2.54,121.4,0.00569,0.422,0.291503252
1554786137756,2.586,121.4,0.00569,0.422,0.291503252
1554786137802,2.632,121.4,0.00569,0.422,0.291503252
1554786137849,2.679,121.4,0.00569,0.422,0.291503252
1554786137910,2.74,121.4,0.00566,0.42,0.28859208
1554786137956,2.786,121.4,0.00566,0.42,0.28859208
1554786138002,2.832,121.4,0.00566,0.42,0.28859208
1554786138048,2.878,121.4,0.00566,0.42,0.28859208
1554786138111,2.941,121.3,0.00562,0.421,0.286998226
1554786138157,2.987,121.3,0.00562,0.421,0.286998226
1554786138203,3.033,121.3,0.00562,0.421,0.286998226
1554786138249,3.079,121.3,0.00562,0.421,0.286998226
1554786138310,3.14,121.3,0.00568,0.421,0.290062264
1554786138356,3.186,121.3,0.00568,0.421,0.290062264
1554786138402,3.232,121.3,0.00568,0.421,0.290062264
1554786138448,3.278,121.3,0.00568,0.421,0.290062264
1554786138511,3.341,121.3,0.00566,0.42,0.28835436
1554786138557,3.387,121.3,0.00566,0.42,0.28835436
1554786138603,3.433,121.3,0.00566,0.42,0.28835436
1554786138649,3.479,121.3,0.00566,0.42,0.28835436
1554786138710,3.54,121.3,0.00562,0.421,0.286998226
1554786138756,3.586,121.3,0.00562,0.421,0.286998226
1554786138803,3.633,121.3,0.00562,0.421,0.286998226
1554786138848,3.678,121.3,0.00562,0.421,0.286998226
1554786138910,3.74,121.3,0.00562,0.42,0.28631652
1554786138956,3.786,121.3,0.00562,0.42,0.28631652
1554786139002,3.832,121.3,0.00562,0.42,0.28631652
1554786139048,3.878,121.3,0.00562,0.42,0.28631652
1554786139110,3.94,121.3,0.00558,0.42,0.28427868
1554786139156,3.986,121.3,0.00558,0.42,0.28427868
1554786139202,4.032,121.3,0.00558,0.42,0.28427868
1554786139249,4.079,121.3,0.00558,0.42,0.28427868
1554786139310,4.14,121.3,0.00561,0.421,0.286487553
1554786139356,4.186,121.3,0.00561,0.421,0.286487553
1554786139402,4.232,121.3,0.00561,0.421,0.286487553
1554786139448,4.278,121.3,0.00561,0.421,0.286487553
1554786139510,4.34,121.3,0.00563,0.42,0.28682598
1554786139556,4.386,121.3,0.00563,0.42,0.28682598
1554786139602,4.432,121.3,0.00563,0.42,0.28682598
1554786139649,4.479,121.3,0.00563,0.42,0.28682598
1554786139710,4.54,121.3,0.00567,0.419,0.288176049
1554786139755,4.585,121.3,0.00567,0.419,0.288176049
1554786139801,4.631,121.3,0.00567,0.419,0.288176049
1554786139848,4.678,121.3,0.00567,0.419,0.288176049
1554786139910,4.74,121.3,0.00566,0.421,0.289040918
1554786139956,4.786,121.3,0.00566,0.421,0.289040918
1554786140002,4.832,121.3,0.00566,0.421,0.289040918
1554786140049,4.879,121.3,0.00566,0.421,0.289040918
1554786140110,4.94,121.3,0.00565,0.421,0.288530245
1554786140155,4.985,121.3,0.00565,0.421,0.288530245
1554786140202,5.032,121.3,0.00565,0.421,0.288530245
1554786140248,5.078,121.3,0.00565,0.421,0.288530245
1554786140310,5.14,121.3,0.00568,0.419,0.288684296
1554786140356,5.186,121.3,0.00568,0.419,0.288684296
1554786140402,5.232,121.3,0.00568,0.419,0.288684296
1554786140448,5.278,121.3,0.00568,0.419,0.288684296
1554786140510,5.34,121.3,0.00567,0.423,0.290927133
1554786140557,5.387,121.3,0.00567,0.423,0.290927133
1554786140603,5.433,121.3,0.00567,0.423,0.290927133
1554786140649,5.479,121.3,0.00567,0.423,0.290927133
1554786140710,5.54,121.3,0.00566,0.421,0.289040918
1554786140757,5.587,121.3,0.00566,0.421,0.289040918
1554786140803,5.633,121.3,0.00566,0.421,0.289040918
1554786140849,5.679,121.3,0.00566,0.421,0.289040918
1554786140910,5.74,121.3,0.00568,0.422,0.290751248
1554786140956,5.786,121.3,0.00568,0.422,0.290751248
1554786141003,5.833,121.3,0.00568,0.422,0.290751248
1554786141049,5.879,121.3,0.00568,0.422,0.290751248
1554786141110,5.94,121.3,0.00569,0.422,0.291263134
1554786141156,5.986,121.3,0.00569,0.422,0.291263134
1554786141202,6.032,121.3,0.00569,0.422,0.291263134
1554786141251,6.081,121.3,0.00569,0.422,0.291263134
1554786141310,6.14,121.3,0.00569,0.421,0.290572937
1554786141356,6.186,121.3,0.00569,0.421,0.290572937
1554786141402,6.232,121.3,0.00569,0.421,0.290572937
1554786141448,6.278,121.3,0.00569,0.421,0.290572937
1554786141510,6.34,121.4,0.0057,0.422,0.29201556
1554786141556,6.386,121.4,0.0057,0.422,0.29201556
1554786141603,6.433,121.4,0.0057,0.422,0.29201556
1554786141649,6.479,121.4,0.0057,0.422,0.29201556
1554786141710,6.54,121.4,0.00565,0.421,0.28876811
1554786141756,6.586,121.4,0.00565,0.421,0.28876811
1554786141802,6.632,121.4,0.00565,0.421,0.28876811
1554786141848,6.678,121.4,0.00565,0.421,0.28876811
1554786141910,6.74,121.4,0.00567,0.42,0.28910196
1554786141955,6.785,121.4,0.00567,0.42,0.28910196
1554786142001,6.831,121.4,0.00567,0.42,0.28910196
1554786142047,6.877,121.4,0.00567,0.42,0.28910196
1554786142109,6.939,121.4,0.00564,0.421,0.288257016
1554786142155,6.985,121.4,0.00564,0.421,0.288257016
1554786142201,7.031,121.4,0.00564,0.421,0.288257016
1554786142248,7.078,121.4,0.00564,0.421,0.288257016
1554786142310,7.14,121.3,0.00563,0.423,0.288874737
1554786142356,7.186,121.3,0.00563,0.423,0.288874737
1554786142402,7.232,121.3,0.00563,0.423,0.288874737
1554786142448,7.278,121.3,0.00563,0.423,0.288874737
1554786142509,7.339,121.3,0.00562,0.424,0.289043344
1554786142555,7.385,121.3,0.00562,0.424,0.289043344
1554786142601,7.431,121.3,0.00562,0.424,0.289043344
1554786142647,7.478,121.3,0.00562,0.424,0.289043344
1554786142710,7.54,121.4,0.00561,0.422,0.287404788
1554786142756,7.586,121.4,0.00561,0.422,0.287404788
1554786142802,7.632,121.4,0.00561,0.422,0.287404788
1554786142848,7.678,121.4,0.00561,0.422,0.287404788
1554786142909,7.74,121.4,0.00562,0.42,0.28655256
1554786142956,7.786,121.4,0.00562,0.42,0.28655256
1554786143002,7.832,121.4,0.00562,0.42,0.28655256
1554786143048,7.878,121.4,0.00562,0.42,0.28655256
1554786143109,7.939,121.3,0.00555,0.42,0.2827503
1554786143155,7.985,121.3,0.00555,0.42,0.2827503
1554786143201,8.031,121.3,0.00555,0.42,0.2827503
1554786143247,8.078,121.3,0.00555,0.42,0.2827503
1554786143310,8.14,121.3,0.00561,0.422,0.287168046
1554786143356,8.186,121.3,0.00561,0.422,0.287168046
1554786143402,8.232,121.3,0.00561,0.422,0.287168046
1554786143448,8.278,121.3,0.00561,0.422,0.287168046
1554786143509,8.339,121.3,0.00561,0.422,0.287168046
1554786143555,8.385,121.3,0.00561,0.422,0.287168046
1554786143601,8.431,121.3,0.00561,0.422,0.287168046
1554786143647,8.478,121.3,0.00561,0.422,0.287168046
1554786143710,8.54,121.3,0.00563,0.42,0.28682598
1554786143756,8.586,121.3,0.00563,0.42,0.28682598
1554786143802,8.632,121.3,0.00563,0.42,0.28682598
1554786143848,8.678,121.3,0.00563,0.42,0.28682598
1554786143909,8.739,121.2,0.00568,0.418,0.287757888
1554786143958,8.788,121.2,0.00568,0.418,0.287757888
1554786144004,8.834,121.2,0.00568,0.418,0.287757888
1554786144050,8.88,121.2,0.00568,0.418,0.287757888
1554786144110,8.94,121.2,0.00563,0.421,0.287271876
1554786144156,8.986,121.2,0.00563,0.421,0.287271876
1554786144202,9.032,121.2,0.00563,0.421,0.287271876
1554786144248,9.078,121.2,0.00563,0.421,0.287271876
1554786144309,9.14,121.2,0.00564,0.42,0.28709856
1554786144355,9.185,121.2,0.00564,0.42,0.28709856
1554786144401,9.231,121.2,0.00564,0.42,0.28709856
1554786144447,9.277,121.2,0.00564,0.42,0.28709856
1554786144510,9.34,121.2,0.00567,0.421,0.289312884
1554786144556,9.386,121.2,0.00567,0.421,0.289312884
1554786144602,9.432,121.2,0.00567,0.421,0.289312884
1554786144648,9.478,121.2,0.00567,0.421,0.289312884
1554786144710,9.54,121.3,0.00572,0.423,0.293492628
1554786144756,9.586,121.3,0.00572,0.423,0.293492628
1554786144802,9.632,121.3,0.00572,0.423,0.293492628
1554786144848,9.678,121.3,0.00572,0.423,0.293492628
1554786144910,9.74,121.3,0.00571,0.421,0.291594283
1554786144956,9.786,121.3,0.00571,0.421,0.291594283
1554786145002,9.832,121.3,0.00571,0.421,0.291594283
1554786145048,9.879,121.3,0.00571,0.421,0.291594283
1554786145109,9.939,121.3,0.00569,0.419,0.289192543
1554786145155,9.985,121.3,0.00569,0.419,0.289192543
1554786145202,10.032,121.3,0.00569,0.419,0.289192543
1554786145248,10.078,121.3,0.00569,0.419,0.289192543
1554786145310,10.14,121.3,0.0057,0.423,0.29246643
1554786145356,10.186,121.3,0.0057,0.423,0.29246643
1554786145402,10.232,121.3,0.0057,0.423,0.29246643
1554786145448,10.278,121.3,0.0057,0.423,0.29246643
1554786145510,10.34,121.3,0.0057,0.42,0.2903922
1554786145556,10.386,121.3,0.0057,0.42,0.2903922
1554786145602,10.432,121.3,0.0057,0.42,0.2903922
1554786145647,10.477,121.3,0.0057,0.42,0.2903922
1554786145710,10.54,121.4,0.00568,0.42,0.28961184
1554786145756,10.586,121.4,0.00568,0.42,0.28961184
1554786145802,10.632,121.4,0.00568,0.42,0.28961184
1554786145848,10.678,121.4,0.00568,0.42,0.28961184
1554786145910,10.74,121.4,0.00563,0.422,0.288429404
1554786145957,10.787,121.4,0.00563,0.422,0.288429404
1554786146003,10.833,121.4,0.00563,0.422,0.288429404
1554786146048,10.878,121.4,0.00563,0.422,0.288429404
1554786146111,10.941,121.4,0.00561,0.424,0.288766896
1554786146157,10.987,121.4,0.00561,0.424,0.288766896
1554786146203,11.033,121.4,0.00561,0.424,0.288766896
1554786146249,11.079,121.4,0.00561,0.424,0.288766896
1554786146310,11.14,121.4,0.00561,0.423,0.288085842
1554786146356,11.186,121.4,0.00561,0.423,0.288085842
1554786146402,11.232,121.4,0.00561,0.423,0.288085842
1554786146448,11.278,121.4,0.00561,0.423,0.288085842
1554786146509,11.339,121.4,0.00563,0.423,0.289112886
1554786146555,11.385,121.4,0.00563,0.423,0.289112886
1554786146601,11.431,121.4,0.00563,0.423,0.289112886
1554786146647,11.477,121.4,0.00563,0.423,0.289112886
1554786146710,11.54,121.4,0.0056,0.422,0.28689248
1554786146756,11.586,121.4,0.0056,0.422,0.28689248
1554786146802,11.632,121.4,0.0056,0.422,0.28689248
1554786146848,11.678,121.4,0.0056,0.422,0.28689248
1554786146909,11.739,121.4,0.00559,0.421,0.285701546
1554786146955,11.785,121.4,0.00559,0.421,0.285701546
1554786147001,11.831,121.4,0.00559,0.421,0.285701546
1554786147047,11.877,121.4,0.00559,0.421,0.285701546
1554786147110,11.94,121.3,0.00556,0.419,0.282585332
1554786147156,11.986,121.3,0.00556,0.419,0.282585332
1554786147202,12.032,121.3,0.00556,0.419,0.282585332
1554786147248,12.078,121.3,0.00556,0.419,0.282585332
1554786147309,12.139,121.3,0.0056,0.421,0.28597688
1554786147355,12.185,121.3,0.0056,0.421,0.28597688
1554786147401,12.231,121.3,0.0056,0.421,0.28597688
1554786147447,12.277,121.3,0.0056,0.421,0.28597688
1554786147509,12.339,121.3,0.0056,0.422,0.28665616
1554786147555,12.385,121.3,0.0056,0.422,0.28665616
1554786147601,12.431,121.3,0.0056,0.422,0.28665616
1554786147648,12.478,121.3,0.0056,0.422,0.28665616
1554786147709,12.539,121.3,0.00561,0.424,0.288529032
1554786147755,12.585,121.3,0.00561,0.424,0.288529032
1554786147801,12.631,121.3,0.00561,0.424,0.288529032
1554786147847,12.677,121.3,0.00561,0.424,0.288529032
1554786147910,12.74,121.3,0.00557,0.423,0.285796143
1554786147956,12.786,121.3,0.00557,0.423,0.285796143
1554786148002,12.832,121.3,0.00557,0.423,0.285796143
1554786148048,12.878,121.3,0.00557,0.423,0.285796143
1554786148109,12.939,121.3,0.00557,0.424,0.286471784
1554786148155,12.985,121.3,0.00557,0.424,0.286471784
1554786148201,13.031,121.3,0.00557,0.424,0.286471784
1554786148247,13.077,121.3,0.00557,0.424,0.286471784
1554786148309,13.139,121.2,0.00561,0.424,0.288291168
1554786148355,13.185,121.2,0.00561,0.424,0.288291168
1554786148401,13.231,121.2,0.00561,0.424,0.288291168
1554786148448,13.278,121.2,0.00561,0.424,0.288291168
1554786148509,13.339,121.2,0.00566,0.424,0.290860608
1554786148555,13.385,121.2,0.00566,0.424,0.290860608
1554786148601,13.431,121.2,0.00566,0.424,0.290860608
1554786148647,13.477,121.2,0.00566,0.424,0.290860608
1554786148709,13.539,121.3,0.00568,0.421,0.290062264
1554786148755,13.585,121.3,0.00568,0.421,0.290062264
1554786148802,13.632,121.3,0.00568,0.421,0.290062264
1554786148848,13.678,121.3,0.00568,0.421,0.290062264
1554786148909,13.739,121.3,0.00567,0.422,0.290239362
1554786148955,13.785,121.3,0.00567,0.422,0.290239362
1554786149001,13.831,121.3,0.00567,0.422,0.290239362
1554786149047,13.877,121.3,0.00567,0.422,0.290239362
1554786149109,13.939,121.3,0.0057,0.418,0.28900938
1554786149155,13.985,121.3,0.0057,0.418,0.28900938
1554786149201,14.032,121.3,0.0057,0.418,0.28900938
1554786149247,14.078,121.3,0.0057,0.418,0.28900938
1554786149310,14.14,121.3,0.00572,0.421,0.292104956
1554786149356,14.186,121.3,0.00572,0.421,0.292104956
1554786149402,14.232,121.3,0.00572,0.421,0.292104956
1554786149448,14.278,121.3,0.00572,0.421,0.292104956
1554786149509,14.339,121.3,0.00567,0.423,0.290927133
1554786149555,14.385,121.3,0.00567,0.423,0.290927133
1554786149601,14.431,121.3,0.00567,0.423,0.290927133
1554786149647,14.477,121.3,0.00567,0.423,0.290927133
1554786149709,14.539,121.4,0.0057,0.423,0.29270754
1554786149755,14.585,121.4,0.0057,0.423,0.29270754
1554786149801,14.631,121.4,0.0057,0.423,0.29270754
1554786149847,14.677,121.4,0.0057,0.423,0.29270754
1554786149909,14.739,121.4,0.00567,0.421,0.289790298
1554786149955,14.785,121.4,0.00567,0.421,0.289790298
1554786150001,14.831,121.4,0.00567,0.421,0.289790298
1554786150047,14.877,121.4,0.00567,0.421,0.289790298
1554786150110,14.94,121.4,0.00561,0.421,0.286723734
1554786150156,14.986,121.4,0.00561,0.421,0.286723734
1554786150202,15.032,121.4,0.00561,0.421,0.286723734
1554786150248,15.078,121.4,0.00561,0.421,0.286723734
1554786150309,15.139,121.4,0.0056,0.421,0.28621264
1554786150355,15.185,121.4,0.0056,0.421,0.28621264
1554786150401,15.231,121.4,0.0056,0.421,0.28621264
1554786150447,15.277,121.4,0.0056,0.421,0.28621264
1554786150509,15.339,121.4,0.00564,0.419,0.286887624
1554786150555,15.385,121.4,0.00564,0.419,0.286887624
1554786150601,15.431,121.4,0.00564,0.419,0.286887624
1554786150648,15.478,121.4,0.00564,0.419,0.286887624
1554786150709,15.539,121.4,0.00559,0.423,0.287058798
1554786150754,15.584,121.4,0.00559,0.423,0.287058798
1554786150801,15.631,121.4,0.00559,0.423,0.287058798
1554786150847,15.677,121.4,0.00559,0.423,0.287058798
1554786150909,15.739,121.4,0.00561,0.422,0.287404788
1554786150955,15.785,121.4,0.00561,0.422,0.287404788
1554786151001,15.831,121.4,0.00561,0.422,0.287404788
1554786151047,15.877,121.4,0.00561,0.422,0.287404788
1554786151110,15.94,121.3,0.0056,0.419,0.28461832
1554786151156,15.986,121.3,0.0056,0.419,0.28461832
1554786151202,16.032,121.3,0.0056,0.419,0.28461832
1554786151248,16.078,121.3,0.0056,0.419,0.28461832
1554786151309,16.139,121.3,0.00556,0.422,0.284608616
1554786151355,16.185,121.3,0.00556,0.422,0.284608616
1554786151401,16.231,121.3,0.00556,0.422,0.284608616
1554786151448,16.278,121.3,0.00556,0.422,0.284608616
1554786151509,16.339,121.3,0.00561,0.424,0.288529032
1554786151554,16.384,121.3,0.00561,0.424,0.288529032
1554786151601,16.431,121.3,0.00561,0.424,0.288529032
1554786151647,16.477,121.3,0.00561,0.424,0.288529032
1554786151709,16.539,121.3,0.00562,0.423,0.288361638
1554786151755,16.585,121.3,0.00562,0.423,0.288361638
1554786151801,16.631,121.3,0.00562,0.423,0.288361638
1554786151847,16.677,121.3,0.00562,0.423,0.288361638
1554786151908,16.738,121.3,0.00561,0.419,0.285126567
1554786151954,16.784,121.3,0.00561,0.419,0.285126567
1554786152000,16.83,121.3,0.00561,0.419,0.285126567
1554786152046,16.876,121.3,0.00561,0.419,0.285126567
1554786152109,16.939,121.3,0.00564,0.421,0.288019572
1554786152155,16.985,121.3,0.00564,0.421,0.288019572
1554786152201,17.031,121.3,0.00564,0.421,0.288019572
1554786152247,17.077,121.3,0.00564,0.421,0.288019572
1554786152308,17.138,121.2,0.00563,0.421,0.287271876
1554786152354,17.184,121.2,0.00563,0.421,0.287271876
1554786152400,17.23,121.2,0.00563,0.421,0.287271876
1554786152446,17.276,121.2,0.00563,0.421,0.287271876
1554786152509,17.339,121.2,0.00566,0.422,0.289488624
1554786152555,17.385,121.2,0.00566,0.422,0.289488624
1554786152601,17.431,121.2,0.00566,0.422,0.289488624
1554786152647,17.477,121.2,0.00566,0.422,0.289488624
1554786152709,17.539,121.3,0.00566,0.42,0.28835436
1554786152755,17.585,121.3,0.00566,0.42,0.28835436
1554786152802,17.632,121.3,0.00566,0.42,0.28835436
1554786152848,17.678,121.3,0.00566,0.42,0.28835436
1554786152909,17.739,121.3,0.00571,0.422,0.292286906
1554786152955,17.785,121.3,0.00571,0.422,0.292286906
1554786153001,17.831,121.3,0.00571,0.422,0.292286906
1554786153047,17.877,121.3,0.00571,0.422,0.292286906
1554786153108,17.939,121.3,0.00565,0.424,0.29058628
1554786153155,17.985,121.3,0.00565,0.424,0.29058628
1554786153201,18.031,121.3,0.00565,0.424,0.29058628
1554786153247,18.077,121.3,0.00565,0.424,0.29058628
1554786153309,18.139,121.3,0.00567,0.421,0.289551591
1554786153355,18.185,121.3,0.00567,0.421,0.289551591
1554786153401,18.231,121.3,0.00567,0.421,0.289551591
1554786153448,18.278,121.3,0.00567,0.421,0.289551591
1554786153509,18.339,121.3,0.00569,0.424,0.292643528
1554786153555,18.385,121.3,0.00569,0.424,0.292643528
1554786153601,18.431,121.3,0.00569,0.424,0.292643528
1554786153647,18.477,121.3,0.00569,0.424,0.292643528
1554786153709,18.539,121.4,0.00568,0.426,0.293749152
1554786153755,18.585,121.4,0.00568,0.426,0.293749152
1554786153801,18.631,121.4,0.00568,0.426,0.293749152
1554786153847,18.677,121.4,0.00568,0.426,0.293749152
1554786153908,18.738,121.4,0.00562,0.425,0.2899639
1554786153954,18.784,121.4,0.00562,0.425,0.2899639
1554786154000,18.831,121.4,0.00562,0.425,0.2899639
1554786154047,18.877,121.4,0.00562,0.425,0.2899639
1554786154109,18.939,121.4,0.00563,0.421,0.287745922
1554786154155,18.985,121.4,0.00563,0.421,0.287745922
1554786154201,19.031,121.4,0.00563,0.421,0.287745922
1554786154247,19.077,121.4,0.00563,0.421,0.287745922
1554786154308,19.138,121.4,0.00564,0.421,0.288257016
1554786154354,19.184,121.4,0.00564,0.421,0.288257016
1554786154400,19.23,121.4,0.00564,0.421,0.288257016
1554786154446,19.276,121.4,0.00564,0.421,0.288257016
1554786154509,19.339,121.4,0.00567,0.419,0.288413622
1554786154555,19.385,121.4,0.00567,0.419,0.288413622
1554786154601,19.431,121.4,0.00567,0.419,0.288413622
1554786154647,19.477,121.4,0.00567,0.419,0.288413622
1554786154708,19.538,121.4,0.00562,0.421,0.287234828
1554786154754,19.584,121.4,0.00562,0.421,0.287234828
1554786154800,19.63,121.4,0.00562,0.421,0.287234828
1554786154846,19.676,121.4,0.00562,0.421,0.287234828
1554786154909,19.739,121.4,0.00562,0.421,0.287234828
1554786154955,19.785,121.4,0.00562,0.421,0.287234828
1554786155001,19.831,121.4,0.00562,0.421,0.287234828
1554786155047,19.877,121.4,0.00562,0.421,0.287234828
1554786155109,19.939,121.4,0.00559,0.42,0.28502292
1554786155155,19.985,121.4,0.00559,0.42,0.28502292
1554786155201,20.031,121.4,0.00559,0.42,0.28502292
1554786155247,20.077,121.4,0.00559,0.42,0.28502292
1554786155308,20.138,121.3,0.00562,0.42,0.28631652
1554786155354,20.184,121.3,0.00562,0.42,0.28631652
1554786155400,20.23,121.3,0.00562,0.42,0.28631652
1554786155446,20.276,121.3,0.00562,0.42,0.28631652
1554786155509,20.339,121.3,0.00563,0.42,0.28682598
1554786155555,20.385,121.3,0.00563,0.42,0.28682598
1554786155601,20.431,121.3,0.00563,0.42,0.28682598
1554786155647,20.477,121.3,0.00563,0.42,0.28682598
1554786155708,20.538,121.3,0.00562,0.421,0.286998226
1554786155754,20.584,121.3,0.00562,0.421,0.286998226
1554786155800,20.63,121.3,0.00562,0.421,0.286998226
1554786155846,20.676,121.3,0.00562,0.421,0.286998226
1554786155909,20.739,121.4,0.00563,0.422,0.288429404
1554786155955,20.785,121.4,0.00563,0.422,0.288429404
1554786156001,20.831,121.4,0.00563,0.422,0.288429404
1554786156047,20.877,121.4,0.00563,0.422,0.288429404
1554786156108,20.938,121.3,0.00564,0.422,0.288703704
1554786156154,20.984,121.3,0.00564,0.422,0.288703704
1554786156200,21.03,121.3,0.00564,0.422,0.288703704
1554786156246,21.076,121.3,0.00564,0.422,0.288703704
1554786156309,21.139,121.3,0.00565,0.42,0.2878449
1554786156355,21.185,121.3,0.00565,0.42,0.2878449
1554786156401,21.231,121.3,0.00565,0.42,0.2878449
1554786156447,21.277,121.3,0.00565,0.42,0.2878449
1554786156508,21.338,121.3,0.0057,0.419,0.28970079
1554786156554,21.384,121.3,0.0057,0.419,0.28970079
1554786156600,21.43,121.3,0.0057,0.419,0.28970079
1554786156646,21.476,121.3,0.0057,0.419,0.28970079
1554786156709,21.539,121.3,0.00566,0.423,0.290414034
1554786156755,21.585,121.3,0.00566,0.423,0.290414034
1554786156801,21.631,121.3,0.00566,0.423,0.290414034
1554786156847,21.677,121.3,0.00566,0.423,0.290414034
1554786156908,21.738,121.3,0.00569,0.423,0.291953331
1554786156955,21.785,121.3,0.00569,0.423,0.291953331
1554786157001,21.831,121.3,0.00569,0.423,0.291953331
1554786157047,21.877,121.3,0.00569,0.423,0.291953331
1554786157108,21.938,121.3,0.00566,0.422,0.289727476
1554786157154,21.984,121.3,0.00566,0.422,0.289727476
1554786157200,22.03,121.3,0.00566,0.422,0.289727476
1554786157246,22.076,121.3,0.00566,0.422,0.289727476
1554786157308,22.138,121.3,0.00568,0.423,0.291440232
1554786157354,22.184,121.3,0.00568,0.423,0.291440232
1554786157400,22.231,121.3,0.00568,0.423,0.291440232
1554786157446,22.276,121.3,0.00568,0.423,0.291440232
1554786157509,22.339,121.3,0.00564,0.424,0.290071968
1554786157555,22.385,121.3,0.00564,0.424,0.290071968
1554786157601,22.431,121.3,0.00564,0.424,0.290071968
1554786157648,22.478,121.3,0.00564,0.424,0.290071968
1554786157709,22.539,121.3,0.00568,0.426,0.293507184
1554786157755,22.585,121.3,0.00568,0.426,0.293507184
1554786157801,22.631,121.3,0.00568,0.426,0.293507184
1554786157847,22.677,121.3,0.00568,0.426,0.293507184
1554786157908,22.738,121.4,0.00564,0.426,0.291680496
1554786157954,22.784,121.4,0.00564,0.426,0.291680496
1554786158001,22.831,121.4,0.00564,0.426,0.291680496
1554786158047,22.877,121.4,0.00564,0.426,0.291680496
1554786158109,22.939,121.4,0.00562,0.423,0.288599364
1554786158155,22.985,121.4,0.00562,0.423,0.288599364
1554786158201,23.031,121.4,0.00562,0.423,0.288599364
1554786158247,23.077,121.4,0.00562,0.423,0.288599364
1554786158308,23.138,121.4,0.00562,0.422,0.287917096
1554786158354,23.184,121.4,0.00562,0.422,0.287917096
1554786158400,23.23,121.4,0.00562,0.422,0.287917096
1554786158446,23.276,121.4,0.00562,0.422,0.287917096
1554786158509,23.339,121.4,0.00566,0.42,0.28859208
1554786158555,23.385,121.4,0.00566,0.42,0.28859208
1554786158601,23.431,121.4,0.00566,0.42,0.28859208
1554786158647,23.477,121.4,0.00566,0.42,0.28859208
1554786158708,23.538,121.4,0.00559,0.421,0.285701546
1554786158754,23.584,121.4,0.00559,0.421,0.285701546
1554786158800,23.63,121.4,0.00559,0.421,0.285701546
1554786158846,23.676,121.4,0.00559,0.421,0.285701546
1554786158909,23.739,121.4,0.00558,0.423,0.286545276
1554786158955,23.785,121.4,0.00558,0.423,0.286545276
1554786159001,23.831,121.4,0.00558,0.423,0.286545276
1554786159047,23.877,121.4,0.00558,0.423,0.286545276
1554786159108,23.938,121.4,0.0056,0.422,0.28689248
1554786159154,23.984,121.4,0.0056,0.422,0.28689248
1554786159200,24.03,121.4,0.0056,0.422,0.28689248
1554786159246,24.076,121.4,0.0056,0.422,0.28689248
1554786159308,24.139,121.4,0.00558,0.421,0.285190452
1554786159355,24.185,121.4,0.00558,0.421,0.285190452
1554786159401,24.231,121.4,0.00558,0.421,0.285190452
1554786159447,24.277,121.4,0.00558,0.421,0.285190452
1554786159508,24.338,121.3,0.00559,0.421,0.285466207
1554786159554,24.384,121.3,0.00559,0.421,0.285466207
1554786159600,24.43,121.3,0.00559,0.421,0.285466207
1554786159646,24.476,121.3,0.00559,0.421,0.285466207
1554786159709,24.539,121.3,0.00564,0.419,0.286651308
1554786159755,24.585,121.3,0.00564,0.419,0.286651308
1554786159801,24.631,121.3,0.00564,0.419,0.286651308
1554786159848,24.678,121.3,0.00564,0.419,0.286651308
1554786159909,24.739,121.3,0.00563,0.421,0.287508899
1554786159955,24.785,121.3,0.00563,0.421,0.287508899
1554786160001,24.831,121.3,0.00563,0.421,0.287508899
1554786160047,24.877,121.3,0.00563,0.421,0.287508899
1554786160108,24.938,121.3,0.00565,0.421,0.288530245
1554786160154,24.984,121.3,0.00565,0.421,0.288530245
1554786160200,25.03,121.3,0.00565,0.421,0.288530245
1554786160246,25.076,121.3,0.00565,0.421,0.288530245
1554786160309,25.139,121.3,0.00568,0.421,0.290062264
1554786160355,25.185,121.3,0.00568,0.421,0.290062264
1554786160401,25.231,121.3,0.00568,0.421,0.290062264
1554786160447,25.277,121.3,0.00568,0.421,0.290062264
1554786160508,25.338,121.3,0.00567,0.417,0.286800507
1554786160554,25.384,121.3,0.00567,0.417,0.286800507
1554786160600,25.43,121.3,0.00567,0.417,0.286800507
1554786160646,25.476,121.3,0.00567,0.417,0.286800507
1554786160709,25.539,121.3,0.0057,0.422,0.29177502
1554786160755,25.585,121.3,0.0057,0.422,0.29177502
1554786160801,25.631,121.3,0.0057,0.422,0.29177502
1554786160847,25.677,121.3,0.0057,0.422,0.29177502
1554786160908,25.738,121.3,0.00567,0.422,0.290239362
1554786160955,25.785,121.3,0.00567,0.422,0.290239362
1554786161001,25.831,121.3,0.00567,0.422,0.290239362
1554786161047,25.877,121.3,0.00567,0.422,0.290239362
1554786161108,25.938,121.3,0.00571,0.422,0.292286906
1554786161154,25.984,121.3,0.00571,0.422,0.292286906
1554786161200,26.03,121.3,0.00571,0.422,0.292286906
1554786161246,26.076,121.3,0.00571,0.422,0.292286906
1554786161308,26.138,121.3,0.00571,0.421,0.291594283
1554786161355,26.185,121.3,0.00571,0.421,0.291594283
1554786161401,26.231,121.3,0.00571,0.421,0.291594283
1554786161447,26.277,121.3,0.00571,0.421,0.291594283
1554786161508,26.338,121.3,0.00572,0.418,0.290023448
1554786161554,26.384,121.3,0.00572,0.418,0.290023448
1554786161600,26.43,121.3,0.00572,0.418,0.290023448
1554786161646,26.476,121.3,0.00572,0.418,0.290023448
1554786161709,26.539,121.3,0.00572,0.42,0.29141112
1554786161755,26.585,121.3,0.00572,0.42,0.29141112
1554786161801,26.631,121.3,0.00572,0.42,0.29141112
1554786161847,26.677,121.3,0.00572,0.42,0.29141112
1554786161908,26.738,121.3,0.00569,0.42,0.28988274
1554786161954,26.784,121.3,0.00569,0.42,0.28988274
1554786162000,26.83,121.3,0.00569,0.42,0.28988274
1554786162046,26.876,121.3,0.00569,0.42,0.28988274
1554786162109,26.939,121.4,0.00569,0.419,0.289430954
1554786162155,26.985,121.4,0.00569,0.419,0.289430954
1554786162201,27.031,121.4,0.00569,0.419,0.289430954
1554786162247,27.077,121.4,0.00569,0.419,0.289430954
1554786162308,27.138,121.4,0.00565,0.419,0.28739629
1554786162354,27.184,121.4,0.00565,0.419,0.28739629
1554786162400,27.23,121.4,0.00565,0.419,0.28739629
1554786162446,27.276,121.4,0.00565,0.419,0.28739629
1554786162508,27.338,121.3,0.00567,0.417,0.286800507
1554786162554,27.384,121.3,0.00567,0.417,0.286800507
1554786162600,27.43,121.3,0.00567,0.417,0.286800507
1554786162646,27.476,121.3,0.00567,0.417,0.286800507
1554786162708,27.538,121.3,0.00566,0.417,0.286294686
1554786162754,27.584,121.3,0.00566,0.417,0.286294686
1554786162800,27.63,121.3,0.00566,0.417,0.286294686
1554786162847,27.677,121.3,0.00566,0.417,0.286294686
1554786162908,27.738,121.3,0.00563,0.424,0.289557656
1554786162954,27.784,121.3,0.00563,0.424,0.289557656
1554786163000,27.83,121.3,0.00563,0.424,0.289557656
1554786163046,27.876,121.3,0.00563,0.424,0.289557656
1554786163108,27.938,121.3,0.00557,0.421,0.284444861
1554786163154,27.984,121.3,0.00557,0.421,0.284444861
1554786163200,28.03,121.3,0.00557,0.421,0.284444861
1554786163246,28.076,121.3,0.00557,0.421,0.284444861
1554786163308,28.138,121.3,0.0056,0.423,0.28733544
1554786163354,28.184,121.3,0.0056,0.423,0.28733544
1554786163399,28.229,121.3,0.0056,0.423,0.28733544
1554786163445,28.275,121.3,0.0056,0.423,0.28733544
1554786163508,28.338,121.3,0.00564,0.419,0.286651308
1554786163555,28.385,121.3,0.00564,0.419,0.286651308
1554786163601,28.431,121.3,0.00564,0.419,0.286651308
1554786163647,28.477,121.3,0.00564,0.419,0.286651308
1554786163708,28.538,121.3,0.00566,0.419,0.287667802
1554786163754,28.584,121.3,0.00566,0.419,0.287667802
1554786163800,28.63,121.3,0.00566,0.419,0.287667802
1554786163846,28.677,121.3,0.00566,0.419,0.287667802
1554786163908,28.738,121.4,0.00564,0.419,0.286887624
1554786163953,28.784,121.4,0.00564,0.419,0.286887624
1554786163999,28.83,121.4,0.00564,0.419,0.286887624
1554786164046,28.876,121.4,0.00564,0.419,0.286887624
1554786164108,28.938,121.3,0.00565,0.42,0.2878449
1554786164154,28.984,121.3,0.00565,0.42,0.2878449
1554786164200,29.03,121.3,0.00565,0.42,0.2878449
1554786164246,29.077,121.3,0.00565,0.42,0.2878449
1554786164308,29.138,121.3,0.00562,0.422,0.287679932
1554786164354,29.184,121.3,0.00562,0.422,0.287679932
1554786164400,29.23,121.3,0.00562,0.422,0.287679932
1554786164446,29.276,121.3,0.00562,0.422,0.287679932
1554786164508,29.338,121.3,0.00567,0.421,0.289551591
1554786164554,29.384,121.3,0.00567,0.421,0.289551591
1554786164600,29.43,121.3,0.00567,0.421,0.289551591
1554786164647,29.477,121.3,0.00567,0.421,0.289551591
1554786164708,29.538,121.3,0.00572,0.421,0.292104956
1554786164753,29.583,121.3,0.00572,0.421,0.292104956
1554786164799,29.629,121.3,0.00572,0.421,0.292104956
1554786164845,29.676,121.3,0.00572,0.421,0.292104956
1554786164908,29.738,121.3,0.00571,0.42,0.29090166
1554786164954,29.784,121.3,0.00571,0.42,0.29090166
1554786165000,29.83,121.3,0.00571,0.42,0.29090166
1554786165046,29.876,121.3,0.00571,0.42,0.29090166
1554786165108,29.938,121.3,0.00568,0.422,0.290751248
1554786165155,29.985,121.3,0.00568,0.422,0.290751248
1554786165201,30.031,121.3,0.00568,0.422,0.290751248
1554786165247,30.077,121.3,0.00568,0.422,0.290751248
1554786165308,30.138,121.3,0.0057,0.422,0.29177502
1554786165354,30.184,121.3,0.0057,0.422,0.29177502
1554786165400,30.23,121.3,0.0057,0.422,0.29177502
1554786165446,30.276,121.3,0.0057,0.422,0.29177502
1554786165507,30.337,121.3,0.00564,0.422,0.288703704
1554786165553,30.383,121.3,0.00564,0.422,0.288703704
1554786165599,30.429,121.3,0.00564,0.422,0.288703704
1554786165646,30.476,121.3,0.00564,0.422,0.288703704
1554786165708,30.538,121.3,0.0057,0.419,0.28970079
1554786165754,30.584,121.3,0.0057,0.419,0.28970079
1554786165800,30.63,121.3,0.0057,0.419,0.28970079
1554786165847,30.677,121.3,0.0057,0.419,0.28970079
1554786165908,30.738,121.3,0.00569,0.422,0.291263134
1554786165954,30.784,121.3,0.00569,0.422,0.291263134
1554786166000,30.83,121.3,0.00569,0.422,0.291263134
1554786166046,30.876,121.3,0.00569,0.422,0.291263134
1554786166108,30.938,121.3,0.00571,0.418,0.289516414
1554786166154,30.984,121.3,0.00571,0.418,0.289516414
1554786166201,31.031,121.3,0.00571,0.418,0.289516414
1554786166247,31.077,121.3,0.00571,0.418,0.289516414
1554786166308,31.138,121.3,0.00567,0.42,0.28886382
1554786166354,31.184,121.3,0.00567,0.42,0.28886382
1554786166400,31.23,121.3,0.00567,0.42,0.28886382
1554786166447,31.277,121.3,0.00567,0.42,0.28886382
1554786166508,31.338,121.4,0.00564,0.421,0.288257016
1554786166554,31.384,121.4,0.00564,0.421,0.288257016
1554786166600,31.43,121.4,0.00564,0.421,0.288257016
1554786166646,31.476,121.4,0.00564,0.421,0.288257016
1554786166708,31.538,121.3,0.00563,0.421,0.287508899
1554786166754,31.584,121.3,0.00563,0.421,0.287508899
1554786166801,31.631,121.3,0.00563,0.421,0.287508899
1554786166847,31.677,121.3,0.00563,0.421,0.287508899
1554786166908,31.738,121.4,0.00564,0.418,0.286202928
1554786166954,31.784,121.4,0.00564,0.418,0.286202928
1554786167000,31.83,121.4,0.00564,0.418,0.286202928
1554786167046,31.877,121.4,0.00564,0.418,0.286202928
1554786167107,31.937,121.4,0.0056,0.422,0.28689248
1554786167153,31.983,121.4,0.0056,0.422,0.28689248
1554786167199,32.029,121.4,0.0056,0.422,0.28689248
1554786167246,32.076,121.4,0.0056,0.422,0.28689248
1554786167308,32.138,121.3,0.00554,0.423,0.284256846
1554786167354,32.184,121.3,0.00554,0.423,0.284256846
1554786167400,32.23,121.3,0.00554,0.423,0.284256846
1554786167446,32.276,121.3,0.00554,0.423,0.284256846
1554786167507,32.337,121.3,0.0056,0.423,0.28733544
1554786167553,32.383,121.3,0.0056,0.423,0.28733544
1554786167599,32.429,121.3,0.0056,0.423,0.28733544
1554786167645,32.475,121.3,0.0056,0.423,0.28733544
1554786167708,32.538,121.3,0.0056,0.422,0.28665616
1554786167754,32.584,121.3,0.0056,0.422,0.28665616
1554786167800,32.63,121.3,0.0056,0.422,0.28665616
1554786167846,32.676,121.3,0.0056,0.422,0.28665616
1554786167907,32.738,121.3,0.00562,0.422,0.287679932
1554786167953,32.784,121.3,0.00562,0.422,0.287679932
1554786168000,32.83,121.3,0.00562,0.422,0.287679932
1554786168046,32.876,121.3,0.00562,0.422,0.287679932
1554786168108,32.938,121.3,0.00562,0.421,0.286998226
1554786168154,32.984,121.3,0.00562,0.421,0.286998226
1554786168201,33.031,121.3,0.00562,0.421,0.286998226
1554786168247,33.077,121.3,0.00562,0.421,0.286998226
1554786168308,33.138,121.3,0.00562,0.423,0.288361638
1554786168354,33.184,121.3,0.00562,0.423,0.288361638
1554786168400,33.23,121.3,0.00562,0.423,0.288361638
1554786168446,33.276,121.3,0.00562,0.423,0.288361638
1554786168507,33.337,121.3,0.00564,0.421,0.288019572
1554786168553,33.383,121.3,0.00564,0.421,0.288019572
1554786168599,33.429,121.3,0.00564,0.421,0.288019572
1554786168645,33.475,121.3,0.00564,0.421,0.288019572
1554786168708,33.538,121.2,0.00566,0.424,0.290860608
1554786168754,33.584,121.2,0.00566,0.424,0.290860608
1554786168800,33.63,121.2,0.00566,0.424,0.290860608
1554786168846,33.676,121.2,0.00566,0.424,0.290860608
1554786168907,33.737,121.2,0.00566,0.423,0.290174616
1554786168953,33.783,121.2,0.00566,0.423,0.290174616
1554786168999,33.83,121.2,0.00566,0.423,0.290174616
1554786169046,33.876,121.2,0.00566,0.423,0.290174616
1554786169108,33.938,121.2,0.00569,0.422,0.291023016
1554786169154,33.984,121.2,0.00569,0.422,0.291023016
1554786169200,34.03,121.2,0.00569,0.422,0.291023016
1554786169247,34.077,121.2,0.00569,0.422,0.291023016
1554786169308,34.138,121.2,0.00564,0.424,0.289832832
1554786169354,34.184,121.2,0.00564,0.424,0.289832832
1554786169400,34.23,121.2,0.00564,0.424,0.289832832
1554786169446,34.276,121.2,0.00564,0.424,0.289832832
1554786169508,34.338,121.2,0.00565,0.425,0.2910315
1554786169554,34.384,121.2,0.00565,0.425,0.2910315
1554786169600,34.43,121.2,0.00565,0.425,0.2910315
1554786169646,34.476,121.2,0.00565,0.425,0.2910315
1554786169708,34.538,121.2,0.00565,0.423,0.28966194
1554786169754,34.584,121.2,0.00565,0.423,0.28966194
1554786169800,34.63,121.2,0.00565,0.423,0.28966194
1554786169846,34.676,121.2,0.00565,0.423,0.28966194
1554786169907,34.737,121.2,0.00568,0.423,0.291199968
1554786169953,34.783,121.2,0.00568,0.423,0.291199968
1554786169999,34.829,121.2,0.00568,0.423,0.291199968
1554786170046,34.876,121.2,0.00568,0.423,0.291199968
1554786170108,34.938,121.2,0.00565,0.423,0.28966194
1554786170154,34.984,121.2,0.00565,0.423,0.28966194
1554786170200,35.03,121.2,0.00565,0.423,0.28966194
1554786170246,35.076,121.2,0.00565,0.423,0.28966194
1554786170307,35.137,121.2,0.00561,0.424,0.288291168
1554786170353,35.183,121.2,0.00561,0.424,0.288291168
1554786170399,35.229,121.2,0.00561,0.424,0.288291168
1554786170446,35.276,121.2,0.00561,0.424,0.288291168
1554786170508,35.338,121.2,0.00565,0.422,0.28897716
1554786170554,35.384,121.2,0.00565,0.422,0.28897716
1554786170600,35.431,121.2,0.00565,0.422,0.28897716
1554786170647,35.477,121.2,0.00565,0.422,0.28897716
1554786170708,35.538,121.3,0.00563,0.423,0.288874737
1554786170754,35.584,121.3,0.00563,0.423,0.288874737
1554786170800,35.63,121.3,0.00563,0.423,0.288874737
1554786170846,35.676,121.3,0.00563,0.423,0.288874737
1554786170907,35.737,121.3,0.00561,0.424,0.288529032
1554786170953,35.783,121.3,0.00561,0.424,0.288529032
1554786170999,35.829,121.3,0.00561,0.424,0.288529032
1554786171045,35.875,121.3,0.00561,0.424,0.288529032
1554786171107,35.938,121.3,0.00563,0.418,0.285460142
1554786171154,35.984,121.3,0.00563,0.418,0.285460142
1554786171200,36.03,121.3,0.00563,0.418,0.285460142
1554786171246,36.076,121.3,0.00563,0.418,0.285460142
1554786171307,36.137,121.3,0.00555,0.423,0.284769945
1554786171353,36.183,121.3,0.00555,0.423,0.284769945
1554786171399,36.229,121.3,0.00555,0.423,0.284769945
1554786171445,36.275,121.3,0.00555,0.423,0.284769945
1554786171507,36.338,121.3,0.00557,0.425,0.287147425
1554786171554,36.384,121.3,0.00557,0.425,0.287147425
1554786171600,36.43,121.3,0.00557,0.425,0.287147425
1554786171646,36.476,121.3,0.00557,0.425,0.287147425
1554786171707,36.537,121.3,0.00561,0.424,0.288529032
1554786171753,36.583,121.3,0.00561,0.424,0.288529032
1554786171799,36.629,121.3,0.00561,0.424,0.288529032
1554786171845,36.675,121.3,0.00561,0.424,0.288529032
1554786171907,36.738,121.3,0.00679,0.429,0.353335983
1554786171953,36.784,121.3,0.00679,0.429,0.353335983
1554786172000,36.83,121.3,0.00679,0.429,0.353335983
1554786172046,36.876,121.3,0.00679,0.429,0.353335983
1554786172107,36.937,121.3,0.00723,0.438,0.384125562
1554786172152,36.983,121.3,0.00723,0.438,0.384125562
1554786172199,37.029,121.3,0.00723,0.438,0.384125562
1554786172245,37.075,121.3,0.00723,0.438,0.384125562
1554786172307,37.137,121.2,0.00723,0.436,0.382056336
1554786172353,37.183,121.2,0.00723,0.436,0.382056336
1554786172399,37.229,121.2,0.00723,0.436,0.382056336
1554786172445,37.275,121.2,0.00723,0.436,0.382056336
1554786172508,37.338,121.2,0.00725,0.438,0.3848706
1554786172554,37.384,121.2,0.00725,0.438,0.3848706
1554786172600,37.43,121.2,0.00725,0.438,0.3848706
1554786172646,37.476,121.2,0.00725,0.438,0.3848706
1554786172707,37.537,121.2,0.00721,0.438,0.382747176
1554786172753,37.583,121.2,0.00721,0.438,0.382747176
1554786172799,37.629,121.2,0.00721,0.438,0.382747176
1554786172846,37.676,121.2,0.00721,0.438,0.382747176
1554786172907,37.737,121.2,0.00725,0.438,0.3848706
1554786172953,37.783,121.2,0.00725,0.438,0.3848706
1554786172999,37.829,121.2,0.00725,0.438,0.3848706
1554786173045,37.875,121.2,0.00725,0.438,0.3848706
1554786173107,37.937,121.2,0.00731,0.436,0.386283792
1554786173154,37.984,121.2,0.00731,0.436,0.386283792
1554786173200,38.03,121.2,0.00731,0.436,0.386283792
1554786173246,38.076,121.2,0.00731,0.436,0.386283792
1554786173307,38.137,121.2,0.00729,0.435,0.38434338
1554786173353,38.183,121.2,0.00729,0.435,0.38434338
1554786173399,38.229,121.2,0.00729,0.435,0.38434338
1554786173445,38.275,121.2,0.00729,0.435,0.38434338
1554786173507,38.337,121.2,0.00722,0.439,0.384153096
1554786173553,38.383,121.2,0.00722,0.439,0.384153096
1554786173600,38.43,121.2,0.00722,0.439,0.384153096
1554786173646,38.476,121.2,0.00722,0.439,0.384153096
1554786173707,38.537,121.2,0.00723,0.439,0.384685164
1554786173753,38.583,121.2,0.00723,0.439,0.384685164
1554786173799,38.629,121.2,0.00723,0.439,0.384685164
1554786173845,38.675,121.2,0.00723,0.439,0.384685164
1554786173907,38.737,121.2,0.00683,0.437,0.361746852
1554786173953,38.783,121.2,0.00683,0.437,0.361746852
1554786173999,38.829,121.2,0.00683,0.437,0.361746852
1554786174045,38.875,121.2,0.00683,0.437,0.361746852
1554786174108,38.938,121.2,0.00666,0.433,0.349514136
1554786174154,38.984,121.2,0.00666,0.433,0.349514136
1554786174200,39.03,121.2,0.00666,0.433,0.349514136
1554786174246,39.076,121.2,0.00666,0.433,0.349514136
1554786174307,39.137,121.2,0.00666,0.432,0.348706944
1554786174354,39.184,121.2,0.00666,0.432,0.348706944
1554786174400,39.23,121.2,0.00666,0.432,0.348706944
1554786174446,39.276,121.2,0.00666,0.432,0.348706944
1554786174507,39.337,121.2,0.00665,0.431,0.34737738
1554786174553,39.383,121.2,0.00665,0.431,0.34737738
1554786174599,39.429,121.2,0.00665,0.431,0.34737738
1554786174645,39.475,121.2,0.00665,0.431,0.34737738
1554786174707,39.537,121.2,0.00664,0.433,0.348464544
1554786174752,39.583,121.2,0.00664,0.433,0.348464544
1554786174798,39.629,121.2,0.00664,0.433,0.348464544
1554786174845,39.675,121.2,0.00664,0.433,0.348464544
1554786174907,39.737,121.3,0.00661,0.436,0.349581748
1554786174953,39.783,121.3,0.00661,0.436,0.349581748
1554786174999,39.829,121.3,0.00661,0.436,0.349581748
1554786175045,39.875,121.3,0.00661,0.436,0.349581748
1554786175108,39.938,121.3,0.00662,0.432,0.346898592
1554786175154,39.984,121.3,0.00662,0.432,0.346898592
1554786175200,40.03,121.3,0.00662,0.432,0.346898592
1554786175246,40.076,121.3,0.00662,0.432,0.346898592
1554786175307,40.137,121.3,0.00663,0.43,0.34581417
1554786175353,40.183,121.3,0.00663,0.43,0.34581417
1554786175399,40.229,121.3,0.00663,0.43,0.34581417
You pressed Ctrl+C!
