# Mon Apr 08 19:47:21 2019
abstime,time_stamp,volt,curr,pf,mul
1554778041125,0.083,121.3,0.00573,0.417,0.289835433
1554778041173,0.131,121.3,0.00573,0.417,0.289835433
1554778041219,0.177,121.3,0.00573,0.417,0.289835433
1554778041265,0.223,121.3,0.00573,0.417,0.289835433
1554778041319,0.277,121.4,0.00572,0.417,0.289568136
1554778041364,0.322,121.4,0.00572,0.417,0.289568136
1554778041410,0.368,121.4,0.00572,0.417,0.289568136
1554778041455,0.413,121.4,0.00572,0.417,0.289568136
1554778041520,0.478,121.4,0.00568,0.415,0.28616408
1554778041565,0.523,121.4,0.00568,0.415,0.28616408
1554778041611,0.569,121.4,0.00568,0.415,0.28616408
1554778041656,0.614,121.4,0.00568,0.415,0.28616408
1554778041719,0.677,121.3,0.00575,0.415,0.289452125
1554778041766,0.724,121.3,0.00575,0.415,0.289452125
1554778041812,0.77,121.3,0.00575,0.415,0.289452125
1554778041858,0.816,121.3,0.00575,0.415,0.289452125
1554778041920,0.878,121.4,0.00575,0.414,0.2889927
1554778041966,0.924,121.4,0.00575,0.414,0.2889927
1554778042012,0.97,121.4,0.00575,0.414,0.2889927
1554778042058,1.016,121.4,0.00575,0.414,0.2889927
1554778042119,1.077,121.4,0.00572,0.417,0.289568136
1554778042165,1.123,121.4,0.00572,0.417,0.289568136
1554778042211,1.169,121.4,0.00572,0.417,0.289568136
1554778042257,1.215,121.4,0.00572,0.417,0.289568136
1554778042320,1.278,121.4,0.0057,0.418,0.28924764
1554778042366,1.324,121.4,0.0057,0.418,0.28924764
1554778042412,1.37,121.4,0.0057,0.418,0.28924764
1554778042458,1.416,121.4,0.0057,0.418,0.28924764
1554778042519,1.477,121.4,0.00571,0.417,0.289061898
1554778042565,1.523,121.4,0.00571,0.417,0.289061898
1554778042611,1.569,121.4,0.00571,0.417,0.289061898
1554778042658,1.616,121.4,0.00571,0.417,0.289061898
1554778042720,1.678,121.4,0.00567,0.416,0.286348608
1554778042766,1.724,121.4,0.00567,0.416,0.286348608
1554778042812,1.77,121.4,0.00567,0.416,0.286348608
1554778042858,1.816,121.4,0.00567,0.416,0.286348608
1554778042919,1.877,121.4,0.0057,0.415,0.2871717
1554778042965,1.923,121.4,0.0057,0.415,0.2871717
1554778043011,1.969,121.4,0.0057,0.415,0.2871717
1554778043057,2.015,121.4,0.0057,0.415,0.2871717
1554778043120,2.078,121.4,0.00576,0.416,0.290893824
1554778043166,2.124,121.4,0.00576,0.416,0.290893824
1554778043212,2.17,121.4,0.00576,0.416,0.290893824
1554778043258,2.216,121.4,0.00576,0.416,0.290893824
1554778043319,2.277,121.4,0.00576,0.418,0.292292352
1554778043365,2.323,121.4,0.00576,0.418,0.292292352
1554778043411,2.369,121.4,0.00576,0.418,0.292292352
1554778043458,2.416,121.4,0.00576,0.418,0.292292352
1554778043520,2.478,121.4,0.00579,0.414,0.291003084
1554778043566,2.524,121.4,0.00579,0.414,0.291003084
1554778043612,2.57,121.4,0.00579,0.414,0.291003084
1554778043658,2.616,121.4,0.00579,0.414,0.291003084
1554778043719,2.677,121.4,0.00575,0.419,0.29248295
1554778043765,2.723,121.4,0.00575,0.419,0.29248295
1554778043811,2.769,121.4,0.00575,0.419,0.29248295
1554778043857,2.815,121.4,0.00575,0.419,0.29248295
1554778043920,2.878,121.4,0.00575,0.419,0.29248295
1554778043966,2.924,121.4,0.00575,0.419,0.29248295
1554778044012,2.97,121.4,0.00575,0.419,0.29248295
1554778044058,3.016,121.4,0.00575,0.419,0.29248295
1554778044119,3.077,121.4,0.00582,0.418,0.295337064
1554778044166,3.124,121.4,0.00582,0.418,0.295337064
1554778044212,3.17,121.4,0.00582,0.418,0.295337064
1554778044258,3.216,121.4,0.00582,0.418,0.295337064
1554778044320,3.278,121.5,0.00577,0.42,0.2944431
1554778044366,3.324,121.5,0.00577,0.42,0.2944431
1554778044413,3.371,121.5,0.00577,0.42,0.2944431
1554778044460,3.418,121.5,0.00577,0.42,0.2944431
1554778044519,3.477,121.5,0.00575,0.417,0.291326625
1554778044566,3.524,121.5,0.00575,0.417,0.291326625
1554778044612,3.57,121.5,0.00575,0.417,0.291326625
1554778044658,3.616,121.5,0.00575,0.417,0.291326625
1554778044720,3.678,121.4,0.00572,0.416,0.288873728
1554778044766,3.724,121.4,0.00572,0.416,0.288873728
1554778044812,3.77,121.4,0.00572,0.416,0.288873728
1554778044858,3.816,121.4,0.00572,0.416,0.288873728
1554778044919,3.877,121.4,0.0057,0.421,0.29132358
1554778044965,3.923,121.4,0.0057,0.421,0.29132358
1554778045011,3.97,121.4,0.0057,0.421,0.29132358
1554778045057,4.016,121.4,0.0057,0.421,0.29132358
1554778045120,4.078,121.4,0.00573,0.42,0.29216124
1554778045166,4.124,121.4,0.00573,0.42,0.29216124
1554778045212,4.17,121.4,0.00573,0.42,0.29216124
1554778045258,4.216,121.4,0.00573,0.42,0.29216124
1554778045319,4.277,121.4,0.00571,0.417,0.289061898
1554778045365,4.323,121.4,0.00571,0.417,0.289061898
1554778045411,4.37,121.4,0.00571,0.417,0.289061898
1554778045457,4.416,121.4,0.00571,0.417,0.289061898
1554778045520,4.478,121.4,0.0057,0.418,0.28924764
1554778045565,4.523,121.4,0.0057,0.418,0.28924764
1554778045610,4.568,121.4,0.0057,0.418,0.28924764
1554778045656,4.614,121.4,0.0057,0.418,0.28924764
1554778045719,4.677,121.4,0.00568,0.417,0.287543184
1554778045765,4.723,121.4,0.00568,0.417,0.287543184
1554778045810,4.768,121.4,0.00568,0.417,0.287543184
1554778045854,4.812,121.4,0.00568,0.417,0.287543184
1554778045919,4.877,121.4,0.0057,0.417,0.28855566
1554778045964,4.922,121.4,0.0057,0.417,0.28855566
1554778046010,4.968,121.4,0.0057,0.417,0.28855566
1554778046056,5.014,121.4,0.0057,0.417,0.28855566
1554778046120,5.078,121.4,0.00569,0.418,0.288740188
1554778046165,5.123,121.4,0.00569,0.418,0.288740188
1554778046211,5.169,121.4,0.00569,0.418,0.288740188
1554778046257,5.215,121.4,0.00569,0.418,0.288740188
1554778046319,5.277,121.4,0.00569,0.417,0.288049422
1554778046365,5.323,121.4,0.00569,0.417,0.288049422
1554778046411,5.369,121.4,0.00569,0.417,0.288049422
1554778046457,5.415,121.4,0.00569,0.417,0.288049422
1554778046519,5.477,121.4,0.00572,0.417,0.289568136
1554778046566,5.524,121.4,0.00572,0.417,0.289568136
1554778046612,5.57,121.4,0.00572,0.417,0.289568136
1554778046658,5.616,121.4,0.00572,0.417,0.289568136
1554778046719,5.677,121.4,0.0057,0.419,0.28993962
1554778046765,5.723,121.4,0.0057,0.419,0.28993962
1554778046811,5.769,121.4,0.0057,0.419,0.28993962
1554778046857,5.815,121.4,0.0057,0.419,0.28993962
1554778046919,5.877,121.4,0.00574,0.416,0.289883776
1554778046965,5.923,121.4,0.00574,0.416,0.289883776
1554778047011,5.969,121.4,0.00574,0.416,0.289883776
1554778047057,6.015,121.4,0.00574,0.416,0.289883776
1554778047120,6.078,121.4,0.00579,0.417,0.293111802
1554778047166,6.124,121.4,0.00579,0.417,0.293111802
1554778047212,6.17,121.4,0.00579,0.417,0.293111802
1554778047258,6.216,121.4,0.00579,0.417,0.293111802
1554778047319,6.277,121.4,0.00576,0.416,0.290893824
1554778047365,6.323,121.4,0.00576,0.416,0.290893824
1554778047411,6.369,121.4,0.00576,0.416,0.290893824
1554778047457,6.415,121.4,0.00576,0.416,0.290893824
1554778047519,6.477,121.4,0.00574,0.417,0.290580612
1554778047565,6.523,121.4,0.00574,0.417,0.290580612
1554778047611,6.569,121.4,0.00574,0.417,0.290580612
1554778047657,6.615,121.4,0.00574,0.417,0.290580612
1554778047719,6.677,121.4,0.00572,0.419,0.290956952
1554778047764,6.722,121.4,0.00572,0.419,0.290956952
1554778047810,6.768,121.4,0.00572,0.419,0.290956952
1554778047857,6.815,121.4,0.00572,0.419,0.290956952
1554778047919,6.877,121.4,0.00576,0.418,0.292292352
1554778047965,6.923,121.4,0.00576,0.418,0.292292352
1554778048011,6.969,121.4,0.00576,0.418,0.292292352
1554778048057,7.015,121.4,0.00576,0.418,0.292292352
1554778048119,7.077,121.4,0.00578,0.417,0.292605564
1554778048165,7.123,121.4,0.00578,0.417,0.292605564
1554778048211,7.169,121.4,0.00578,0.417,0.292605564
1554778048258,7.216,121.4,0.00578,0.417,0.292605564
1554778048319,7.277,121.4,0.00575,0.418,0.2917849
1554778048365,7.323,121.4,0.00575,0.418,0.2917849
1554778048411,7.369,121.4,0.00575,0.418,0.2917849
1554778048457,7.415,121.4,0.00575,0.418,0.2917849
1554778048519,7.477,121.4,0.00576,0.418,0.292292352
1554778048566,7.524,121.4,0.00576,0.418,0.292292352
1554778048612,7.57,121.4,0.00576,0.418,0.292292352
1554778048658,7.616,121.4,0.00576,0.418,0.292292352
1554778048719,7.677,121.4,0.00576,0.415,0.29019456
1554778048764,7.722,121.4,0.00576,0.415,0.29019456
1554778048810,7.768,121.4,0.00576,0.415,0.29019456
1554778048856,7.814,121.4,0.00576,0.415,0.29019456
1554778048919,7.877,121.4,0.00574,0.417,0.290580612
1554778048965,7.923,121.4,0.00574,0.417,0.290580612
1554778049011,7.969,121.4,0.00574,0.417,0.290580612
1554778049057,8.015,121.4,0.00574,0.417,0.290580612
1554778049119,8.077,121.4,0.00575,0.419,0.29248295
1554778049165,8.123,121.4,0.00575,0.419,0.29248295
1554778049211,8.169,121.4,0.00575,0.419,0.29248295
1554778049257,8.215,121.4,0.00575,0.419,0.29248295
1554778049319,8.277,121.4,0.00573,0.419,0.291465618
1554778049364,8.322,121.4,0.00573,0.419,0.291465618
1554778049411,8.369,121.4,0.00573,0.419,0.291465618
1554778049457,8.415,121.4,0.00573,0.419,0.291465618
1554778049519,8.477,121.5,0.00575,0.416,0.290628
1554778049565,8.523,121.5,0.00575,0.416,0.290628
1554778049611,8.569,121.5,0.00575,0.416,0.290628
1554778049657,8.615,121.5,0.00575,0.416,0.290628
1554778049719,8.677,121.4,0.00565,0.417,0.28602447
1554778049764,8.722,121.4,0.00565,0.417,0.28602447
1554778049810,8.768,121.4,0.00565,0.417,0.28602447
1554778049857,8.815,121.4,0.00565,0.417,0.28602447
1554778049919,8.877,121.4,0.00563,0.418,0.285695476
1554778049965,8.923,121.4,0.00563,0.418,0.285695476
1554778050011,8.969,121.4,0.00563,0.418,0.285695476
1554778050057,9.015,121.4,0.00563,0.418,0.285695476
1554778050118,9.076,121.4,0.00565,0.422,0.28945402
1554778050164,9.122,121.4,0.00565,0.422,0.28945402
1554778050210,9.168,121.4,0.00565,0.422,0.28945402
1554778050256,9.214,121.4,0.00565,0.422,0.28945402
1554778050319,9.277,121.4,0.00565,0.419,0.28739629
1554778050365,9.323,121.4,0.00565,0.419,0.28739629
1554778050411,9.369,121.4,0.00565,0.419,0.28739629
1554778050457,9.415,121.4,0.00565,0.419,0.28739629
1554778050519,9.477,121.4,0.00569,0.418,0.288740188
1554778050565,9.523,121.4,0.00569,0.418,0.288740188
1554778050612,9.57,121.4,0.00569,0.418,0.288740188
1554778050658,9.616,121.4,0.00569,0.418,0.288740188
1554778050719,9.677,121.4,0.00568,0.418,0.288232736
1554778050765,9.723,121.4,0.00568,0.418,0.288232736
1554778050811,9.769,121.4,0.00568,0.418,0.288232736
1554778050857,9.815,121.4,0.00568,0.418,0.288232736
1554778050918,9.876,121.4,0.00569,0.42,0.29012172
1554778050964,9.922,121.4,0.00569,0.42,0.29012172
1554778051010,9.968,121.4,0.00569,0.42,0.29012172
1554778051056,10.014,121.4,0.00569,0.42,0.29012172
1554778051119,10.077,121.4,0.00574,0.417,0.290580612
1554778051165,10.123,121.4,0.00574,0.417,0.290580612
1554778051211,10.169,121.4,0.00574,0.417,0.290580612
1554778051257,10.215,121.4,0.00574,0.417,0.290580612
1554778051318,10.276,121.4,0.00576,0.417,0.291593088
1554778051364,10.322,121.4,0.00576,0.417,0.291593088
1554778051411,10.369,121.4,0.00576,0.417,0.291593088
1554778051457,10.415,121.4,0.00576,0.417,0.291593088
1554778051519,10.477,121.4,0.00576,0.419,0.292991616
1554778051565,10.523,121.4,0.00576,0.419,0.292991616
1554778051611,10.569,121.4,0.00576,0.419,0.292991616
1554778051657,10.615,121.4,0.00576,0.419,0.292991616
1554778051718,10.676,121.4,0.00577,0.417,0.292099326
1554778051765,10.723,121.4,0.00577,0.417,0.292099326
1554778051810,10.768,121.4,0.00577,0.417,0.292099326
1554778051857,10.815,121.4,0.00577,0.417,0.292099326
1554778051919,10.877,121.4,0.00582,0.414,0.292510872
1554778051965,10.923,121.4,0.00582,0.414,0.292510872
1554778052011,10.969,121.4,0.00582,0.414,0.292510872
1554778052057,11.015,121.4,0.00582,0.414,0.292510872
1554778052118,11.076,121.4,0.00583,0.414,0.293013468
1554778052164,11.122,121.4,0.00583,0.414,0.293013468
1554778052210,11.168,121.4,0.00583,0.414,0.293013468
1554778052256,11.214,121.4,0.00583,0.414,0.293013468
1554778052319,11.277,121.4,0.0058,0.416,0.29291392
1554778052365,11.323,121.4,0.0058,0.416,0.29291392
1554778052411,11.369,121.4,0.0058,0.416,0.29291392
1554778052457,11.415,121.4,0.0058,0.416,0.29291392
1554778052518,11.476,121.4,0.00577,0.415,0.29069837
1554778052564,11.522,121.4,0.00577,0.415,0.29069837
1554778052611,11.569,121.4,0.00577,0.415,0.29069837
1554778052657,11.615,121.4,0.00577,0.415,0.29069837
1554778052718,11.676,121.4,0.00574,0.417,0.290580612
1554778052764,11.722,121.4,0.00574,0.417,0.290580612
1554778052810,11.768,121.4,0.00574,0.417,0.290580612
1554778052856,11.814,121.4,0.00574,0.417,0.290580612
1554778052918,11.876,121.4,0.00572,0.417,0.289568136
1554778052965,11.923,121.4,0.00572,0.417,0.289568136
1554778053011,11.969,121.4,0.00572,0.417,0.289568136
1554778053057,12.015,121.4,0.00572,0.417,0.289568136
1554778053119,12.077,121.4,0.00576,0.417,0.291593088
1554778053165,12.123,121.4,0.00576,0.417,0.291593088
1554778053211,12.169,121.4,0.00576,0.417,0.291593088
1554778053257,12.215,121.4,0.00576,0.417,0.291593088
1554778053318,12.276,121.4,0.00576,0.418,0.292292352
1554778053364,12.322,121.4,0.00576,0.418,0.292292352
1554778053410,12.368,121.4,0.00576,0.418,0.292292352
1554778053456,12.414,121.4,0.00576,0.418,0.292292352
1554778053519,12.477,121.5,0.00572,0.417,0.28980666
1554778053565,12.523,121.5,0.00572,0.417,0.28980666
1554778053611,12.569,121.5,0.00572,0.417,0.28980666
1554778053657,12.615,121.5,0.00572,0.417,0.28980666
1554778053718,12.676,121.5,0.00568,0.419,0.28916028
1554778053764,12.722,121.5,0.00568,0.419,0.28916028
1554778053811,12.769,121.5,0.00568,0.419,0.28916028
1554778053857,12.815,121.5,0.00568,0.419,0.28916028
1554778053918,12.876,121.4,0.00565,0.418,0.28671038
1554778053964,12.922,121.4,0.00565,0.418,0.28671038
1554778054010,12.968,121.4,0.00565,0.418,0.28671038
1554778054056,13.014,121.4,0.00565,0.418,0.28671038
1554778054118,13.076,121.4,0.00569,0.416,0.287358656
1554778054164,13.122,121.4,0.00569,0.416,0.287358656
1554778054210,13.169,121.4,0.00569,0.416,0.287358656
1554778054257,13.215,121.4,0.00569,0.416,0.287358656
1554778054318,13.276,121.4,0.00573,0.417,0.290074374
1554778054364,13.322,121.4,0.00573,0.417,0.290074374
1554778054410,13.368,121.4,0.00573,0.417,0.290074374
1554778054456,13.414,121.4,0.00573,0.417,0.290074374
1554778054518,13.476,121.4,0.00572,0.415,0.28817932
1554778054564,13.522,121.4,0.00572,0.415,0.28817932
1554778054610,13.568,121.4,0.00572,0.415,0.28817932
1554778054656,13.614,121.4,0.00572,0.415,0.28817932
1554778054718,13.677,121.4,0.00566,0.419,0.287904956
1554778054765,13.723,121.4,0.00566,0.419,0.287904956
1554778054810,13.769,121.4,0.00566,0.419,0.287904956
1554778054857,13.815,121.4,0.00566,0.419,0.287904956
1554778054918,13.876,121.4,0.00569,0.42,0.29012172
1554778054964,13.922,121.4,0.00569,0.42,0.29012172
1554778055010,13.968,121.4,0.00569,0.42,0.29012172
1554778055056,14.014,121.4,0.00569,0.42,0.29012172
1554778055118,14.076,121.4,0.00573,0.42,0.29216124
1554778055164,14.122,121.4,0.00573,0.42,0.29216124
1554778055210,14.168,121.4,0.00573,0.42,0.29216124
1554778055256,14.214,121.4,0.00573,0.42,0.29216124
1554778055319,14.277,121.4,0.00573,0.42,0.29216124
1554778055365,14.323,121.4,0.00573,0.42,0.29216124
1554778055411,14.369,121.4,0.00573,0.42,0.29216124
1554778055457,14.415,121.4,0.00573,0.42,0.29216124
1554778055518,14.476,121.4,0.00574,0.42,0.29267112
1554778055564,14.522,121.4,0.00574,0.42,0.29267112
1554778055610,14.568,121.4,0.00574,0.42,0.29267112
1554778055656,14.614,121.4,0.00574,0.42,0.29267112
1554778055719,14.677,121.4,0.00571,0.418,0.289755092
1554778055765,14.723,121.4,0.00571,0.418,0.289755092
1554778055811,14.769,121.4,0.00571,0.418,0.289755092
1554778055857,14.815,121.4,0.00571,0.418,0.289755092
1554778055918,14.876,121.4,0.00577,0.419,0.293500282
1554778055965,14.923,121.4,0.00577,0.419,0.293500282
1554778056011,14.969,121.4,0.00577,0.419,0.293500282
1554778056057,15.015,121.4,0.00577,0.419,0.293500282
1554778056118,15.076,121.4,0.00576,0.421,0.294390144
1554778056164,15.122,121.4,0.00576,0.421,0.294390144
1554778056210,15.168,121.4,0.00576,0.421,0.294390144
1554778056257,15.215,121.4,0.00576,0.421,0.294390144
1554778056318,15.276,121.4,0.00574,0.419,0.291974284
1554778056363,15.321,121.4,0.00574,0.419,0.291974284
1554778056410,15.368,121.4,0.00574,0.419,0.291974284
1554778056456,15.414,121.4,0.00574,0.419,0.291974284
1554778056518,15.476,121.4,0.00577,0.419,0.293500282
1554778056564,15.522,121.4,0.00577,0.419,0.293500282
1554778056610,15.568,121.4,0.00577,0.419,0.293500282
1554778056656,15.614,121.4,0.00577,0.419,0.293500282
1554778056719,15.677,121.4,0.00575,0.418,0.2917849
1554778056765,15.723,121.4,0.00575,0.418,0.2917849
1554778056811,15.769,121.4,0.00575,0.418,0.2917849
1554778056857,15.815,121.4,0.00575,0.418,0.2917849
1554778056918,15.876,121.4,0.00568,0.418,0.288232736
1554778056964,15.922,121.4,0.00568,0.418,0.288232736
1554778057010,15.968,121.4,0.00568,0.418,0.288232736
1554778057057,16.015,121.4,0.00568,0.418,0.288232736
1554778057118,16.076,121.3,0.00569,0.42,0.28988274
1554778057163,16.121,121.3,0.00569,0.42,0.28988274
1554778057210,16.168,121.3,0.00569,0.42,0.28988274
1554778057256,16.214,121.3,0.00569,0.42,0.28988274
1554778057318,16.276,121.4,0.00572,0.419,0.290956952
1554778057364,16.322,121.4,0.00572,0.419,0.290956952
1554778057410,16.368,121.4,0.00572,0.419,0.290956952
1554778057456,16.414,121.4,0.00572,0.419,0.290956952
1554778057517,16.476,121.4,0.00571,0.418,0.289755092
1554778057563,16.521,121.4,0.00571,0.418,0.289755092
1554778057609,16.567,121.4,0.00571,0.418,0.289755092
1554778057655,16.613,121.4,0.00571,0.418,0.289755092
1554778057718,16.676,121.4,0.00569,0.417,0.288049422
1554778057764,16.722,121.4,0.00569,0.417,0.288049422
1554778057810,16.768,121.4,0.00569,0.417,0.288049422
1554778057856,16.814,121.4,0.00569,0.417,0.288049422
1554778057918,16.876,121.4,0.00567,0.417,0.287036946
1554778057965,16.923,121.4,0.00567,0.417,0.287036946
1554778058011,16.969,121.4,0.00567,0.417,0.287036946
1554778058057,17.015,121.4,0.00567,0.417,0.287036946
1554778058118,17.076,121.4,0.0057,0.417,0.28855566
1554778058164,17.122,121.4,0.0057,0.417,0.28855566
1554778058210,17.168,121.4,0.0057,0.417,0.28855566
1554778058256,17.214,121.4,0.0057,0.417,0.28855566
1554778058317,17.275,121.4,0.00569,0.417,0.288049422
1554778058363,17.321,121.4,0.00569,0.417,0.288049422
1554778058409,17.367,121.4,0.00569,0.417,0.288049422
1554778058455,17.413,121.4,0.00569,0.417,0.288049422
1554778058518,17.476,121.4,0.00571,0.417,0.289061898
1554778058564,17.522,121.4,0.00571,0.417,0.289061898
1554778058610,17.568,121.4,0.00571,0.417,0.289061898
1554778058656,17.614,121.4,0.00571,0.417,0.289061898
1554778058717,17.675,121.4,0.00573,0.418,0.290769996
1554778058763,17.721,121.4,0.00573,0.418,0.290769996
1554778058810,17.768,121.4,0.00573,0.418,0.290769996
1554778058856,17.814,121.4,0.00573,0.418,0.290769996
1554778058918,17.876,121.4,0.00573,0.415,0.28868313
1554778058964,17.922,121.4,0.00573,0.415,0.28868313
1554778059010,17.968,121.4,0.00573,0.415,0.28868313
1554778059057,18.015,121.4,0.00573,0.415,0.28868313
1554778059118,18.076,121.4,0.00575,0.416,0.2903888
1554778059164,18.122,121.4,0.00575,0.416,0.2903888
1554778059210,18.168,121.4,0.00575,0.416,0.2903888
1554778059256,18.214,121.4,0.00575,0.416,0.2903888
1554778059318,18.276,121.4,0.00575,0.416,0.2903888
1554778059364,18.322,121.4,0.00575,0.416,0.2903888
1554778059411,18.369,121.4,0.00575,0.416,0.2903888
1554778059457,18.415,121.4,0.00575,0.416,0.2903888
1554778059518,18.476,121.4,0.00574,0.417,0.290580612
1554778059564,18.522,121.4,0.00574,0.417,0.290580612
1554778059610,18.568,121.4,0.00574,0.417,0.290580612
1554778059656,18.614,121.4,0.00574,0.417,0.290580612
1554778059717,18.675,121.4,0.00574,0.418,0.291277448
1554778059764,18.722,121.4,0.00574,0.418,0.291277448
1554778059810,18.768,121.4,0.00574,0.418,0.291277448
1554778059856,18.814,121.4,0.00574,0.418,0.291277448
1554778059917,18.875,121.4,0.00572,0.417,0.289568136
1554778059963,18.921,121.4,0.00572,0.417,0.289568136
1554778060009,18.967,121.4,0.00572,0.417,0.289568136
1554778060055,19.013,121.4,0.00572,0.417,0.289568136
1554778060117,19.075,121.4,0.0058,0.417,0.29361804
1554778060163,19.121,121.4,0.0058,0.417,0.29361804
1554778060209,19.167,121.4,0.0058,0.417,0.29361804
1554778060255,19.213,121.4,0.0058,0.417,0.29361804
1554778060318,19.276,121.4,0.00579,0.416,0.292408896
1554778060364,19.322,121.4,0.00579,0.416,0.292408896
1554778060410,19.368,121.4,0.00579,0.416,0.292408896
1554778060456,19.414,121.4,0.00579,0.416,0.292408896
1554778060518,19.476,121.4,0.00577,0.415,0.29069837
1554778060564,19.522,121.4,0.00577,0.415,0.29069837
1554778060611,19.569,121.4,0.00577,0.415,0.29069837
1554778060657,19.615,121.4,0.00577,0.415,0.29069837
1554778060718,19.676,121.4,0.00575,0.417,0.29108685
1554778060764,19.722,121.4,0.00575,0.417,0.29108685
1554778060810,19.768,121.4,0.00575,0.417,0.29108685
1554778060856,19.814,121.4,0.00575,0.417,0.29108685
1554778060917,19.875,121.4,0.00572,0.419,0.290956952
1554778060963,19.921,121.4,0.00572,0.419,0.290956952
1554778061009,19.967,121.4,0.00572,0.419,0.290956952
1554778061055,20.013,121.4,0.00572,0.419,0.290956952
1554778061117,20.075,121.4,0.0057,0.417,0.28855566
1554778061164,20.122,121.4,0.0057,0.417,0.28855566
1554778061210,20.168,121.4,0.0057,0.417,0.28855566
1554778061256,20.214,121.4,0.0057,0.417,0.28855566
1554778061318,20.276,121.4,0.00577,0.415,0.29069837
1554778061364,20.322,121.4,0.00577,0.415,0.29069837
1554778061410,20.368,121.4,0.00577,0.415,0.29069837
1554778061456,20.414,121.4,0.00577,0.415,0.29069837
1554778061517,20.475,121.4,0.00573,0.417,0.290074374
1554778061563,20.521,121.4,0.00573,0.417,0.290074374
1554778061610,20.568,121.4,0.00573,0.417,0.290074374
1554778061656,20.614,121.4,0.00573,0.417,0.290074374
1554778061717,20.675,121.4,0.00568,0.419,0.288922288
1554778061763,20.721,121.4,0.00568,0.419,0.288922288
1554778061809,20.767,121.4,0.00568,0.419,0.288922288
1554778061855,20.813,121.4,0.00568,0.419,0.288922288
1554778061918,20.876,121.4,0.00565,0.418,0.28671038
1554778061964,20.922,121.4,0.00565,0.418,0.28671038
1554778062010,20.968,121.4,0.00565,0.418,0.28671038
1554778062056,21.014,121.4,0.00565,0.418,0.28671038
1554778062117,21.075,121.4,0.00567,0.418,0.287725284
1554778062163,21.121,121.4,0.00567,0.418,0.287725284
1554778062210,21.168,121.4,0.00567,0.418,0.287725284
1554778062256,21.214,121.4,0.00567,0.418,0.287725284
1554778062317,21.275,121.4,0.00572,0.416,0.288873728
1554778062363,21.321,121.4,0.00572,0.416,0.288873728
1554778062409,21.367,121.4,0.00572,0.416,0.288873728
1554778062455,21.413,121.4,0.00572,0.416,0.288873728
1554778062518,21.476,121.4,0.00568,0.417,0.287543184
1554778062564,21.522,121.4,0.00568,0.417,0.287543184
1554778062610,21.568,121.4,0.00568,0.417,0.287543184
1554778062656,21.614,121.4,0.00568,0.417,0.287543184
1554778062717,21.675,121.4,0.00568,0.418,0.288232736
1554778062763,21.721,121.4,0.00568,0.418,0.288232736
1554778062809,21.767,121.4,0.00568,0.418,0.288232736
1554778062856,21.814,121.4,0.00568,0.418,0.288232736
1554778062918,21.876,121.4,0.00568,0.419,0.288922288
1554778062964,21.922,121.4,0.00568,0.419,0.288922288
1554778063010,21.968,121.4,0.00568,0.419,0.288922288
1554778063056,22.014,121.4,0.00568,0.419,0.288922288
1554778063117,22.075,121.4,0.00571,0.417,0.289061898
1554778063164,22.122,121.4,0.00571,0.417,0.289061898
1554778063210,22.168,121.4,0.00571,0.417,0.289061898
1554778063256,22.214,121.4,0.00571,0.417,0.289061898
1554778063317,22.275,121.4,0.00573,0.42,0.29216124
1554778063363,22.321,121.4,0.00573,0.42,0.29216124
1554778063409,22.367,121.4,0.00573,0.42,0.29216124
1554778063455,22.413,121.4,0.00573,0.42,0.29216124
1554778063517,22.475,121.4,0.00575,0.419,0.29248295
1554778063564,22.522,121.4,0.00575,0.419,0.29248295
1554778063610,22.568,121.4,0.00575,0.419,0.29248295
1554778063656,22.614,121.4,0.00575,0.419,0.29248295
1554778063717,22.675,121.4,0.00579,0.416,0.292408896
1554778063763,22.721,121.4,0.00579,0.416,0.292408896
1554778063809,22.767,121.4,0.00579,0.416,0.292408896
1554778063856,22.814,121.4,0.00579,0.416,0.292408896
1554778063918,22.876,121.4,0.00576,0.417,0.291593088
1554778063964,22.922,121.4,0.00576,0.417,0.291593088
1554778064010,22.968,121.4,0.00576,0.417,0.291593088
1554778064056,23.014,121.4,0.00576,0.417,0.291593088
1554778064117,23.075,121.4,0.00576,0.419,0.292991616
1554778064163,23.121,121.4,0.00576,0.419,0.292991616
1554778064209,23.168,121.4,0.00576,0.419,0.292991616
1554778064256,23.214,121.4,0.00576,0.419,0.292991616
1554778064317,23.275,121.4,0.00577,0.419,0.293500282
1554778064362,23.32,121.4,0.00577,0.419,0.293500282
1554778064409,23.367,121.4,0.00577,0.419,0.293500282
1554778064455,23.413,121.4,0.00577,0.419,0.293500282
1554778064517,23.475,121.4,0.00574,0.418,0.291277448
1554778064563,23.521,121.4,0.00574,0.418,0.291277448
1554778064609,23.568,121.4,0.00574,0.418,0.291277448
1554778064656,23.614,121.4,0.00574,0.418,0.291277448
1554778064717,23.675,121.4,0.00573,0.418,0.290769996
1554778064763,23.721,121.4,0.00573,0.418,0.290769996
1554778064809,23.767,121.4,0.00573,0.418,0.290769996
1554778064855,23.813,121.4,0.00573,0.418,0.290769996
1554778064917,23.875,121.4,0.00571,0.417,0.289061898
1554778064963,23.921,121.4,0.00571,0.417,0.289061898
1554778065009,23.967,121.4,0.00571,0.417,0.289061898
1554778065055,24.013,121.4,0.00571,0.417,0.289061898
1554778065117,24.075,121.4,0.00573,0.418,0.290769996
1554778065162,24.121,121.4,0.00573,0.418,0.290769996
1554778065208,24.167,121.4,0.00573,0.418,0.290769996
1554778065255,24.213,121.4,0.00573,0.418,0.290769996
1554778065317,24.275,121.4,0.00571,0.416,0.288368704
1554778065363,24.321,121.4,0.00571,0.416,0.288368704
1554778065409,24.367,121.4,0.00571,0.416,0.288368704
1554778065455,24.414,121.4,0.00571,0.416,0.288368704
1554778065517,24.475,121.4,0.00573,0.415,0.28868313
1554778065563,24.521,121.4,0.00573,0.415,0.28868313
1554778065609,24.567,121.4,0.00573,0.415,0.28868313
1554778065655,24.613,121.4,0.00573,0.415,0.28868313
1554778065717,24.676,121.4,0.00571,0.418,0.289755092
1554778065764,24.722,121.4,0.00571,0.418,0.289755092
1554778065810,24.768,121.4,0.00571,0.418,0.289755092
1554778065856,24.814,121.4,0.00571,0.418,0.289755092
1554778065917,24.875,121.4,0.00566,0.417,0.286530708
1554778065963,24.921,121.4,0.00566,0.417,0.286530708
1554778066009,24.967,121.4,0.00566,0.417,0.286530708
1554778066055,25.014,121.4,0.00566,0.417,0.286530708
1554778066117,25.075,121.4,0.00571,0.417,0.289061898
1554778066163,25.121,121.4,0.00571,0.417,0.289061898
1554778066209,25.167,121.4,0.00571,0.417,0.289061898
1554778066255,25.213,121.4,0.00571,0.417,0.289061898
1554778066317,25.275,121.4,0.00573,0.416,0.289378752
1554778066363,25.322,121.4,0.00573,0.416,0.289378752
1554778066410,25.368,121.4,0.00573,0.416,0.289378752
1554778066456,25.414,121.4,0.00573,0.416,0.289378752
1554778066517,25.475,121.4,0.00567,0.422,0.290478636
1554778066563,25.521,121.4,0.00567,0.422,0.290478636
1554778066609,25.567,121.4,0.00567,0.422,0.290478636
1554778066655,25.614,121.4,0.00567,0.422,0.290478636
1554778066716,25.674,121.4,0.00566,0.422,0.289966328
1554778066762,25.72,121.4,0.00566,0.422,0.289966328
1554778066808,25.766,121.4,0.00566,0.422,0.289966328
1554778066854,25.812,121.4,0.00566,0.422,0.289966328
1554778066917,25.875,121.4,0.00565,0.421,0.28876811
1554778066963,25.921,121.4,0.00565,0.421,0.28876811
1554778067009,25.967,121.4,0.00565,0.421,0.28876811
1554778067055,26.013,121.4,0.00565,0.421,0.28876811
1554778067117,26.075,121.4,0.00567,0.419,0.288413622
1554778067163,26.121,121.4,0.00567,0.419,0.288413622
1554778067209,26.167,121.4,0.00567,0.419,0.288413622
1554778067256,26.214,121.4,0.00567,0.419,0.288413622
1554778067317,26.275,121.4,0.00572,0.421,0.292345768
1554778067363,26.321,121.4,0.00572,0.421,0.292345768
1554778067409,26.367,121.4,0.00572,0.421,0.292345768
1554778067455,26.413,121.4,0.00572,0.421,0.292345768
1554778067516,26.474,121.4,0.00574,0.421,0.293367956
1554778067562,26.52,121.4,0.00574,0.421,0.293367956
1554778067608,26.566,121.4,0.00574,0.421,0.293367956
1554778067654,26.612,121.4,0.00574,0.421,0.293367956
1554778067717,26.675,121.4,0.00572,0.422,0.293040176
1554778067763,26.721,121.4,0.00572,0.422,0.293040176
1554778067809,26.767,121.4,0.00572,0.422,0.293040176
1554778067855,26.813,121.4,0.00572,0.422,0.293040176
1554778067916,26.874,121.4,0.00567,0.422,0.290478636
1554778067962,26.92,121.4,0.00567,0.422,0.290478636
1554778068008,26.966,121.4,0.00567,0.422,0.290478636
1554778068054,27.012,121.4,0.00567,0.422,0.290478636
1554778068117,27.075,121.4,0.00573,0.42,0.29216124
1554778068163,27.121,121.4,0.00573,0.42,0.29216124
1554778068209,27.167,121.4,0.00573,0.42,0.29216124
1554778068255,27.213,121.4,0.00573,0.42,0.29216124
1554778068316,27.274,121.4,0.00575,0.42,0.293181
1554778068362,27.32,121.4,0.00575,0.42,0.293181
1554778068408,27.366,121.4,0.00575,0.42,0.293181
1554778068454,27.412,121.4,0.00575,0.42,0.293181
1554778068517,27.475,121.4,0.00572,0.423,0.293734584
1554778068563,27.521,121.4,0.00572,0.423,0.293734584
1554778068609,27.567,121.4,0.00572,0.423,0.293734584
1554778068655,27.613,121.4,0.00572,0.423,0.293734584
1554778068716,27.674,121.4,0.00573,0.418,0.290769996
1554778068762,27.72,121.4,0.00573,0.418,0.290769996
1554778068808,27.766,121.4,0.00573,0.418,0.290769996
1554778068854,27.812,121.4,0.00573,0.418,0.290769996
1554778068917,27.875,121.4,0.00571,0.418,0.289755092
1554778068963,27.921,121.4,0.00571,0.418,0.289755092
1554778069009,27.967,121.4,0.00571,0.418,0.289755092
1554778069055,28.013,121.4,0.00571,0.418,0.289755092
1554778069116,28.074,121.4,0.00569,0.42,0.29012172
1554778069162,28.12,121.4,0.00569,0.42,0.29012172
1554778069208,28.166,121.4,0.00569,0.42,0.29012172
1554778069254,28.212,121.4,0.00569,0.42,0.29012172
1554778069316,28.274,121.3,0.00571,0.419,0.290209037
1554778069362,28.321,121.3,0.00571,0.419,0.290209037
1554778069409,28.367,121.3,0.00571,0.419,0.290209037
1554778069455,28.413,121.3,0.00571,0.419,0.290209037
1554778069516,28.474,121.4,0.00571,0.418,0.289755092
1554778069562,28.52,121.4,0.00571,0.418,0.289755092
1554778069608,28.566,121.4,0.00571,0.418,0.289755092
1554778069654,28.612,121.4,0.00571,0.418,0.289755092
1554778069717,28.675,121.4,0.00571,0.418,0.289755092
1554778069763,28.721,121.4,0.00571,0.418,0.289755092
1554778069809,28.767,121.4,0.00571,0.418,0.289755092
1554778069855,28.813,121.4,0.00571,0.418,0.289755092
1554778069916,28.874,121.4,0.0057,0.415,0.2871717
1554778069962,28.92,121.4,0.0057,0.415,0.2871717
1554778070008,28.966,121.4,0.0057,0.415,0.2871717
1554778070054,29.012,121.4,0.0057,0.415,0.2871717
1554778070117,29.075,121.4,0.00568,0.42,0.28961184
1554778070163,29.121,121.4,0.00568,0.42,0.28961184
1554778070209,29.167,121.4,0.00568,0.42,0.28961184
1554778070255,29.213,121.4,0.00568,0.42,0.28961184
1554778070316,29.274,121.4,0.0057,0.419,0.28993962
1554778070362,29.32,121.4,0.0057,0.419,0.28993962
1554778070408,29.366,121.4,0.0057,0.419,0.28993962
1554778070454,29.412,121.4,0.0057,0.419,0.28993962
1554778070516,29.474,121.4,0.00565,0.42,0.2880822
1554778070562,29.52,121.4,0.00565,0.42,0.2880822
1554778070608,29.566,121.4,0.00565,0.42,0.2880822
1554778070655,29.613,121.4,0.00565,0.42,0.2880822
1554778070716,29.674,121.4,0.00568,0.417,0.287543184
1554778070762,29.72,121.4,0.00568,0.417,0.287543184
1554778070808,29.766,121.4,0.00568,0.417,0.287543184
1554778070858,29.816,121.4,0.00568,0.417,0.287543184
1554778070917,29.875,121.4,0.00569,0.417,0.288049422
1554778070963,29.921,121.4,0.00569,0.417,0.288049422
1554778071009,29.967,121.4,0.00569,0.417,0.288049422
1554778071055,30.013,121.4,0.00569,0.417,0.288049422
1554778071117,30.075,121.4,0.00573,0.419,0.291465618
1554778071163,30.121,121.4,0.00573,0.419,0.291465618
1554778071209,30.167,121.4,0.00573,0.419,0.291465618
1554778071255,30.213,121.4,0.00573,0.419,0.291465618
1554778071317,30.275,121.4,0.00571,0.42,0.29114148
1554778071363,30.321,121.4,0.00571,0.42,0.29114148
1554778071409,30.367,121.4,0.00571,0.42,0.29114148
1554778071455,30.413,121.4,0.00571,0.42,0.29114148
1554778071517,30.475,121.4,0.00577,0.415,0.29069837
1554778071563,30.521,121.4,0.00577,0.415,0.29069837
1554778071609,30.567,121.4,0.00577,0.415,0.29069837
1554778071655,30.613,121.4,0.00577,0.415,0.29069837
1554778071716,30.674,121.4,0.00575,0.417,0.29108685
1554778071762,30.72,121.4,0.00575,0.417,0.29108685
1554778071808,30.766,121.4,0.00575,0.417,0.29108685
1554778071854,30.812,121.4,0.00575,0.417,0.29108685
1554778071916,30.874,121.4,0.0057,0.42,0.2906316
1554778071962,30.92,121.4,0.0057,0.42,0.2906316
1554778072009,30.967,121.4,0.0057,0.42,0.2906316
1554778072055,31.013,121.4,0.0057,0.42,0.2906316
1554778072116,31.074,121.4,0.00572,0.421,0.292345768
1554778072162,31.12,121.4,0.00572,0.421,0.292345768
1554778072208,31.166,121.4,0.00572,0.421,0.292345768
1554778072254,31.212,121.4,0.00572,0.421,0.292345768
1554778072316,31.274,121.4,0.00573,0.421,0.292856862
1554778072362,31.32,121.4,0.00573,0.421,0.292856862
1554778072409,31.367,121.4,0.00573,0.421,0.292856862
1554778072455,31.413,121.4,0.00573,0.421,0.292856862
1554778072516,31.474,121.4,0.00575,0.42,0.293181
1554778072562,31.52,121.4,0.00575,0.42,0.293181
1554778072608,31.566,121.4,0.00575,0.42,0.293181
1554778072655,31.613,121.4,0.00575,0.42,0.293181
1554778072716,31.674,121.4,0.0057,0.42,0.2906316
1554778072762,31.72,121.4,0.0057,0.42,0.2906316
1554778072808,31.766,121.4,0.0057,0.42,0.2906316
1554778072854,31.812,121.4,0.0057,0.42,0.2906316
1554778072917,31.875,121.4,0.00568,0.421,0.290301392
1554778072963,31.921,121.4,0.00568,0.421,0.290301392
1554778073009,31.967,121.4,0.00568,0.421,0.290301392
1554778073055,32.013,121.4,0.00568,0.421,0.290301392
1554778073116,32.074,121.4,0.00568,0.422,0.290990944
1554778073162,32.12,121.4,0.00568,0.422,0.290990944
1554778073208,32.166,121.4,0.00568,0.422,0.290990944
1554778073254,32.212,121.4,0.00568,0.422,0.290990944
1554778073316,32.274,121.4,0.00571,0.42,0.29114148
1554778073362,32.32,121.4,0.00571,0.42,0.29114148
1554778073408,32.366,121.4,0.00571,0.42,0.29114148
1554778073455,32.413,121.4,0.00571,0.42,0.29114148
1554778073516,32.474,121.4,0.00571,0.418,0.289755092
1554778073562,32.52,121.4,0.00571,0.418,0.289755092
1554778073608,32.566,121.4,0.00571,0.418,0.289755092
1554778073654,32.612,121.4,0.00571,0.418,0.289755092
1554778073716,32.674,121.4,0.00567,0.418,0.287725284
1554778073763,32.721,121.4,0.00567,0.418,0.287725284
1554778073809,32.767,121.4,0.00567,0.418,0.287725284
1554778073855,32.813,121.4,0.00567,0.418,0.287725284
1554778073916,32.874,121.4,0.00565,0.417,0.28602447
1554778073962,32.92,121.4,0.00565,0.417,0.28602447
1554778074008,32.966,121.4,0.00565,0.417,0.28602447
1554778074054,33.012,121.4,0.00565,0.417,0.28602447
1554778074117,33.075,121.4,0.00571,0.415,0.28767551
1554778074163,33.121,121.4,0.00571,0.415,0.28767551
1554778074209,33.167,121.4,0.00571,0.415,0.28767551
1554778074255,33.213,121.4,0.00571,0.415,0.28767551
1554778074316,33.274,121.4,0.0057,0.416,0.28786368
1554778074362,33.32,121.4,0.0057,0.416,0.28786368
1554778074408,33.366,121.4,0.0057,0.416,0.28786368
1554778074454,33.412,121.4,0.0057,0.416,0.28786368
1554778074515,33.473,121.4,0.00564,0.423,0.289626408
1554778074561,33.519,121.4,0.00564,0.423,0.289626408
1554778074607,33.565,121.4,0.00564,0.423,0.289626408
1554778074654,33.612,121.4,0.00564,0.423,0.289626408
1554778074716,33.674,121.4,0.00566,0.421,0.289279204
1554778074762,33.72,121.4,0.00566,0.421,0.289279204
1554778074808,33.766,121.4,0.00566,0.421,0.289279204
1554778074854,33.812,121.4,0.00566,0.421,0.289279204
1554778074916,33.874,121.4,0.00568,0.42,0.28961184
1554778074963,33.921,121.4,0.00568,0.42,0.28961184
1554778075009,33.967,121.4,0.00568,0.42,0.28961184
1554778075055,34.013,121.4,0.00568,0.42,0.28961184
1554778075116,34.074,121.4,0.00569,0.418,0.288740188
1554778075162,34.12,121.4,0.00569,0.418,0.288740188
1554778075208,34.166,121.4,0.00569,0.418,0.288740188
1554778075254,34.212,121.4,0.00569,0.418,0.288740188
1554778075316,34.274,121.4,0.00574,0.42,0.29267112
1554778075361,34.319,121.4,0.00574,0.42,0.29267112
1554778075408,34.366,121.4,0.00574,0.42,0.29267112
1554778075453,34.411,121.4,0.00574,0.42,0.29267112
1554778075516,34.474,121.4,0.00576,0.42,0.29369088
1554778075562,34.52,121.4,0.00576,0.42,0.29369088
1554778075608,34.566,121.4,0.00576,0.42,0.29369088
1554778075654,34.612,121.4,0.00576,0.42,0.29369088
1554778075716,34.674,121.4,0.00576,0.415,0.29019456
1554778075763,34.721,121.4,0.00576,0.415,0.29019456
1554778075809,34.767,121.4,0.00576,0.415,0.29019456
1554778075855,34.813,121.4,0.00576,0.415,0.29019456
1554778075916,34.874,121.4,0.0058,0.414,0.29150568
1554778075962,34.92,121.4,0.0058,0.414,0.29150568
1554778076008,34.966,121.4,0.0058,0.414,0.29150568
1554778076054,35.012,121.4,0.0058,0.414,0.29150568
1554778076115,35.073,121.4,0.00576,0.418,0.292292352
1554778076161,35.119,121.4,0.00576,0.418,0.292292352
1554778076207,35.165,121.4,0.00576,0.418,0.292292352
1554778076253,35.212,121.4,0.00576,0.418,0.292292352
1554778076316,35.274,121.4,0.00577,0.417,0.292099326
1554778076362,35.32,121.4,0.00577,0.417,0.292099326
1554778076408,35.366,121.4,0.00577,0.417,0.292099326
1554778076454,35.412,121.4,0.00577,0.417,0.292099326
1554778076515,35.473,121.4,0.00575,0.416,0.2903888
1554778076561,35.519,121.4,0.00575,0.416,0.2903888
1554778076607,35.565,121.4,0.00575,0.416,0.2903888
1554778076653,35.612,121.4,0.00575,0.416,0.2903888
1554778076716,35.674,121.4,0.0058,0.415,0.2922098
1554778076762,35.72,121.4,0.0058,0.415,0.2922098
1554778076808,35.766,121.4,0.0058,0.415,0.2922098
1554778076854,35.812,121.4,0.0058,0.415,0.2922098
1554778076915,35.873,121.4,0.00575,0.415,0.28969075
1554778076962,35.92,121.4,0.00575,0.415,0.28969075
1554778077008,35.966,121.4,0.00575,0.415,0.28969075
1554778077054,36.012,121.4,0.00575,0.415,0.28969075
1554778077116,36.074,121.4,0.0057,0.418,0.28924764
1554778077162,36.12,121.4,0.0057,0.418,0.28924764
1554778077208,36.167,121.4,0.0057,0.418,0.28924764
1554778077255,36.213,121.4,0.0057,0.418,0.28924764
1554778077316,36.274,121.4,0.00571,0.415,0.28767551
1554778077362,36.32,121.4,0.00571,0.415,0.28767551
1554778077408,36.366,121.4,0.00571,0.415,0.28767551
1554778077454,36.412,121.4,0.00571,0.415,0.28767551
1554778077515,36.473,121.4,0.00569,0.417,0.288049422
1554778077561,36.52,121.4,0.00569,0.417,0.288049422
1554778077608,36.566,121.4,0.00569,0.417,0.288049422
1554778077654,36.612,121.4,0.00569,0.417,0.288049422
1554778077715,36.673,121.4,0.00567,0.419,0.288413622
1554778077761,36.719,121.4,0.00567,0.419,0.288413622
1554778077807,36.765,121.4,0.00567,0.419,0.288413622
1554778077853,36.811,121.4,0.00567,0.419,0.288413622
1554778077915,36.873,121.4,0.00567,0.42,0.28910196
1554778077961,36.92,121.4,0.00567,0.42,0.28910196
1554778078008,36.966,121.4,0.00567,0.42,0.28910196
1554778078054,37.012,121.4,0.00567,0.42,0.28910196
1554778078116,37.074,121.4,0.00562,0.42,0.28655256
1554778078162,37.12,121.4,0.00562,0.42,0.28655256
1554778078208,37.166,121.4,0.00562,0.42,0.28655256
1554778078255,37.213,121.4,0.00562,0.42,0.28655256
1554778078316,37.274,121.4,0.00566,0.421,0.289279204
1554778078362,37.32,121.4,0.00566,0.421,0.289279204
1554778078408,37.366,121.4,0.00566,0.421,0.289279204
1554778078454,37.412,121.4,0.00566,0.421,0.289279204
1554778078515,37.473,121.4,0.00568,0.419,0.288922288
1554778078561,37.519,121.4,0.00568,0.419,0.288922288
1554778078607,37.565,121.4,0.00568,0.419,0.288922288
1554778078653,37.611,121.4,0.00568,0.419,0.288922288
1554778078716,37.674,121.4,0.0057,0.419,0.28993962
1554778078762,37.72,121.4,0.0057,0.419,0.28993962
1554778078808,37.766,121.4,0.0057,0.419,0.28993962
1554778078854,37.812,121.4,0.0057,0.419,0.28993962
1554778078915,37.873,121.4,0.0057,0.418,0.28924764
1554778078961,37.919,121.4,0.0057,0.418,0.28924764
1554778079007,37.965,121.4,0.0057,0.418,0.28924764
1554778079053,38.011,121.4,0.0057,0.418,0.28924764
1554778079116,38.074,121.4,0.00569,0.418,0.288740188
1554778079162,38.12,121.4,0.00569,0.418,0.288740188
1554778079208,38.166,121.4,0.00569,0.418,0.288740188
1554778079254,38.212,121.4,0.00569,0.418,0.288740188
1554778079315,38.273,121.4,0.00572,0.42,0.29165136
1554778079361,38.319,121.4,0.00572,0.42,0.29165136
1554778079407,38.365,121.4,0.00572,0.42,0.29165136
1554778079453,38.411,121.4,0.00572,0.42,0.29165136
1554778079515,38.474,121.4,0.00574,0.417,0.290580612
1554778079562,38.52,121.4,0.00574,0.417,0.290580612
1554778079608,38.566,121.4,0.00574,0.417,0.290580612
1554778079654,38.612,121.4,0.00574,0.417,0.290580612
1554778079715,38.673,121.4,0.0058,0.415,0.2922098
1554778079761,38.719,121.4,0.0058,0.415,0.2922098
1554778079807,38.765,121.4,0.0058,0.415,0.2922098
1554778079853,38.811,121.4,0.0058,0.415,0.2922098
1554778079916,38.874,121.4,0.00576,0.417,0.291593088
1554778079962,38.92,121.4,0.00576,0.417,0.291593088
1554778080008,38.966,121.4,0.00576,0.417,0.291593088
1554778080054,39.012,121.4,0.00576,0.417,0.291593088
1554778080115,39.073,121.4,0.00573,0.421,0.292856862
1554778080161,39.119,121.4,0.00573,0.421,0.292856862
1554778080207,39.165,121.4,0.00573,0.421,0.292856862
1554778080253,39.211,121.4,0.00573,0.421,0.292856862
1554778080315,39.274,121.4,0.00576,0.42,0.29369088
1554778080362,39.32,121.4,0.00576,0.42,0.29369088
1554778080408,39.366,121.4,0.00576,0.42,0.29369088
1554778080454,39.412,121.4,0.00576,0.42,0.29369088
1554778080515,39.473,121.4,0.00572,0.42,0.29165136
1554778080561,39.519,121.4,0.00572,0.42,0.29165136
1554778080607,39.565,121.4,0.00572,0.42,0.29165136
1554778080653,39.611,121.4,0.00572,0.42,0.29165136
1554778080715,39.673,121.4,0.00572,0.418,0.290262544
1554778080761,39.719,121.4,0.00572,0.418,0.290262544
1554778080808,39.766,121.4,0.00572,0.418,0.290262544
1554778080854,39.812,121.4,0.00572,0.418,0.290262544
1554778080915,39.873,121.4,0.00574,0.418,0.291277448
1554778080961,39.919,121.4,0.00574,0.418,0.291277448
1554778081007,39.965,121.4,0.00574,0.418,0.291277448
1554778081053,40.011,121.4,0.00574,0.418,0.291277448
1554778081115,40.073,121.4,0.00569,0.416,0.287358656
1554778081162,40.12,121.4,0.00569,0.416,0.287358656
1554778081208,40.166,121.4,0.00569,0.416,0.287358656
1554778081254,40.212,121.4,0.00569,0.416,0.287358656
1554778081315,40.273,121.4,0.00573,0.417,0.290074374
1554778081361,40.319,121.4,0.00573,0.417,0.290074374
1554778081407,40.365,121.4,0.00573,0.417,0.290074374
1554778081453,40.411,121.4,0.00573,0.417,0.290074374
1554778081515,40.473,121.4,0.00572,0.418,0.290262544
1554778081561,40.519,121.4,0.00572,0.418,0.290262544
1554778081607,40.565,121.4,0.00572,0.418,0.290262544
1554778081653,40.611,121.4,0.00572,0.418,0.290262544
1554778081716,40.674,121.4,0.00573,0.416,0.289378752
1554778081762,40.72,121.4,0.00573,0.416,0.289378752
1554778081808,40.766,121.4,0.00573,0.416,0.289378752
1554778081854,40.812,121.4,0.00573,0.416,0.289378752
1554778081915,40.873,121.4,0.00571,0.418,0.289755092
1554778081962,40.92,121.4,0.00571,0.418,0.289755092
1554778082008,40.966,121.4,0.00571,0.418,0.289755092
1554778082054,41.012,121.4,0.00571,0.418,0.289755092
1554778082115,41.073,121.4,0.00569,0.416,0.287358656
1554778082161,41.119,121.4,0.00569,0.416,0.287358656
1554778082207,41.165,121.4,0.00569,0.416,0.287358656
1554778082254,41.212,121.4,0.00569,0.416,0.287358656
1554778082315,41.273,121.4,0.0057,0.416,0.28786368
1554778082361,41.319,121.4,0.0057,0.416,0.28786368
1554778082407,41.365,121.4,0.0057,0.416,0.28786368
1554778082453,41.411,121.4,0.0057,0.416,0.28786368
1554778082515,41.473,121.4,0.00575,0.415,0.28969075
1554778082561,41.519,121.4,0.00575,0.415,0.28969075
1554778082607,41.565,121.4,0.00575,0.415,0.28969075
1554778082653,41.611,121.4,0.00575,0.415,0.28969075
1554778082715,41.673,121.4,0.00575,0.415,0.28969075
1554778082762,41.72,121.4,0.00575,0.415,0.28969075
1554778082808,41.766,121.4,0.00575,0.415,0.28969075
1554778082854,41.812,121.4,0.00575,0.415,0.28969075
1554778082915,41.873,121.5,0.00575,0.414,0.28923075
1554778082961,41.919,121.5,0.00575,0.414,0.28923075
1554778083007,41.965,121.5,0.00575,0.414,0.28923075
1554778083053,42.011,121.5,0.00575,0.414,0.28923075
1554778083116,42.074,121.4,0.00574,0.415,0.28918694
1554778083162,42.12,121.4,0.00574,0.415,0.28918694
1554778083208,42.166,121.4,0.00574,0.415,0.28918694
1554778083254,42.212,121.4,0.00574,0.415,0.28918694
1554778083315,42.273,121.4,0.00572,0.418,0.290262544
1554778083361,42.319,121.4,0.00572,0.418,0.290262544
1554778083407,42.365,121.4,0.00572,0.418,0.290262544
1554778083453,42.411,121.4,0.00572,0.418,0.290262544
1554778083514,42.472,121.4,0.00576,0.419,0.292991616
1554778083560,42.518,121.4,0.00576,0.419,0.292991616
1554778083606,42.564,121.4,0.00576,0.419,0.292991616
1554778083653,42.611,121.4,0.00576,0.419,0.292991616
1554778083715,42.673,121.4,0.00577,0.416,0.291398848
1554778083761,42.719,121.4,0.00577,0.416,0.291398848
1554778083808,42.766,121.4,0.00577,0.416,0.291398848
1554778083854,42.812,121.4,0.00577,0.416,0.291398848
1554778083915,42.873,121.4,0.00578,0.417,0.292605564
1554778083961,42.919,121.4,0.00578,0.417,0.292605564
1554778084007,42.965,121.4,0.00578,0.417,0.292605564
1554778084053,43.011,121.4,0.00578,0.417,0.292605564
1554778084115,43.073,121.4,0.00578,0.416,0.291903872
1554778084162,43.12,121.4,0.00578,0.416,0.291903872
1554778084208,43.166,121.4,0.00578,0.416,0.291903872
1554778084254,43.212,121.4,0.00578,0.416,0.291903872
1554778084315,43.273,121.4,0.00578,0.416,0.291903872
1554778084362,43.32,121.4,0.00578,0.416,0.291903872
1554778084408,43.366,121.4,0.00578,0.416,0.291903872
1554778084454,43.412,121.4,0.00578,0.416,0.291903872
1554778084515,43.473,121.4,0.00579,0.417,0.293111802
1554778084561,43.519,121.4,0.00579,0.417,0.293111802
1554778084607,43.565,121.4,0.00579,0.417,0.293111802
1554778084653,43.611,121.4,0.00579,0.417,0.293111802
1554778084714,43.672,121.4,0.00577,0.417,0.292099326
1554778084760,43.718,121.4,0.00577,0.417,0.292099326
1554778084806,43.764,121.4,0.00577,0.417,0.292099326
1554778084853,43.811,121.4,0.00577,0.417,0.292099326
1554778084915,43.873,121.4,0.00572,0.419,0.290956952
1554778084961,43.919,121.4,0.00572,0.419,0.290956952
1554778085007,43.965,121.4,0.00572,0.419,0.290956952
1554778085053,44.011,121.4,0.00572,0.419,0.290956952
1554778085114,44.072,121.4,0.00572,0.416,0.288873728
1554778085160,44.118,121.4,0.00572,0.416,0.288873728
1554778085207,44.165,121.4,0.00572,0.416,0.288873728
1554778085253,44.211,121.4,0.00572,0.416,0.288873728
1554778085315,44.273,121.3,0.00574,0.412,0.286859944
1554778085361,44.319,121.3,0.00574,0.412,0.286859944
1554778085408,44.366,121.3,0.00574,0.412,0.286859944
1554778085454,44.412,121.3,0.00574,0.412,0.286859944
1554778085515,44.473,121.3,0.00576,0.413,0.288558144
1554778085561,44.519,121.3,0.00576,0.413,0.288558144
1554778085607,44.565,121.3,0.00576,0.413,0.288558144
1554778085654,44.612,121.3,0.00576,0.413,0.288558144
1554778085715,44.673,121.3,0.00572,0.418,0.290023448
1554778085761,44.719,121.3,0.00572,0.418,0.290023448
1554778085807,44.765,121.3,0.00572,0.418,0.290023448
1554778085853,44.811,121.3,0.00572,0.418,0.290023448
1554778085914,44.872,121.4,0.00568,0.417,0.287543184
1554778085960,44.918,121.4,0.00568,0.417,0.287543184
1554778086007,44.965,121.4,0.00568,0.417,0.287543184
1554778086053,45.011,121.4,0.00568,0.417,0.287543184
1554778086115,45.073,121.4,0.00565,0.419,0.28739629
1554778086161,45.119,121.4,0.00565,0.419,0.28739629
1554778086207,45.165,121.4,0.00565,0.419,0.28739629
1554778086253,45.211,121.4,0.00565,0.419,0.28739629
1554778086314,45.272,121.3,0.00571,0.417,0.288823791
1554778086361,45.319,121.3,0.00571,0.417,0.288823791
1554778086407,45.365,121.3,0.00571,0.417,0.288823791
1554778086453,45.411,121.3,0.00571,0.417,0.288823791
1554778086515,45.473,121.4,0.00569,0.42,0.29012172
1554778086561,45.519,121.4,0.00569,0.42,0.29012172
1554778086607,45.565,121.4,0.00569,0.42,0.29012172
1554778086653,45.611,121.4,0.00569,0.42,0.29012172
1554778086714,45.672,121.4,0.00569,0.418,0.288740188
1554778086760,45.718,121.4,0.00569,0.418,0.288740188
1554778086806,45.764,121.4,0.00569,0.418,0.288740188
1554778086852,45.81,121.4,0.00569,0.418,0.288740188
1554778086915,45.873,121.4,0.00572,0.418,0.290262544
1554778086961,45.919,121.4,0.00572,0.418,0.290262544
1554778087007,45.965,121.4,0.00572,0.418,0.290262544
1554778087053,46.011,121.4,0.00572,0.418,0.290262544
1554778087114,46.072,121.4,0.00572,0.42,0.29165136
1554778087160,46.118,121.4,0.00572,0.42,0.29165136
1554778087207,46.165,121.4,0.00572,0.42,0.29165136
1554778087253,46.211,121.4,0.00572,0.42,0.29165136
1554778087315,46.273,121.4,0.00573,0.417,0.290074374
1554778087361,46.319,121.4,0.00573,0.417,0.290074374
1554778087407,46.365,121.4,0.00573,0.417,0.290074374
1554778087453,46.412,121.4,0.00573,0.417,0.290074374
1554778087514,46.472,121.4,0.00577,0.417,0.292099326
1554778087561,46.519,121.4,0.00577,0.417,0.292099326
1554778087607,46.565,121.4,0.00577,0.417,0.292099326
1554778087653,46.611,121.4,0.00577,0.417,0.292099326
1554778087714,46.672,121.4,0.00578,0.417,0.292605564
1554778087760,46.718,121.4,0.00578,0.417,0.292605564
1554778087806,46.764,121.4,0.00578,0.417,0.292605564
1554778087852,46.81,121.4,0.00578,0.417,0.292605564
1554778087914,46.872,121.5,0.00577,0.415,0.290937825
1554778087961,46.919,121.5,0.00577,0.415,0.290937825
1554778088007,46.965,121.5,0.00577,0.415,0.290937825
1554778088053,47.011,121.5,0.00577,0.415,0.290937825
1554778088114,47.072,121.4,0.00575,0.417,0.29108685
1554778088160,47.118,121.4,0.00575,0.417,0.29108685
1554778088206,47.164,121.4,0.00575,0.417,0.29108685
1554778088252,47.21,121.4,0.00575,0.417,0.29108685
1554778088315,47.273,121.4,0.00576,0.415,0.29019456
1554778088361,47.319,121.4,0.00576,0.415,0.29019456
1554778088407,47.365,121.4,0.00576,0.415,0.29019456
1554778088453,47.411,121.4,0.00576,0.415,0.29019456
1554778088514,47.472,121.4,0.00575,0.419,0.29248295
1554778088560,47.518,121.4,0.00575,0.419,0.29248295
1554778088606,47.564,121.4,0.00575,0.419,0.29248295
1554778088652,47.61,121.4,0.00575,0.419,0.29248295
1554778088715,47.673,121.4,0.00573,0.419,0.291465618
1554778088761,47.719,121.4,0.00573,0.419,0.291465618
1554778088807,47.765,121.4,0.00573,0.419,0.291465618
1554778088853,47.811,121.4,0.00573,0.419,0.291465618
1554778088914,47.872,121.4,0.00571,0.418,0.289755092
1554778088960,47.918,121.4,0.00571,0.418,0.289755092
1554778089006,47.964,121.4,0.00571,0.418,0.289755092
1554778089052,48.01,121.4,0.00571,0.418,0.289755092
1554778089115,48.073,121.4,0.00572,0.419,0.290956952
1554778089161,48.119,121.4,0.00572,0.419,0.290956952
1554778089207,48.165,121.4,0.00572,0.419,0.290956952
1554778089253,48.211,121.4,0.00572,0.419,0.290956952
1554778089314,48.272,121.4,0.00567,0.418,0.287725284
1554778089360,48.318,121.4,0.00567,0.418,0.287725284
1554778089406,48.364,121.4,0.00567,0.418,0.287725284
1554778089452,48.41,121.4,0.00567,0.418,0.287725284
1554778089515,48.473,121.4,0.00569,0.418,0.288740188
1554778089561,48.519,121.4,0.00569,0.418,0.288740188
1554778089607,48.565,121.4,0.00569,0.418,0.288740188
1554778089653,48.611,121.4,0.00569,0.418,0.288740188
1554778089714,48.672,121.4,0.00572,0.417,0.289568136
1554778089760,48.718,121.4,0.00572,0.417,0.289568136
1554778089806,48.764,121.4,0.00572,0.417,0.289568136
1554778089852,48.81,121.4,0.00572,0.417,0.289568136
1554778089915,48.873,121.4,0.00568,0.418,0.288232736
1554778089961,48.919,121.4,0.00568,0.418,0.288232736
1554778090007,48.965,121.4,0.00568,0.418,0.288232736
1554778090053,49.011,121.4,0.00568,0.418,0.288232736
1554778090114,49.072,121.4,0.00565,0.419,0.28739629
1554778090160,49.118,121.4,0.00565,0.419,0.28739629
1554778090206,49.164,121.4,0.00565,0.419,0.28739629
1554778090252,49.21,121.4,0.00565,0.419,0.28739629
1554778090314,49.272,121.3,0.00566,0.419,0.287667802
1554778090361,49.319,121.3,0.00566,0.419,0.287667802
1554778090407,49.365,121.3,0.00566,0.419,0.287667802
1554778090453,49.411,121.3,0.00566,0.419,0.287667802
1554778090514,49.472,121.4,0.00571,0.418,0.289755092
1554778090560,49.518,121.4,0.00571,0.418,0.289755092
1554778090606,49.564,121.4,0.00571,0.418,0.289755092
1554778090652,49.611,121.4,0.00571,0.418,0.289755092
1554778090714,49.672,121.4,0.00571,0.419,0.290448286
1554778090760,49.718,121.4,0.00571,0.419,0.290448286
1554778090805,49.764,121.4,0.00571,0.419,0.290448286
1554778090852,49.81,121.4,0.00571,0.419,0.290448286
1554778090914,49.872,121.4,0.00574,0.418,0.291277448
1554778090960,49.918,121.4,0.00574,0.418,0.291277448
1554778091006,49.964,121.4,0.00574,0.418,0.291277448
1554778091052,50.01,121.4,0.00574,0.418,0.291277448
1554778091115,50.073,121.4,0.00575,0.416,0.2903888
1554778091161,50.119,121.4,0.00575,0.416,0.2903888
1554778091207,50.165,121.4,0.00575,0.416,0.2903888
1554778091253,50.211,121.4,0.00575,0.416,0.2903888
1554778091314,50.272,121.4,0.00573,0.417,0.290074374
1554778091360,50.318,121.4,0.00573,0.417,0.290074374
1554778091406,50.364,121.4,0.00573,0.417,0.290074374
1554778091452,50.411,121.4,0.00573,0.417,0.290074374
1554778091514,50.472,121.4,0.00574,0.416,0.289883776
1554778091559,50.517,121.4,0.00574,0.416,0.289883776
1554778091606,50.564,121.4,0.00574,0.416,0.289883776
1554778091652,50.61,121.4,0.00574,0.416,0.289883776
1554778091714,50.672,121.4,0.00579,0.417,0.293111802
1554778091760,50.719,121.4,0.00579,0.417,0.293111802
1554778091807,50.765,121.4,0.00579,0.417,0.293111802
1554778091853,50.811,121.4,0.00579,0.417,0.293111802
1554778091914,50.872,121.4,0.00576,0.42,0.29369088
1554778091960,50.918,121.4,0.00576,0.42,0.29369088
1554778092006,50.964,121.4,0.00576,0.42,0.29369088
1554778092052,51.01,121.4,0.00576,0.42,0.29369088
1554778092114,51.073,121.4,0.00576,0.416,0.290893824
1554778092161,51.119,121.4,0.00576,0.416,0.290893824
1554778092207,51.165,121.4,0.00576,0.416,0.290893824
1554778092253,51.211,121.4,0.00576,0.416,0.290893824
1554778092314,51.272,121.4,0.00579,0.414,0.291003084
1554778092360,51.318,121.4,0.00579,0.414,0.291003084
1554778092406,51.365,121.4,0.00579,0.414,0.291003084
1554778092453,51.411,121.4,0.00579,0.414,0.291003084
1554778092514,51.472,121.4,0.00577,0.416,0.291398848
1554778092559,51.517,121.4,0.00577,0.416,0.291398848
1554778092606,51.564,121.4,0.00577,0.416,0.291398848
1554778092652,51.61,121.4,0.00577,0.416,0.291398848
1554778092714,51.672,121.4,0.0058,0.417,0.29361804
1554778092760,51.718,121.4,0.0058,0.417,0.29361804
1554778092806,51.765,121.4,0.0058,0.417,0.29361804
1554778092853,51.811,121.4,0.0058,0.417,0.29361804
1554778092914,51.872,121.4,0.00575,0.418,0.2917849
1554778092960,51.918,121.4,0.00575,0.418,0.2917849
1554778093006,51.964,121.4,0.00575,0.418,0.2917849
1554778093052,52.01,121.4,0.00575,0.418,0.2917849
1554778093114,52.072,121.4,0.00572,0.415,0.28817932
1554778093160,52.118,121.4,0.00572,0.415,0.28817932
1554778093206,52.164,121.4,0.00572,0.415,0.28817932
1554778093253,52.211,121.4,0.00572,0.415,0.28817932
1554778093314,52.272,121.4,0.00578,0.413,0.289798796
1554778093360,52.318,121.4,0.00578,0.413,0.289798796
1554778093406,52.364,121.4,0.00578,0.413,0.289798796
1554778093452,52.41,121.4,0.00578,0.413,0.289798796
1554778093514,52.472,121.4,0.00577,0.413,0.289297414
1554778093562,52.52,121.4,0.00577,0.413,0.289297414
1554778093608,52.566,121.4,0.00577,0.413,0.289297414
1554778093654,52.612,121.4,0.00577,0.413,0.289297414
1554778093713,52.672,121.4,0.00572,0.416,0.288873728
1554778093759,52.717,121.4,0.00572,0.416,0.288873728
1554778093805,52.763,121.4,0.00572,0.416,0.288873728
1554778093852,52.81,121.4,0.00572,0.416,0.288873728
1554778093914,52.872,121.4,0.00569,0.416,0.287358656
1554778093960,52.918,121.4,0.00569,0.416,0.287358656
1554778094006,52.964,121.4,0.00569,0.416,0.287358656
1554778094052,53.01,121.4,0.00569,0.416,0.287358656
1554778094113,53.071,121.4,0.0057,0.414,0.28647972
1554778094159,53.117,121.4,0.0057,0.414,0.28647972
1554778094205,53.163,121.4,0.0057,0.414,0.28647972
1554778094251,53.209,121.4,0.0057,0.414,0.28647972
1554778094314,53.272,121.4,0.00571,0.415,0.28767551
1554778094360,53.318,121.4,0.00571,0.415,0.28767551
1554778094406,53.364,121.4,0.00571,0.415,0.28767551
1554778094452,53.41,121.4,0.00571,0.415,0.28767551
1554778094514,53.472,121.4,0.00574,0.413,0.287793268
1554778094560,53.518,121.4,0.00574,0.413,0.287793268
1554778094606,53.564,121.4,0.00574,0.413,0.287793268
1554778094652,53.61,121.4,0.00574,0.413,0.287793268
1554778094713,53.671,121.4,0.00576,0.417,0.291593088
1554778094759,53.717,121.4,0.00576,0.417,0.291593088
1554778094805,53.763,121.4,0.00576,0.417,0.291593088
1554778094852,53.81,121.4,0.00576,0.417,0.291593088
1554778094914,53.872,121.4,0.00657,0.424,0.338181552
1554778094960,53.918,121.4,0.00657,0.424,0.338181552
1554778095006,53.964,121.4,0.00657,0.424,0.338181552
1554778095052,54.01,121.4,0.00657,0.424,0.338181552
1554778095113,54.071,121.4,0.00671,0.423,0.344573262
1554778095159,54.117,121.4,0.00671,0.423,0.344573262
1554778095205,54.163,121.4,0.00671,0.423,0.344573262
1554778095251,54.209,121.4,0.00671,0.423,0.344573262
1554778095314,54.272,121.4,0.00671,0.425,0.34620245
1554778095360,54.318,121.4,0.00671,0.425,0.34620245
1554778095406,54.364,121.4,0.00671,0.425,0.34620245
1554778095453,54.411,121.4,0.00671,0.425,0.34620245
1554778095514,54.472,121.4,0.00673,0.426,0.348051372
1554778095560,54.518,121.4,0.00673,0.426,0.348051372
1554778095606,54.564,121.4,0.00673,0.426,0.348051372
1554778095652,54.61,121.4,0.00673,0.426,0.348051372
1554778095713,54.671,121.4,0.00677,0.425,0.34929815
1554778095760,54.718,121.4,0.00677,0.425,0.34929815
1554778095806,54.764,121.4,0.00677,0.425,0.34929815
1554778095852,54.81,121.4,0.00677,0.425,0.34929815
1554778095914,54.872,121.4,0.00679,0.424,0.349505744
1554778095960,54.918,121.4,0.00679,0.424,0.349505744
1554778096006,54.964,121.4,0.00679,0.424,0.349505744
1554778096052,55.01,121.4,0.00679,0.424,0.349505744
1554778096113,55.071,121.4,0.00678,0.424,0.348991008
1554778096159,55.117,121.4,0.00678,0.424,0.348991008
1554778096205,55.163,121.4,0.00678,0.424,0.348991008
1554778096251,55.209,121.4,0.00678,0.424,0.348991008
1554778096314,55.272,121.4,0.00674,0.426,0.348568536
1554778096360,55.318,121.4,0.00674,0.426,0.348568536
1554778096406,55.364,121.4,0.00674,0.426,0.348568536
1554778096452,55.41,121.4,0.00674,0.426,0.348568536
1554778096513,55.471,121.4,0.00673,0.425,0.34723435
1554778096559,55.517,121.4,0.00673,0.425,0.34723435
1554778096605,55.563,121.4,0.00673,0.425,0.34723435
1554778096651,55.609,121.4,0.00673,0.425,0.34723435
1554778096713,55.671,121.4,0.00677,0.424,0.348476272
1554778096760,55.718,121.4,0.00677,0.424,0.348476272
1554778096806,55.764,121.4,0.00677,0.424,0.348476272
1554778096852,55.81,121.4,0.00677,0.424,0.348476272
1554778096913,55.871,121.4,0.00671,0.424,0.345387856
1554778096959,55.917,121.4,0.00671,0.424,0.345387856
1554778097005,55.963,121.4,0.00671,0.424,0.345387856
1554778097051,56.009,121.4,0.00671,0.424,0.345387856
1554778097114,56.072,121.4,0.00672,0.424,0.345902592
1554778097160,56.118,121.4,0.00672,0.424,0.345902592
1554778097206,56.164,121.4,0.00672,0.424,0.345902592
1554778097252,56.21,121.4,0.00672,0.424,0.345902592
1554778097313,56.271,121.4,0.00665,0.428,0.34552868
1554778097359,56.317,121.4,0.00665,0.428,0.34552868
1554778097405,56.363,121.4,0.00665,0.428,0.34552868
1554778097451,56.409,121.4,0.00665,0.428,0.34552868
1554778097514,56.472,121.4,0.00669,0.425,0.34517055
1554778097561,56.519,121.4,0.00669,0.425,0.34517055
1554778097607,56.565,121.4,0.00669,0.425,0.34517055
1554778097653,56.611,121.4,0.00669,0.425,0.34517055
1554778097713,56.671,121.4,0.00669,0.425,0.34517055
1554778097759,56.717,121.4,0.00669,0.425,0.34517055
1554778097805,56.763,121.4,0.00669,0.425,0.34517055
1554778097851,56.809,121.4,0.00669,0.425,0.34517055
1554778097913,56.871,121.4,0.0067,0.424,0.34487312
1554778097959,56.917,121.4,0.0067,0.424,0.34487312
1554778098005,56.963,121.4,0.0067,0.424,0.34487312
1554778098051,57.009,121.4,0.0067,0.424,0.34487312
1554778098114,57.072,121.4,0.00669,0.423,0.343546218
1554778098160,57.118,121.4,0.00669,0.423,0.343546218
1554778098206,57.164,121.4,0.00669,0.423,0.343546218
1554778098252,57.21,121.4,0.00669,0.423,0.343546218
1554778098313,57.271,121.4,0.00668,0.424,0.343843648
1554778098359,57.317,121.4,0.00668,0.424,0.343843648
1554778098405,57.363,121.4,0.00668,0.424,0.343843648
1554778098451,57.409,121.4,0.00668,0.424,0.343843648
1554778098513,57.471,121.4,0.00667,0.425,0.34413865
1554778098560,57.519,121.4,0.00667,0.425,0.34413865
1554778098607,57.565,121.4,0.00667,0.425,0.34413865
1554778098653,57.611,121.4,0.00667,0.425,0.34413865
1554778098713,57.671,121.4,0.0067,0.426,0.34649988
1554778098759,57.717,121.4,0.0067,0.426,0.34649988
1554778098805,57.763,121.4,0.0067,0.426,0.34649988
1554778098851,57.809,121.4,0.0067,0.426,0.34649988
1554778098913,57.871,121.4,0.00673,0.425,0.34723435
1554778098959,57.917,121.4,0.00673,0.425,0.34723435
1554778099006,57.964,121.4,0.00673,0.425,0.34723435
1554778099052,58.01,121.4,0.00673,0.425,0.34723435
1554778099113,58.071,121.4,0.0067,0.425,0.3456865
1554778099159,58.117,121.4,0.0067,0.425,0.3456865
1554778099205,58.163,121.4,0.0067,0.425,0.3456865
1554778099251,58.209,121.4,0.0067,0.425,0.3456865
1554778099313,58.271,121.4,0.00672,0.426,0.347534208
1554778099359,58.317,121.4,0.00672,0.426,0.347534208
1554778099406,58.364,121.4,0.00672,0.426,0.347534208
1554778099452,58.41,121.4,0.00672,0.426,0.347534208
1554778099513,58.471,121.4,0.00671,0.427,0.347831638
1554778099559,58.517,121.4,0.00671,0.427,0.347831638
1554778099605,58.563,121.4,0.00671,0.427,0.347831638
1554778099651,58.609,121.4,0.00671,0.427,0.347831638
1554778099713,58.671,121.4,0.00673,0.427,0.348868394
1554778099759,58.717,121.4,0.00673,0.427,0.348868394
1554778099805,58.763,121.4,0.00673,0.427,0.348868394
1554778099852,58.81,121.4,0.00673,0.427,0.348868394
1554778099913,58.871,121.4,0.00674,0.428,0.350205008
1554778099958,58.917,121.4,0.00674,0.428,0.350205008
1554778100005,58.963,121.4,0.00674,0.428,0.350205008
1554778100051,59.009,121.4,0.00674,0.428,0.350205008
1554778100113,59.071,121.4,0.00674,0.426,0.348568536
1554778100159,59.117,121.4,0.00674,0.426,0.348568536
1554778100205,59.163,121.4,0.00674,0.426,0.348568536
1554778100251,59.209,121.4,0.00674,0.426,0.348568536
1554778100313,59.271,121.4,0.00677,0.425,0.34929815
1554778100360,59.318,121.4,0.00677,0.425,0.34929815
1554778100405,59.363,121.4,0.00677,0.425,0.34929815
1554778100451,59.41,121.4,0.00677,0.425,0.34929815
1554778100513,59.471,121.4,0.00674,0.426,0.348568536
1554778100558,59.516,121.4,0.00674,0.426,0.348568536
1554778100604,59.563,121.4,0.00674,0.426,0.348568536
1554778100651,59.609,121.4,0.00674,0.426,0.348568536
1554778100713,59.671,121.4,0.00673,0.429,0.350502438
1554778100760,59.718,121.4,0.00673,0.429,0.350502438
1554778100807,59.765,121.4,0.00673,0.429,0.350502438
1554778100853,59.811,121.4,0.00673,0.429,0.350502438
1554778100913,59.871,121.4,0.00667,0.429,0.347377602
1554778100958,59.916,121.4,0.00667,0.429,0.347377602
1554778101005,59.963,121.4,0.00667,0.429,0.347377602
1554778101051,60.009,121.4,0.00667,0.429,0.347377602
1554778101113,60.071,121.4,0.00667,0.429,0.347377602
1554778101159,60.117,121.4,0.00667,0.429,0.347377602
1554778101205,60.163,121.4,0.00667,0.429,0.347377602
1554778101251,60.209,121.4,0.00667,0.429,0.347377602
1554778101313,60.271,121.4,0.00668,0.427,0.346276504
1554778101358,60.316,121.4,0.00668,0.427,0.346276504
1554778101405,60.363,121.4,0.00668,0.427,0.346276504
1554778101451,60.409,121.4,0.00668,0.427,0.346276504
1554778101513,60.471,121.4,0.00666,0.427,0.345239748
1554778101560,60.518,121.4,0.00666,0.427,0.345239748
1554778101606,60.564,121.4,0.00666,0.427,0.345239748
1554778101652,60.61,121.4,0.00666,0.427,0.345239748
1554778101712,60.671,121.4,0.00666,0.429,0.346856796
1554778101758,60.716,121.4,0.00666,0.429,0.346856796
1554778101805,60.763,121.4,0.00666,0.429,0.346856796
1554778101851,60.809,121.4,0.00666,0.429,0.346856796
1554778101913,60.871,121.4,0.00664,0.429,0.345815184
1554778101960,60.918,121.4,0.00664,0.429,0.345815184
1554778102006,60.964,121.4,0.00664,0.429,0.345815184
1554778102053,61.011,121.4,0.00664,0.429,0.345815184
1554778102112,61.07,121.4,0.00664,0.426,0.343396896
1554778102158,61.116,121.4,0.00664,0.426,0.343396896
1554778102204,61.162,121.4,0.00664,0.426,0.343396896
1554778102251,61.209,121.4,0.00664,0.426,0.343396896
1554778102313,61.271,121.4,0.00663,0.428,0.344489496
1554778102359,61.317,121.4,0.00663,0.428,0.344489496
1554778102405,61.363,121.4,0.00663,0.428,0.344489496
1554778102451,61.409,121.4,0.00663,0.428,0.344489496
1554778102512,61.47,121.4,0.00669,0.424,0.344358384
1554778102558,61.516,121.4,0.00669,0.424,0.344358384
1554778102604,61.562,121.4,0.00669,0.424,0.344358384
1554778102650,61.608,121.4,0.00669,0.424,0.344358384
1554778102713,61.671,121.4,0.00673,0.425,0.34723435
1554778102759,61.717,121.4,0.00673,0.425,0.34723435
1554778102805,61.763,121.4,0.00673,0.425,0.34723435
1554778102851,61.809,121.4,0.00673,0.425,0.34723435
1554778102912,61.87,121.4,0.00666,0.428,0.346048272
1554778102958,61.916,121.4,0.00666,0.428,0.346048272
1554778103005,61.963,121.4,0.00666,0.428,0.346048272
1554778103053,62.011,121.4,0.00666,0.428,0.346048272
1554778103113,62.071,121.4,0.00666,0.428,0.346048272
1554778103160,62.118,121.4,0.00666,0.428,0.346048272
1554778103206,62.164,121.4,0.00666,0.428,0.346048272
1554778103252,62.21,121.4,0.00666,0.428,0.346048272
1554778103313,62.271,121.4,0.00668,0.428,0.347087456
1554778103359,62.317,121.4,0.00668,0.428,0.347087456
1554778103405,62.363,121.4,0.00668,0.428,0.347087456
1554778103451,62.409,121.4,0.00668,0.428,0.347087456
1554778103512,62.47,121.4,0.0067,0.428,0.34812664
1554778103559,62.517,121.4,0.0067,0.428,0.34812664
1554778103605,62.563,121.4,0.0067,0.428,0.34812664
1554778103651,62.609,121.4,0.0067,0.428,0.34812664
1554778103713,62.671,121.4,0.00677,0.425,0.34929815
1554778103759,62.717,121.4,0.00677,0.425,0.34929815
1554778103805,62.763,121.4,0.00677,0.425,0.34929815
1554778103851,62.809,121.4,0.00677,0.425,0.34929815
1554778103913,62.871,121.4,0.00679,0.422,0.347857132
1554778103959,62.917,121.4,0.00679,0.422,0.347857132
1554778104005,62.963,121.4,0.00679,0.422,0.347857132
1554778104051,63.009,121.4,0.00679,0.422,0.347857132
1554778104113,63.071,121.4,0.00673,0.427,0.348868394
1554778104159,63.117,121.4,0.00673,0.427,0.348868394
1554778104205,63.163,121.4,0.00673,0.427,0.348868394
1554778104251,63.209,121.4,0.00673,0.427,0.348868394
1554778104312,63.27,121.4,0.00669,0.429,0.348419214
1554778104359,63.317,121.4,0.00669,0.429,0.348419214
1554778104405,63.363,121.4,0.00669,0.429,0.348419214
1554778104451,63.409,121.4,0.00669,0.429,0.348419214
1554778104513,63.471,121.4,0.00671,0.427,0.347831638
1554778104560,63.518,121.4,0.00671,0.427,0.347831638
1554778104605,63.563,121.4,0.00671,0.427,0.347831638
1554778104652,63.61,121.4,0.00671,0.427,0.347831638
1554778104713,63.671,121.4,0.00676,0.425,0.3487822
1554778104759,63.717,121.4,0.00676,0.425,0.3487822
1554778104805,63.763,121.4,0.00676,0.425,0.3487822
1554778104851,63.809,121.4,0.00676,0.425,0.3487822
1554778104912,63.87,121.4,0.00673,0.425,0.34723435
1554778104958,63.916,121.4,0.00673,0.425,0.34723435
1554778105004,63.962,121.4,0.00673,0.425,0.34723435
1554778105050,64.008,121.4,0.00673,0.425,0.34723435
1554778105113,64.071,121.4,0.00668,0.426,0.345465552
1554778105159,64.117,121.4,0.00668,0.426,0.345465552
1554778105205,64.163,121.4,0.00668,0.426,0.345465552
1554778105251,64.209,121.4,0.00668,0.426,0.345465552
1554778105312,64.27,121.4,0.00668,0.424,0.343843648
1554778105358,64.316,121.4,0.00668,0.424,0.343843648
1554778105404,64.362,121.4,0.00668,0.424,0.343843648
1554778105450,64.408,121.4,0.00668,0.424,0.343843648
1554778105513,64.471,121.4,0.0067,0.425,0.3456865
1554778105559,64.517,121.4,0.0067,0.425,0.3456865
1554778105605,64.563,121.4,0.0067,0.425,0.3456865
1554778105650,64.608,121.4,0.0067,0.425,0.3456865
1554778105712,64.67,121.4,0.00669,0.425,0.34517055
1554778105758,64.716,121.4,0.00669,0.425,0.34517055
1554778105803,64.761,121.4,0.00669,0.425,0.34517055
1554778105849,64.807,121.4,0.00669,0.425,0.34517055
1554778105912,64.87,121.4,0.00671,0.424,0.345387856
1554778105958,64.916,121.4,0.00671,0.424,0.345387856
1554778106004,64.962,121.4,0.00671,0.424,0.345387856
1554778106050,65.008,121.4,0.00671,0.424,0.345387856
1554778106113,65.071,121.4,0.00672,0.422,0.344270976
1554778106160,65.118,121.4,0.00672,0.422,0.344270976
1554778106206,65.164,121.4,0.00672,0.422,0.344270976
You pressed Ctrl+C!
1554778106252,65.21,121.4,0.00672,0.422,0.344270976
