# Mon Apr 08 21:54:42 2019
abstime,time_stamp,volt,curr,pf,mul
1554785682775,0.081,121.3,0.00581,0.424,0.298815272
1554785682823,0.128,121.3,0.00581,0.424,0.298815272
1554785682869,0.174,121.3,0.00581,0.424,0.298815272
1554785682915,0.22,121.3,0.00581,0.424,0.298815272
1554785682961,0.266,121.3,0.00561,0.42,0.28580706
1554785683006,0.311,121.3,0.00561,0.42,0.28580706
1554785683052,0.357,121.3,0.00561,0.42,0.28580706
1554785683097,0.402,121.3,0.00561,0.42,0.28580706
1554785683144,0.449,121.3,0.0056,0.423,0.28733544
1554785683189,0.494,121.3,0.0056,0.423,0.28733544
1554785683235,0.54,121.3,0.0056,0.423,0.28733544
1554785683280,0.585,121.3,0.0056,0.423,0.28733544
1554785683343,0.648,121.3,0.00567,0.418,0.287488278
1554785683389,0.694,121.3,0.00567,0.418,0.287488278
1554785683435,0.74,121.3,0.00567,0.418,0.287488278
1554785683481,0.786,121.3,0.00567,0.418,0.287488278
1554785683543,0.849,121.3,0.00569,0.421,0.290572937
1554785683590,0.895,121.3,0.00569,0.421,0.290572937
1554785683636,0.941,121.3,0.00569,0.421,0.290572937
1554785683682,0.987,121.3,0.00569,0.421,0.290572937
1554785683744,1.049,121.3,0.00567,0.419,0.288176049
1554785683790,1.095,121.3,0.00567,0.419,0.288176049
1554785683836,1.141,121.3,0.00567,0.419,0.288176049
1554785683882,1.187,121.3,0.00567,0.419,0.288176049
1554785683943,1.248,121.2,0.00566,0.42,0.28811664
1554785683989,1.294,121.2,0.00566,0.42,0.28811664
1554785684035,1.34,121.2,0.00566,0.42,0.28811664
1554785684081,1.386,121.2,0.00566,0.42,0.28811664
1554785684144,1.449,121.2,0.00569,0.421,0.290333388
1554785684190,1.495,121.2,0.00569,0.421,0.290333388
1554785684236,1.541,121.2,0.00569,0.421,0.290333388
1554785684282,1.587,121.2,0.00569,0.421,0.290333388
1554785684343,1.648,121.2,0.00567,0.42,0.28862568
1554785684389,1.694,121.2,0.00567,0.42,0.28862568
1554785684435,1.741,121.2,0.00567,0.42,0.28862568
1554785684482,1.787,121.2,0.00567,0.42,0.28862568
1554785684544,1.849,121.2,0.00567,0.422,0.290000088
1554785684590,1.895,121.2,0.00567,0.422,0.290000088
1554785684636,1.941,121.2,0.00567,0.422,0.290000088
1554785684683,1.988,121.2,0.00567,0.422,0.290000088
1554785684744,2.049,121.2,0.00567,0.422,0.290000088
1554785684790,2.095,121.2,0.00567,0.422,0.290000088
1554785684836,2.141,121.2,0.00567,0.422,0.290000088
1554785684882,2.187,121.2,0.00567,0.422,0.290000088
1554785684944,2.249,121.2,0.00563,0.422,0.287954232
1554785684990,2.295,121.2,0.00563,0.422,0.287954232
1554785685037,2.342,121.2,0.00563,0.422,0.287954232
1554785685083,2.388,121.2,0.00563,0.422,0.287954232
1554785685144,2.449,121.2,0.00564,0.421,0.287782128
1554785685190,2.495,121.2,0.00564,0.421,0.287782128
1554785685237,2.542,121.2,0.00564,0.421,0.287782128
1554785685283,2.588,121.2,0.00564,0.421,0.287782128
1554785685344,2.649,121.2,0.00566,0.42,0.28811664
1554785685390,2.695,121.2,0.00566,0.42,0.28811664
1554785685436,2.741,121.2,0.00566,0.42,0.28811664
1554785685482,2.787,121.2,0.00566,0.42,0.28811664
1554785685543,2.848,121.2,0.00565,0.425,0.2910315
1554785685590,2.895,121.2,0.00565,0.425,0.2910315
1554785685636,2.941,121.2,0.00565,0.425,0.2910315
1554785685682,2.987,121.2,0.00565,0.425,0.2910315
1554785685744,3.049,121.2,0.00566,0.42,0.28811664
1554785685790,3.095,121.2,0.00566,0.42,0.28811664
1554785685836,3.141,121.2,0.00566,0.42,0.28811664
1554785685882,3.187,121.2,0.00566,0.42,0.28811664
1554785685944,3.249,121.3,0.00564,0.418,0.285967176
1554785685990,3.295,121.3,0.00564,0.418,0.285967176
1554785686036,3.341,121.3,0.00564,0.418,0.285967176
1554785686082,3.387,121.3,0.00564,0.418,0.285967176
1554785686143,3.448,121.2,0.00566,0.419,0.287430648
1554785686189,3.494,121.2,0.00566,0.419,0.287430648
1554785686235,3.54,121.2,0.00566,0.419,0.287430648
1554785686281,3.586,121.2,0.00566,0.419,0.287430648
1554785686344,3.649,121.2,0.00559,0.422,0.285908376
1554785686390,3.695,121.2,0.00559,0.422,0.285908376
1554785686436,3.741,121.2,0.00559,0.422,0.285908376
1554785686482,3.787,121.2,0.00559,0.422,0.285908376
1554785686543,3.848,121.3,0.00565,0.422,0.28921559
1554785686589,3.894,121.3,0.00565,0.422,0.28921559
1554785686635,3.94,121.3,0.00565,0.422,0.28921559
1554785686681,3.986,121.3,0.00565,0.422,0.28921559
1554785686743,4.048,121.3,0.00564,0.423,0.289387836
1554785686789,4.094,121.3,0.00564,0.423,0.289387836
1554785686835,4.141,121.3,0.00564,0.423,0.289387836
1554785686882,4.187,121.3,0.00564,0.423,0.289387836
1554785686944,4.249,121.3,0.00567,0.419,0.288176049
1554785686990,4.295,121.3,0.00567,0.419,0.288176049
1554785687036,4.341,121.3,0.00567,0.419,0.288176049
1554785687082,4.387,121.3,0.00567,0.419,0.288176049
1554785687143,4.449,121.3,0.00565,0.42,0.2878449
1554785687190,4.495,121.3,0.00565,0.42,0.2878449
1554785687236,4.541,121.3,0.00565,0.42,0.2878449
1554785687282,4.587,121.3,0.00565,0.42,0.2878449
1554785687343,4.648,121.2,0.00565,0.423,0.28966194
1554785687389,4.694,121.2,0.00565,0.423,0.28966194
1554785687435,4.74,121.2,0.00565,0.423,0.28966194
1554785687481,4.786,121.2,0.00565,0.423,0.28966194
1554785687543,4.849,121.2,0.0057,0.423,0.29222532
1554785687590,4.895,121.2,0.0057,0.423,0.29222532
1554785687636,4.941,121.2,0.0057,0.423,0.29222532
1554785687682,4.987,121.2,0.0057,0.423,0.29222532
1554785687743,5.048,121.3,0.00573,0.42,0.29192058
1554785687789,5.094,121.3,0.00573,0.42,0.29192058
1554785687835,5.14,121.3,0.00573,0.42,0.29192058
1554785687881,5.186,121.3,0.00573,0.42,0.29192058
1554785687943,5.248,121.2,0.00573,0.42,0.29167992
1554785687990,5.295,121.2,0.00573,0.42,0.29167992
1554785688036,5.341,121.2,0.00573,0.42,0.29167992
1554785688082,5.387,121.2,0.00573,0.42,0.29167992
1554785688143,5.448,121.2,0.00572,0.421,0.291864144
1554785688189,5.494,121.2,0.00572,0.421,0.291864144
1554785688235,5.54,121.2,0.00572,0.421,0.291864144
1554785688281,5.586,121.2,0.00572,0.421,0.291864144
1554785688344,5.649,121.2,0.00573,0.421,0.292374396
1554785688390,5.695,121.2,0.00573,0.421,0.292374396
1554785688436,5.741,121.2,0.00573,0.421,0.292374396
1554785688482,5.787,121.2,0.00573,0.421,0.292374396
1554785688543,5.848,121.2,0.00574,0.419,0.291493272
1554785688589,5.894,121.2,0.00574,0.419,0.291493272
1554785688635,5.94,121.2,0.00574,0.419,0.291493272
1554785688681,5.986,121.2,0.00574,0.419,0.291493272
1554785688743,6.048,121.2,0.00576,0.418,0.291810816
1554785688790,6.095,121.2,0.00576,0.418,0.291810816
1554785688836,6.141,121.2,0.00576,0.418,0.291810816
1554785688882,6.187,121.2,0.00576,0.418,0.291810816
1554785688943,6.248,121.2,0.00569,0.421,0.290333388
1554785688989,6.294,121.2,0.00569,0.421,0.290333388
1554785689035,6.34,121.2,0.00569,0.421,0.290333388
1554785689081,6.386,121.2,0.00569,0.421,0.290333388
1554785689144,6.449,121.2,0.00565,0.421,0.28829238
1554785689190,6.495,121.2,0.00565,0.421,0.28829238
1554785689236,6.541,121.2,0.00565,0.421,0.28829238
1554785689282,6.587,121.2,0.00565,0.421,0.28829238
1554785689343,6.648,121.2,0.00567,0.422,0.290000088
1554785689389,6.694,121.2,0.00567,0.422,0.290000088
1554785689435,6.74,121.2,0.00567,0.422,0.290000088
1554785689481,6.786,121.2,0.00567,0.422,0.290000088
1554785689543,6.848,121.2,0.00569,0.42,0.28964376
1554785689589,6.894,121.2,0.00569,0.42,0.28964376
1554785689636,6.941,121.2,0.00569,0.42,0.28964376
1554785689682,6.987,121.2,0.00569,0.42,0.28964376
1554785689743,7.048,121.2,0.00566,0.42,0.28811664
1554785689789,7.094,121.2,0.00566,0.42,0.28811664
1554785689835,7.14,121.2,0.00566,0.42,0.28811664
1554785689881,7.186,121.2,0.00566,0.42,0.28811664
1554785689943,7.248,121.3,0.00563,0.419,0.286143061
1554785689990,7.295,121.3,0.00563,0.419,0.286143061
1554785690036,7.341,121.3,0.00563,0.419,0.286143061
1554785690082,7.387,121.3,0.00563,0.419,0.286143061
1554785690143,7.448,121.2,0.00564,0.42,0.28709856
1554785690189,7.494,121.2,0.00564,0.42,0.28709856
1554785690235,7.54,121.2,0.00564,0.42,0.28709856
1554785690281,7.586,121.2,0.00564,0.42,0.28709856
1554785690343,7.648,121.2,0.00561,0.423,0.287611236
1554785690389,7.694,121.2,0.00561,0.423,0.287611236
1554785690435,7.741,121.2,0.00561,0.423,0.287611236
1554785690482,7.787,121.2,0.00561,0.423,0.287611236
1554785690543,7.848,121.3,0.00562,0.424,0.289043344
1554785690589,7.894,121.3,0.00562,0.424,0.289043344
1554785690635,7.94,121.3,0.00562,0.424,0.289043344
1554785690681,7.986,121.3,0.00562,0.424,0.289043344
1554785690743,8.048,121.3,0.00562,0.423,0.288361638
1554785690789,8.095,121.3,0.00562,0.423,0.288361638
1554785690836,8.141,121.3,0.00562,0.423,0.288361638
1554785690882,8.187,121.3,0.00562,0.423,0.288361638
1554785690943,8.248,121.3,0.00569,0.419,0.289192543
1554785690989,8.294,121.3,0.00569,0.419,0.289192543
1554785691035,8.34,121.3,0.00569,0.419,0.289192543
1554785691081,8.386,121.3,0.00569,0.419,0.289192543
1554785691143,8.448,121.3,0.00566,0.422,0.289727476
1554785691189,8.494,121.3,0.00566,0.422,0.289727476
1554785691235,8.54,121.3,0.00566,0.422,0.289727476
1554785691281,8.587,121.3,0.00566,0.422,0.289727476
1554785691343,8.648,121.2,0.00566,0.422,0.289488624
1554785691389,8.694,121.2,0.00566,0.422,0.289488624
1554785691435,8.74,121.2,0.00566,0.422,0.289488624
1554785691481,8.786,121.2,0.00566,0.422,0.289488624
1554785691543,8.848,121.3,0.00567,0.424,0.291614904
1554785691589,8.894,121.3,0.00567,0.424,0.291614904
1554785691635,8.94,121.3,0.00567,0.424,0.291614904
1554785691682,8.987,121.3,0.00567,0.424,0.291614904
1554785691743,9.048,121.3,0.00569,0.424,0.292643528
1554785691789,9.094,121.3,0.00569,0.424,0.292643528
1554785691835,9.14,121.3,0.00569,0.424,0.292643528
1554785691881,9.186,121.3,0.00569,0.424,0.292643528
1554785691943,9.248,121.3,0.00566,0.421,0.289040918
1554785691989,9.294,121.3,0.00566,0.421,0.289040918
1554785692035,9.34,121.3,0.00566,0.421,0.289040918
1554785692081,9.386,121.3,0.00566,0.421,0.289040918
1554785692144,9.449,121.2,0.0057,0.423,0.29222532
1554785692190,9.495,121.2,0.0057,0.423,0.29222532
1554785692236,9.541,121.2,0.0057,0.423,0.29222532
1554785692282,9.587,121.2,0.0057,0.423,0.29222532
1554785692343,9.648,121.2,0.0057,0.42,0.2901528
1554785692389,9.694,121.2,0.0057,0.42,0.2901528
1554785692435,9.74,121.2,0.0057,0.42,0.2901528
1554785692482,9.787,121.2,0.0057,0.42,0.2901528
1554785692543,9.848,121.2,0.00569,0.421,0.290333388
1554785692589,9.894,121.2,0.00569,0.421,0.290333388
1554785692635,9.94,121.2,0.00569,0.421,0.290333388
1554785692681,9.986,121.2,0.00569,0.421,0.290333388
1554785692743,10.048,121.2,0.00568,0.421,0.289823136
1554785692789,10.094,121.2,0.00568,0.421,0.289823136
1554785692835,10.14,121.2,0.00568,0.421,0.289823136
1554785692881,10.186,121.2,0.00568,0.421,0.289823136
1554785692943,10.248,121.2,0.00568,0.42,0.28913472
1554785692989,10.294,121.2,0.00568,0.42,0.28913472
1554785693035,10.341,121.2,0.00568,0.42,0.28913472
1554785693082,10.387,121.2,0.00568,0.42,0.28913472
1554785693143,10.448,121.2,0.00563,0.42,0.28658952
1554785693189,10.494,121.2,0.00563,0.42,0.28658952
1554785693235,10.54,121.2,0.00563,0.42,0.28658952
1554785693281,10.586,121.2,0.00563,0.42,0.28658952
1554785693343,10.649,121.2,0.00568,0.418,0.287757888
1554785693390,10.695,121.2,0.00568,0.418,0.287757888
1554785693436,10.741,121.2,0.00568,0.418,0.287757888
1554785693482,10.787,121.2,0.00568,0.418,0.287757888
1554785693543,10.848,121.2,0.00567,0.418,0.287251272
1554785693589,10.894,121.2,0.00567,0.418,0.287251272
1554785693635,10.94,121.2,0.00567,0.418,0.287251272
1554785693681,10.987,121.2,0.00567,0.418,0.287251272
1554785693743,11.048,121.2,0.00564,0.419,0.286414992
1554785693788,11.094,121.2,0.00564,0.419,0.286414992
1554785693835,11.14,121.2,0.00564,0.419,0.286414992
1554785693881,11.186,121.2,0.00564,0.419,0.286414992
1554785693943,11.248,121.2,0.00562,0.422,0.287442768
1554785693989,11.294,121.2,0.00562,0.422,0.287442768
1554785694035,11.34,121.2,0.00562,0.422,0.287442768
1554785694081,11.386,121.2,0.00562,0.422,0.287442768
1554785694144,11.449,121.2,0.00561,0.42,0.28557144
1554785694190,11.495,121.2,0.00561,0.42,0.28557144
1554785694236,11.541,121.2,0.00561,0.42,0.28557144
1554785694282,11.587,121.2,0.00561,0.42,0.28557144
1554785694343,11.648,121.2,0.00562,0.422,0.287442768
1554785694389,11.694,121.2,0.00562,0.422,0.287442768
1554785694435,11.74,121.2,0.00562,0.422,0.287442768
1554785694481,11.786,121.2,0.00562,0.422,0.287442768
1554785694543,11.848,121.2,0.00564,0.421,0.287782128
1554785694590,11.895,121.2,0.00564,0.421,0.287782128
1554785694636,11.941,121.2,0.00564,0.421,0.287782128
1554785694682,11.987,121.2,0.00564,0.421,0.287782128
1554785694743,12.048,121.2,0.00565,0.42,0.2876076
1554785694789,12.094,121.2,0.00565,0.42,0.2876076
1554785694835,12.14,121.2,0.00565,0.42,0.2876076
1554785694881,12.186,121.2,0.00565,0.42,0.2876076
1554785694943,12.248,121.3,0.00568,0.419,0.288684296
1554785694989,12.294,121.3,0.00568,0.419,0.288684296
1554785695035,12.34,121.3,0.00568,0.419,0.288684296
1554785695082,12.387,121.3,0.00568,0.419,0.288684296
1554785695143,12.448,121.3,0.00567,0.42,0.28886382
1554785695189,12.494,121.3,0.00567,0.42,0.28886382
1554785695235,12.54,121.3,0.00567,0.42,0.28886382
1554785695281,12.586,121.3,0.00567,0.42,0.28886382
1554785695343,12.648,121.2,0.00569,0.417,0.287574876
1554785695389,12.694,121.2,0.00569,0.417,0.287574876
1554785695435,12.74,121.2,0.00569,0.417,0.287574876
1554785695482,12.787,121.2,0.00569,0.417,0.287574876
1554785695543,12.848,121.3,0.00571,0.417,0.288823791
1554785695589,12.894,121.3,0.00571,0.417,0.288823791
1554785695635,12.94,121.3,0.00571,0.417,0.288823791
1554785695681,12.986,121.3,0.00571,0.417,0.288823791
1554785695742,13.047,121.3,0.00573,0.419,0.291225531
1554785695788,13.093,121.3,0.00573,0.419,0.291225531
1554785695834,13.139,121.3,0.00573,0.419,0.291225531
1554785695881,13.186,121.3,0.00573,0.419,0.291225531
1554785695943,13.248,121.3,0.00571,0.42,0.29090166
1554785695989,13.294,121.3,0.00571,0.42,0.29090166
1554785696035,13.34,121.3,0.00571,0.42,0.29090166
1554785696081,13.386,121.3,0.00571,0.42,0.29090166
1554785696143,13.448,121.3,0.00564,0.422,0.288703704
1554785696188,13.493,121.3,0.00564,0.422,0.288703704
1554785696235,13.54,121.3,0.00564,0.422,0.288703704
1554785696281,13.586,121.3,0.00564,0.422,0.288703704
1554785696343,13.648,121.2,0.00564,0.422,0.288465696
1554785696389,13.694,121.2,0.00564,0.422,0.288465696
1554785696435,13.74,121.2,0.00564,0.422,0.288465696
1554785696481,13.787,121.2,0.00564,0.422,0.288465696
1554785696543,13.848,121.2,0.00568,0.421,0.289823136
1554785696588,13.894,121.2,0.00568,0.421,0.289823136
1554785696635,13.94,121.2,0.00568,0.421,0.289823136
1554785696681,13.986,121.2,0.00568,0.421,0.289823136
1554785696742,14.047,121.2,0.00569,0.422,0.291023016
1554785696788,14.093,121.2,0.00569,0.422,0.291023016
1554785696835,14.14,121.2,0.00569,0.422,0.291023016
1554785696881,14.186,121.2,0.00569,0.422,0.291023016
1554785696943,14.248,121.2,0.00568,0.419,0.288446304
1554785696989,14.294,121.2,0.00568,0.419,0.288446304
1554785697035,14.34,121.2,0.00568,0.419,0.288446304
1554785697081,14.386,121.2,0.00568,0.419,0.288446304
1554785697142,14.447,121.2,0.00563,0.42,0.28658952
1554785697188,14.493,121.2,0.00563,0.42,0.28658952
1554785697234,14.539,121.2,0.00563,0.42,0.28658952
1554785697280,14.585,121.2,0.00563,0.42,0.28658952
1554785697343,14.648,121.2,0.00563,0.421,0.287271876
1554785697389,14.694,121.2,0.00563,0.421,0.287271876
1554785697435,14.74,121.2,0.00563,0.421,0.287271876
1554785697481,14.786,121.2,0.00563,0.421,0.287271876
1554785697542,14.847,121.1,0.00563,0.419,0.285671267
1554785697588,14.893,121.1,0.00563,0.419,0.285671267
1554785697635,14.94,121.1,0.00563,0.419,0.285671267
1554785697681,14.986,121.1,0.00563,0.419,0.285671267
1554785697743,15.048,121.2,0.00565,0.424,0.29034672
1554785697789,15.094,121.2,0.00565,0.424,0.29034672
1554785697835,15.14,121.2,0.00565,0.424,0.29034672
1554785697881,15.186,121.2,0.00565,0.424,0.29034672
1554785697943,15.248,121.2,0.00562,0.421,0.286761624
1554785697989,15.294,121.2,0.00562,0.421,0.286761624
1554785698035,15.34,121.2,0.00562,0.421,0.286761624
1554785698081,15.386,121.2,0.00562,0.421,0.286761624
1554785698142,15.447,121.2,0.00559,0.42,0.28455336
1554785698188,15.493,121.2,0.00559,0.42,0.28455336
1554785698234,15.539,121.2,0.00559,0.42,0.28455336
1554785698280,15.585,121.2,0.00559,0.42,0.28455336
1554785698343,15.648,121.2,0.00556,0.422,0.284373984
1554785698389,15.694,121.2,0.00556,0.422,0.284373984
1554785698435,15.74,121.2,0.00556,0.422,0.284373984
1554785698481,15.786,121.2,0.00556,0.422,0.284373984
1554785698542,15.847,121.2,0.00562,0.424,0.288805056
1554785698588,15.893,121.2,0.00562,0.424,0.288805056
1554785698634,15.939,121.2,0.00562,0.424,0.288805056
1554785698680,15.986,121.2,0.00562,0.424,0.288805056
1554785698743,16.048,121.2,0.00565,0.422,0.28897716
1554785698789,16.094,121.2,0.00565,0.422,0.28897716
1554785698835,16.14,121.2,0.00565,0.422,0.28897716
1554785698881,16.186,121.2,0.00565,0.422,0.28897716
1554785698942,16.247,121.3,0.00564,0.422,0.288703704
1554785698988,16.293,121.3,0.00564,0.422,0.288703704
1554785699034,16.339,121.3,0.00564,0.422,0.288703704
1554785699080,16.385,121.3,0.00564,0.422,0.288703704
1554785699142,16.448,121.3,0.00559,0.424,0.287500408
1554785699189,16.494,121.3,0.00559,0.424,0.287500408
1554785699235,16.54,121.3,0.00559,0.424,0.287500408
1554785699281,16.586,121.3,0.00559,0.424,0.287500408
1554785699343,16.648,121.2,0.00561,0.422,0.286931304
1554785699389,16.694,121.2,0.00561,0.422,0.286931304
1554785699435,16.741,121.2,0.00561,0.422,0.286931304
1554785699482,16.787,121.2,0.00561,0.422,0.286931304
1554785699543,16.848,121.2,0.00566,0.423,0.290174616
1554785699589,16.894,121.2,0.00566,0.423,0.290174616
1554785699635,16.94,121.2,0.00566,0.423,0.290174616
1554785699681,16.986,121.2,0.00566,0.423,0.290174616
1554785699742,17.048,121.3,0.00567,0.423,0.290927133
1554785699789,17.094,121.3,0.00567,0.423,0.290927133
1554785699835,17.14,121.3,0.00567,0.423,0.290927133
1554785699881,17.186,121.3,0.00567,0.423,0.290927133
1554785699942,17.247,121.3,0.00566,0.423,0.290414034
1554785699988,17.293,121.3,0.00566,0.423,0.290414034
1554785700034,17.339,121.3,0.00566,0.423,0.290414034
1554785700080,17.385,121.3,0.00566,0.423,0.290414034
1554785700143,17.448,121.3,0.00571,0.419,0.290209037
1554785700189,17.494,121.3,0.00571,0.419,0.290209037
1554785700235,17.54,121.3,0.00571,0.419,0.290209037
1554785700281,17.586,121.3,0.00571,0.419,0.290209037
1554785700342,17.647,121.2,0.00565,0.421,0.28829238
1554785700388,17.693,121.2,0.00565,0.421,0.28829238
1554785700434,17.739,121.2,0.00565,0.421,0.28829238
1554785700480,17.785,121.2,0.00565,0.421,0.28829238
1554785700543,17.848,121.2,0.00563,0.424,0.289318944
1554785700589,17.894,121.2,0.00563,0.424,0.289318944
1554785700635,17.94,121.2,0.00563,0.424,0.289318944
1554785700681,17.986,121.2,0.00563,0.424,0.289318944
1554785700742,18.047,121.2,0.00565,0.42,0.2876076
1554785700788,18.093,121.2,0.00565,0.42,0.2876076
1554785700834,18.139,121.2,0.00565,0.42,0.2876076
1554785700880,18.185,121.2,0.00565,0.42,0.2876076
1554785700943,18.248,121.2,0.00562,0.422,0.287442768
1554785700989,18.294,121.2,0.00562,0.422,0.287442768
1554785701035,18.34,121.2,0.00562,0.422,0.287442768
1554785701081,18.386,121.2,0.00562,0.422,0.287442768
1554785701142,18.447,121.2,0.00562,0.423,0.288123912
1554785701188,18.493,121.2,0.00562,0.423,0.288123912
1554785701234,18.539,121.2,0.00562,0.423,0.288123912
1554785701281,18.586,121.2,0.00562,0.423,0.288123912
1554785701343,18.648,121.2,0.00559,0.423,0.286585884
1554785701389,18.694,121.2,0.00559,0.423,0.286585884
1554785701435,18.74,121.2,0.00559,0.423,0.286585884
1554785701481,18.786,121.2,0.00559,0.423,0.286585884
1554785701542,18.847,121.2,0.00559,0.421,0.285230868
1554785701588,18.893,121.2,0.00559,0.421,0.285230868
1554785701634,18.939,121.2,0.00559,0.421,0.285230868
1554785701681,18.986,121.2,0.00559,0.421,0.285230868
1554785701743,19.048,121.2,0.0056,0.421,0.28574112
1554785701789,19.094,121.2,0.0056,0.421,0.28574112
1554785701835,19.14,121.2,0.0056,0.421,0.28574112
1554785701882,19.187,121.2,0.0056,0.421,0.28574112
1554785701943,19.248,121.2,0.0056,0.421,0.28574112
1554785701989,19.294,121.2,0.0056,0.421,0.28574112
1554785702035,19.34,121.2,0.0056,0.421,0.28574112
1554785702081,19.386,121.2,0.0056,0.421,0.28574112
1554785702142,19.447,121.2,0.00557,0.419,0.282860196
1554785702188,19.493,121.2,0.00557,0.419,0.282860196
1554785702234,19.539,121.2,0.00557,0.419,0.282860196
1554785702280,19.585,121.2,0.00557,0.419,0.282860196
1554785702343,19.648,121.2,0.00562,0.419,0.285399336
1554785702389,19.694,121.2,0.00562,0.419,0.285399336
1554785702435,19.74,121.2,0.00562,0.419,0.285399336
1554785702481,19.786,121.2,0.00562,0.419,0.285399336
1554785702542,19.847,121.2,0.00562,0.419,0.285399336
1554785702588,19.893,121.2,0.00562,0.419,0.285399336
1554785702634,19.939,121.2,0.00562,0.419,0.285399336
1554785702681,19.986,121.2,0.00562,0.419,0.285399336
1554785702743,20.048,121.2,0.00565,0.424,0.29034672
1554785702789,20.094,121.2,0.00565,0.424,0.29034672
1554785702835,20.14,121.2,0.00565,0.424,0.29034672
1554785702881,20.186,121.2,0.00565,0.424,0.29034672
1554785702942,20.247,121.3,0.00563,0.422,0.288191818
1554785702989,20.294,121.3,0.00563,0.422,0.288191818
1554785703035,20.34,121.3,0.00563,0.422,0.288191818
1554785703081,20.386,121.3,0.00563,0.422,0.288191818
1554785703142,20.447,121.3,0.00559,0.424,0.287500408
1554785703188,20.493,121.3,0.00559,0.424,0.287500408
1554785703234,20.539,121.3,0.00559,0.424,0.287500408
1554785703280,20.585,121.3,0.00559,0.424,0.287500408
1554785703343,20.648,121.2,0.00564,0.422,0.288465696
1554785703389,20.694,121.2,0.00564,0.422,0.288465696
1554785703435,20.74,121.2,0.00564,0.422,0.288465696
1554785703481,20.786,121.2,0.00564,0.422,0.288465696
1554785703543,20.848,121.2,0.00567,0.42,0.28862568
1554785703589,20.894,121.2,0.00567,0.42,0.28862568
1554785703635,20.94,121.2,0.00567,0.42,0.28862568
1554785703681,20.986,121.2,0.00567,0.42,0.28862568
1554785703742,21.047,121.3,0.00564,0.422,0.288703704
1554785703788,21.093,121.3,0.00564,0.422,0.288703704
1554785703834,21.139,121.3,0.00564,0.422,0.288703704
1554785703880,21.185,121.3,0.00564,0.422,0.288703704
1554785703942,21.247,121.3,0.00568,0.42,0.28937328
1554785703989,21.294,121.3,0.00568,0.42,0.28937328
1554785704035,21.34,121.3,0.00568,0.42,0.28937328
1554785704081,21.386,121.3,0.00568,0.42,0.28937328
1554785704142,21.447,121.3,0.00563,0.425,0.290240575
1554785704188,21.493,121.3,0.00563,0.425,0.290240575
1554785704234,21.539,121.3,0.00563,0.425,0.290240575
1554785704280,21.585,121.3,0.00563,0.425,0.290240575
1554785704342,21.647,121.2,0.00563,0.421,0.287271876
1554785704388,21.693,121.2,0.00563,0.421,0.287271876
1554785704434,21.739,121.2,0.00563,0.421,0.287271876
1554785704481,21.786,121.2,0.00563,0.421,0.287271876
1554785704543,21.848,121.2,0.00571,0.418,0.289277736
1554785704589,21.894,121.2,0.00571,0.418,0.289277736
1554785704635,21.94,121.2,0.00571,0.418,0.289277736
1554785704681,21.986,121.2,0.00571,0.418,0.289277736
1554785704742,22.047,121.2,0.0056,0.422,0.28641984
1554785704788,22.093,121.2,0.0056,0.422,0.28641984
1554785704834,22.139,121.2,0.0056,0.422,0.28641984
1554785704880,22.186,121.2,0.0056,0.422,0.28641984
1554785704943,22.248,121.1,0.00569,0.422,0.290782898
1554785704989,22.294,121.1,0.00569,0.422,0.290782898
1554785705035,22.34,121.1,0.00569,0.422,0.290782898
1554785705081,22.386,121.1,0.00569,0.422,0.290782898
1554785705142,22.447,121.2,0.00564,0.42,0.28709856
1554785705188,22.493,121.2,0.00564,0.42,0.28709856
1554785705234,22.539,121.2,0.00564,0.42,0.28709856
1554785705280,22.585,121.2,0.00564,0.42,0.28709856
1554785705342,22.648,121.2,0.0056,0.42,0.2850624
1554785705389,22.694,121.2,0.0056,0.42,0.2850624
1554785705435,22.74,121.2,0.0056,0.42,0.2850624
1554785705481,22.786,121.2,0.0056,0.42,0.2850624
1554785705542,22.847,121.1,0.00562,0.42,0.28584444
1554785705587,22.893,121.1,0.00562,0.42,0.28584444
1554785705634,22.939,121.1,0.00562,0.42,0.28584444
1554785705680,22.985,121.1,0.00562,0.42,0.28584444
1554785705742,23.047,121.2,0.00562,0.421,0.286761624
1554785705788,23.093,121.2,0.00562,0.421,0.286761624
1554785705834,23.14,121.2,0.00562,0.421,0.286761624
1554785705881,23.186,121.2,0.00562,0.421,0.286761624
1554785705942,23.247,121.2,0.00561,0.42,0.28557144
1554785705988,23.293,121.2,0.00561,0.42,0.28557144
1554785706034,23.339,121.2,0.00561,0.42,0.28557144
1554785706080,23.385,121.2,0.00561,0.42,0.28557144
1554785706142,23.447,121.2,0.00559,0.418,0.283198344
1554785706188,23.493,121.2,0.00559,0.418,0.283198344
1554785706234,23.539,121.2,0.00559,0.418,0.283198344
1554785706280,23.585,121.2,0.00559,0.418,0.283198344
1554785706343,23.648,121.2,0.00561,0.419,0.284891508
1554785706389,23.694,121.2,0.00561,0.419,0.284891508
1554785706435,23.74,121.2,0.00561,0.419,0.284891508
1554785706481,23.786,121.2,0.00561,0.419,0.284891508
1554785706542,23.847,121.2,0.00563,0.419,0.285907164
1554785706589,23.894,121.2,0.00563,0.419,0.285907164
1554785706635,23.94,121.2,0.00563,0.419,0.285907164
1554785706681,23.986,121.2,0.00563,0.419,0.285907164
1554785706742,24.047,121.2,0.0056,0.422,0.28641984
1554785706788,24.093,121.2,0.0056,0.422,0.28641984
1554785706834,24.139,121.2,0.0056,0.422,0.28641984
1554785706880,24.185,121.2,0.0056,0.422,0.28641984
1554785706943,24.248,121.3,0.00562,0.424,0.289043344
1554785706989,24.294,121.3,0.00562,0.424,0.289043344
1554785707035,24.34,121.3,0.00562,0.424,0.289043344
1554785707081,24.386,121.3,0.00562,0.424,0.289043344
1554785707142,24.447,121.3,0.00564,0.422,0.288703704
1554785707188,24.493,121.3,0.00564,0.422,0.288703704
1554785707234,24.539,121.3,0.00564,0.422,0.288703704
1554785707280,24.585,121.3,0.00564,0.422,0.288703704
1554785707342,24.647,121.3,0.00561,0.421,0.286487553
1554785707388,24.694,121.3,0.00561,0.421,0.286487553
1554785707435,24.74,121.3,0.00561,0.421,0.286487553
1554785707481,24.786,121.3,0.00561,0.421,0.286487553
1554785707542,24.847,121.2,0.00563,0.423,0.288636588
1554785707588,24.893,121.2,0.00563,0.423,0.288636588
1554785707634,24.939,121.2,0.00563,0.423,0.288636588
1554785707680,24.985,121.2,0.00563,0.423,0.288636588
1554785707742,25.047,121.2,0.00564,0.421,0.287782128
1554785707788,25.093,121.2,0.00564,0.421,0.287782128
1554785707834,25.14,121.2,0.00564,0.421,0.287782128
1554785707881,25.186,121.2,0.00564,0.421,0.287782128
1554785707942,25.247,121.2,0.0057,0.421,0.29084364
1554785707988,25.293,121.2,0.0057,0.421,0.29084364
1554785708034,25.339,121.2,0.0057,0.421,0.29084364
1554785708080,25.385,121.2,0.0057,0.421,0.29084364
1554785708142,25.447,121.2,0.00568,0.417,0.287069472
1554785708188,25.494,121.2,0.00568,0.417,0.287069472
1554785708235,25.54,121.2,0.00568,0.417,0.287069472
1554785708281,25.586,121.2,0.00568,0.417,0.287069472
1554785708342,25.647,121.2,0.00567,0.417,0.286564068
1554785708388,25.693,121.2,0.00567,0.417,0.286564068
1554785708434,25.739,121.2,0.00567,0.417,0.286564068
1554785708480,25.785,121.2,0.00567,0.417,0.286564068
1554785708543,25.848,121.2,0.00568,0.42,0.28913472
1554785708589,25.894,121.2,0.00568,0.42,0.28913472
1554785708635,25.94,121.2,0.00568,0.42,0.28913472
1554785708681,25.986,121.2,0.00568,0.42,0.28913472
1554785708742,26.047,121.2,0.00569,0.418,0.288264504
1554785708788,26.093,121.2,0.00569,0.418,0.288264504
1554785708835,26.14,121.2,0.00569,0.418,0.288264504
1554785708881,26.186,121.2,0.00569,0.418,0.288264504
1554785708942,26.247,121.2,0.00563,0.421,0.287271876
1554785708988,26.293,121.2,0.00563,0.421,0.287271876
1554785709034,26.339,121.2,0.00563,0.421,0.287271876
1554785709080,26.385,121.2,0.00563,0.421,0.287271876
1554785709142,26.447,121.2,0.00562,0.422,0.287442768
1554785709188,26.493,121.2,0.00562,0.422,0.287442768
1554785709235,26.54,121.2,0.00562,0.422,0.287442768
1554785709281,26.586,121.2,0.00562,0.422,0.287442768
1554785709342,26.647,121.2,0.00559,0.422,0.285908376
1554785709388,26.693,121.2,0.00559,0.422,0.285908376
1554785709434,26.739,121.2,0.00559,0.422,0.285908376
1554785709480,26.785,121.2,0.00559,0.422,0.285908376
1554785709543,26.848,121.2,0.00558,0.424,0.286749504
1554785709589,26.894,121.2,0.00558,0.424,0.286749504
1554785709635,26.94,121.2,0.00558,0.424,0.286749504
1554785709681,26.986,121.2,0.00558,0.424,0.286749504
1554785709742,27.047,121.2,0.00561,0.422,0.286931304
1554785709788,27.093,121.2,0.00561,0.422,0.286931304
1554785709835,27.14,121.2,0.00561,0.422,0.286931304
1554785709881,27.186,121.2,0.00561,0.422,0.286931304
1554785709942,27.247,121.2,0.00557,0.422,0.284885448
1554785709988,27.293,121.2,0.00557,0.422,0.284885448
1554785710034,27.339,121.2,0.00557,0.422,0.284885448
1554785710080,27.385,121.2,0.00557,0.422,0.284885448
1554785710142,27.447,121.2,0.0056,0.422,0.28641984
1554785710188,27.493,121.2,0.0056,0.422,0.28641984
1554785710234,27.539,121.2,0.0056,0.422,0.28641984
1554785710281,27.586,121.2,0.0056,0.422,0.28641984
1554785710342,27.647,121.2,0.00557,0.42,0.28353528
1554785710388,27.693,121.2,0.00557,0.42,0.28353528
1554785710434,27.739,121.2,0.00557,0.42,0.28353528
1554785710480,27.785,121.2,0.00557,0.42,0.28353528
1554785710542,27.847,121.2,0.0056,0.422,0.28641984
1554785710588,27.893,121.2,0.0056,0.422,0.28641984
1554785710635,27.94,121.2,0.0056,0.422,0.28641984
1554785710681,27.986,121.2,0.0056,0.422,0.28641984
1554785710742,28.047,121.2,0.00566,0.418,0.286744656
1554785710788,28.093,121.2,0.00566,0.418,0.286744656
1554785710834,28.139,121.2,0.00566,0.418,0.286744656
1554785710880,28.185,121.2,0.00566,0.418,0.286744656
1554785710942,28.248,121.2,0.00576,0.424,0.295999488
1554785710989,28.294,121.2,0.00576,0.424,0.295999488
1554785711035,28.34,121.2,0.00576,0.424,0.295999488
1554785711081,28.386,121.2,0.00576,0.424,0.295999488
1554785711142,28.447,121.3,0.00587,0.425,0.302613175
1554785711188,28.493,121.3,0.00587,0.425,0.302613175
1554785711234,28.539,121.3,0.00587,0.425,0.302613175
1554785711280,28.586,121.3,0.00587,0.425,0.302613175
1554785711341,28.647,121.2,0.00582,0.426,0.300493584
1554785711387,28.692,121.2,0.00582,0.426,0.300493584
1554785711434,28.739,121.2,0.00582,0.426,0.300493584
1554785711480,28.785,121.2,0.00582,0.426,0.300493584
1554785711542,28.847,121.2,0.00584,0.427,0.302234016
1554785711588,28.894,121.2,0.00584,0.427,0.302234016
1554785711635,28.94,121.2,0.00584,0.427,0.302234016
1554785711681,28.986,121.2,0.00584,0.427,0.302234016
1554785711742,29.047,121.2,0.00587,0.427,0.303786588
1554785711788,29.093,121.2,0.00587,0.427,0.303786588
1554785711834,29.139,121.2,0.00587,0.427,0.303786588
1554785711880,29.185,121.2,0.00587,0.427,0.303786588
1554785711941,29.246,121.2,0.00586,0.425,0.3018486
1554785711987,29.292,121.2,0.00586,0.425,0.3018486
1554785712033,29.338,121.2,0.00586,0.425,0.3018486
1554785712079,29.384,121.2,0.00586,0.425,0.3018486
1554785712142,29.447,121.3,0.00589,0.425,0.303644225
1554785712188,29.493,121.3,0.00589,0.425,0.303644225
1554785712234,29.539,121.3,0.00589,0.425,0.303644225
1554785712280,29.585,121.3,0.00589,0.425,0.303644225
1554785712341,29.646,121.2,0.00584,0.424,0.300110592
1554785712387,29.692,121.2,0.00584,0.424,0.300110592
1554785712433,29.738,121.2,0.00584,0.424,0.300110592
1554785712479,29.784,121.2,0.00584,0.424,0.300110592
1554785712542,29.847,121.2,0.00585,0.426,0.30204252
1554785712588,29.893,121.2,0.00585,0.426,0.30204252
1554785712634,29.939,121.2,0.00585,0.426,0.30204252
1554785712680,29.985,121.2,0.00585,0.426,0.30204252
1554785712741,30.046,121.2,0.00584,0.425,0.3008184
1554785712787,30.092,121.2,0.00584,0.425,0.3008184
1554785712833,30.138,121.2,0.00584,0.425,0.3008184
You pressed Ctrl+C!
1554785712880,30.185,121.2,0.00584,0.425,0.3008184
