# Mon Apr 08 20:22:27 2019
abstime,time_stamp,volt,curr,pf,mul
1554780147833,0.08,121.3,0.00596,0.422,0.305084056
1554780147880,0.128,121.3,0.00572,0.415,0.28794194
1554780147927,0.174,121.3,0.00572,0.415,0.28794194
1554780147972,0.219,121.3,0.00572,0.415,0.28794194
1554780148017,0.265,121.3,0.00572,0.415,0.28794194
1554780148064,0.311,121.3,0.00572,0.414,0.287248104
1554780148110,0.357,121.3,0.00572,0.414,0.287248104
1554780148154,0.402,121.3,0.00572,0.414,0.287248104
1554780148200,0.447,121.3,0.00572,0.414,0.287248104
1554780148263,0.51,121.3,0.00564,0.42,0.28733544
1554780148309,0.556,121.3,0.00564,0.42,0.28733544
1554780148354,0.601,121.3,0.00564,0.42,0.28733544
1554780148399,0.647,121.3,0.00564,0.42,0.28733544
1554780148462,0.709,121.4,0.00561,0.419,0.285361626
1554780148507,0.755,121.4,0.00561,0.419,0.285361626
1554780148554,0.801,121.4,0.00561,0.419,0.285361626
1554780148600,0.847,121.4,0.00561,0.419,0.285361626
1554780148662,0.909,121.4,0.00561,0.418,0.284680572
1554780148708,0.955,121.4,0.00561,0.418,0.284680572
1554780148754,1.001,121.4,0.00561,0.418,0.284680572
1554780148800,1.047,121.4,0.00561,0.418,0.284680572
1554780148863,1.11,121.3,0.00562,0.42,0.28631652
1554780148909,1.156,121.3,0.00562,0.42,0.28631652
1554780148955,1.202,121.3,0.00562,0.42,0.28631652
1554780149001,1.248,121.3,0.00562,0.42,0.28631652
1554780149062,1.309,121.4,0.00565,0.419,0.28739629
1554780149108,1.355,121.4,0.00565,0.419,0.28739629
1554780149154,1.401,121.4,0.00565,0.419,0.28739629
1554780149200,1.447,121.4,0.00565,0.419,0.28739629
1554780149263,1.51,121.4,0.00562,0.419,0.285870292
1554780149309,1.556,121.4,0.00562,0.419,0.285870292
1554780149354,1.601,121.4,0.00562,0.419,0.285870292
1554780149401,1.648,121.4,0.00562,0.419,0.285870292
1554780149462,1.709,121.4,0.00564,0.42,0.28757232
1554780149508,1.755,121.4,0.00564,0.42,0.28757232
1554780149554,1.801,121.4,0.00564,0.42,0.28757232
1554780149600,1.847,121.4,0.00564,0.42,0.28757232
1554780149662,1.909,121.4,0.00562,0.417,0.284505756
1554780149708,1.956,121.4,0.00562,0.417,0.284505756
1554780149754,2.002,121.4,0.00562,0.417,0.284505756
1554780149801,2.048,121.4,0.00562,0.417,0.284505756
1554780149862,2.109,121.4,0.00565,0.417,0.28602447
1554780149908,2.155,121.4,0.00565,0.417,0.28602447
1554780149954,2.201,121.4,0.00565,0.417,0.28602447
1554780150000,2.247,121.4,0.00565,0.417,0.28602447
1554780150063,2.31,121.4,0.00567,0.419,0.288413622
1554780150109,2.356,121.4,0.00567,0.419,0.288413622
1554780150155,2.402,121.4,0.00567,0.419,0.288413622
1554780150201,2.448,121.4,0.00567,0.419,0.288413622
1554780150262,2.509,121.4,0.00569,0.419,0.289430954
1554780150308,2.555,121.4,0.00569,0.419,0.289430954
1554780150354,2.601,121.4,0.00569,0.419,0.289430954
1554780150400,2.647,121.4,0.00569,0.419,0.289430954
1554780150463,2.71,121.4,0.00568,0.416,0.286853632
1554780150508,2.756,121.4,0.00568,0.416,0.286853632
1554780150555,2.802,121.4,0.00568,0.416,0.286853632
1554780150601,2.848,121.4,0.00568,0.416,0.286853632
1554780150662,2.909,121.4,0.00566,0.419,0.287904956
1554780150708,2.955,121.4,0.00566,0.419,0.287904956
1554780150754,3.001,121.4,0.00566,0.419,0.287904956
1554780150800,3.047,121.4,0.00566,0.419,0.287904956
1554780150863,3.11,121.3,0.00568,0.421,0.290062264
1554780150909,3.156,121.3,0.00568,0.421,0.290062264
1554780150954,3.201,121.3,0.00568,0.421,0.290062264
1554780151000,3.247,121.3,0.00568,0.421,0.290062264
1554780151063,3.31,121.3,0.00571,0.421,0.291594283
1554780151109,3.356,121.3,0.00571,0.421,0.291594283
1554780151155,3.402,121.3,0.00571,0.421,0.291594283
1554780151201,3.448,121.3,0.00571,0.421,0.291594283
1554780151263,3.51,121.3,0.00568,0.418,0.287995312
1554780151309,3.556,121.3,0.00568,0.418,0.287995312
1554780151355,3.602,121.3,0.00568,0.418,0.287995312
1554780151401,3.648,121.3,0.00568,0.418,0.287995312
1554780151463,3.71,121.4,0.00566,0.422,0.289966328
1554780151508,3.756,121.4,0.00566,0.422,0.289966328
1554780151554,3.801,121.4,0.00566,0.422,0.289966328
1554780151600,3.847,121.4,0.00566,0.422,0.289966328
1554780151663,3.91,121.3,0.00562,0.423,0.288361638
1554780151709,3.956,121.3,0.00562,0.423,0.288361638
1554780151754,4.001,121.3,0.00562,0.423,0.288361638
1554780151801,4.048,121.3,0.00562,0.423,0.288361638
1554780151863,4.11,121.3,0.00562,0.422,0.287679932
1554780151909,4.156,121.3,0.00562,0.422,0.287679932
1554780151956,4.203,121.3,0.00562,0.422,0.287679932
1554780152002,4.249,121.3,0.00562,0.422,0.287679932
1554780152063,4.31,121.3,0.00565,0.422,0.28921559
1554780152109,4.356,121.3,0.00565,0.422,0.28921559
1554780152155,4.402,121.3,0.00565,0.422,0.28921559
1554780152202,4.449,121.3,0.00565,0.422,0.28921559
1554780152263,4.51,121.3,0.00563,0.421,0.287508899
1554780152309,4.556,121.3,0.00563,0.421,0.287508899
1554780152355,4.602,121.3,0.00563,0.421,0.287508899
1554780152401,4.648,121.3,0.00563,0.421,0.287508899
1554780152463,4.71,121.4,0.00561,0.422,0.287404788
1554780152510,4.757,121.4,0.00561,0.422,0.287404788
1554780152556,4.803,121.4,0.00561,0.422,0.287404788
1554780152602,4.849,121.4,0.00561,0.422,0.287404788
1554780152663,4.91,121.4,0.00559,0.419,0.284344294
1554780152709,4.956,121.4,0.00559,0.419,0.284344294
1554780152755,5.002,121.4,0.00559,0.419,0.284344294
1554780152801,5.048,121.4,0.00559,0.419,0.284344294
1554780152862,5.109,121.4,0.00564,0.417,0.285518232
1554780152908,5.155,121.4,0.00564,0.417,0.285518232
1554780152955,5.202,121.4,0.00564,0.417,0.285518232
1554780153001,5.248,121.4,0.00564,0.417,0.285518232
1554780153063,5.31,121.4,0.0056,0.422,0.28689248
1554780153109,5.356,121.4,0.0056,0.422,0.28689248
1554780153156,5.403,121.4,0.0056,0.422,0.28689248
1554780153202,5.449,121.4,0.0056,0.422,0.28689248
1554780153263,5.51,121.4,0.00564,0.421,0.288257016
1554780153309,5.556,121.4,0.00564,0.421,0.288257016
1554780153355,5.602,121.4,0.00564,0.421,0.288257016
1554780153401,5.648,121.4,0.00564,0.421,0.288257016
1554780153463,5.71,121.4,0.00563,0.418,0.285695476
1554780153509,5.756,121.4,0.00563,0.418,0.285695476
1554780153555,5.802,121.4,0.00563,0.418,0.285695476
1554780153601,5.848,121.4,0.00563,0.418,0.285695476
1554780153662,5.909,121.4,0.00561,0.418,0.284680572
1554780153709,5.956,121.4,0.00561,0.418,0.284680572
1554780153755,6.002,121.4,0.00561,0.418,0.284680572
1554780153801,6.048,121.4,0.00561,0.418,0.284680572
1554780153862,6.109,121.4,0.00567,0.421,0.289790298
1554780153908,6.155,121.4,0.00567,0.421,0.289790298
1554780153954,6.201,121.4,0.00567,0.421,0.289790298
1554780154000,6.247,121.4,0.00567,0.421,0.289790298
1554780154063,6.31,121.4,0.00567,0.418,0.287725284
1554780154109,6.356,121.4,0.00567,0.418,0.287725284
1554780154155,6.402,121.4,0.00567,0.418,0.287725284
1554780154201,6.448,121.4,0.00567,0.418,0.287725284
1554780154262,6.509,121.4,0.00568,0.419,0.288922288
1554780154308,6.555,121.4,0.00568,0.419,0.288922288
1554780154354,6.601,121.4,0.00568,0.419,0.288922288
1554780154400,6.647,121.4,0.00568,0.419,0.288922288
1554780154463,6.71,121.4,0.00569,0.419,0.289430954
1554780154509,6.756,121.4,0.00569,0.419,0.289430954
1554780154555,6.802,121.4,0.00569,0.419,0.289430954
1554780154601,6.848,121.4,0.00569,0.419,0.289430954
1554780154663,6.91,121.4,0.00569,0.419,0.289430954
1554780154709,6.956,121.4,0.00569,0.419,0.289430954
1554780154755,7.002,121.4,0.00569,0.419,0.289430954
1554780154801,7.048,121.4,0.00569,0.419,0.289430954
1554780154862,7.109,121.3,0.00567,0.42,0.28886382
1554780154908,7.155,121.3,0.00567,0.42,0.28886382
1554780154955,7.202,121.3,0.00567,0.42,0.28886382
1554780155001,7.248,121.3,0.00567,0.42,0.28886382
1554780155063,7.31,121.3,0.00569,0.419,0.289192543
1554780155109,7.356,121.3,0.00569,0.419,0.289192543
1554780155155,7.402,121.3,0.00569,0.419,0.289192543
1554780155201,7.448,121.3,0.00569,0.419,0.289192543
1554780155262,7.51,121.3,0.00572,0.417,0.289329612
1554780155309,7.556,121.3,0.00572,0.417,0.289329612
1554780155354,7.602,121.3,0.00572,0.417,0.289329612
1554780155401,7.648,121.3,0.00572,0.417,0.289329612
1554780155462,7.709,121.3,0.0057,0.416,0.28762656
1554780155508,7.755,121.3,0.0057,0.416,0.28762656
1554780155554,7.801,121.3,0.0057,0.416,0.28762656
1554780155600,7.847,121.3,0.0057,0.416,0.28762656
1554780155662,7.909,121.3,0.00566,0.419,0.287667802
1554780155709,7.956,121.3,0.00566,0.419,0.287667802
1554780155755,8.002,121.3,0.00566,0.419,0.287667802
1554780155801,8.048,121.3,0.00566,0.419,0.287667802
1554780155862,8.109,121.3,0.00564,0.421,0.288019572
1554780155908,8.155,121.3,0.00564,0.421,0.288019572
1554780155954,8.201,121.3,0.00564,0.421,0.288019572
1554780156000,8.247,121.3,0.00564,0.421,0.288019572
1554780156063,8.31,121.3,0.00563,0.421,0.287508899
1554780156109,8.356,121.3,0.00563,0.421,0.287508899
1554780156155,8.402,121.3,0.00563,0.421,0.287508899
1554780156201,8.448,121.3,0.00563,0.421,0.287508899
1554780156262,8.509,121.4,0.00563,0.419,0.286378958
1554780156308,8.555,121.4,0.00563,0.419,0.286378958
1554780156354,8.601,121.4,0.00563,0.419,0.286378958
1554780156400,8.647,121.4,0.00563,0.419,0.286378958
1554780156463,8.71,121.4,0.00561,0.421,0.286723734
1554780156509,8.756,121.4,0.00561,0.421,0.286723734
1554780156555,8.802,121.4,0.00561,0.421,0.286723734
1554780156601,8.849,121.4,0.00561,0.421,0.286723734
1554780156663,8.91,121.4,0.00558,0.42,0.28451304
1554780156709,8.956,121.4,0.00558,0.42,0.28451304
1554780156755,9.002,121.4,0.00558,0.42,0.28451304
1554780156801,9.048,121.4,0.00558,0.42,0.28451304
1554780156862,9.109,121.3,0.00561,0.418,0.284446074
1554780156908,9.155,121.3,0.00561,0.418,0.284446074
1554780156954,9.201,121.3,0.00561,0.418,0.284446074
1554780157000,9.247,121.3,0.00561,0.418,0.284446074
1554780157062,9.309,121.4,0.00564,0.417,0.285518232
1554780157108,9.355,121.4,0.00564,0.417,0.285518232
1554780157154,9.401,121.4,0.00564,0.417,0.285518232
1554780157200,9.447,121.4,0.00564,0.417,0.285518232
1554780157262,9.509,121.4,0.00562,0.421,0.287234828
1554780157308,9.555,121.4,0.00562,0.421,0.287234828
1554780157354,9.601,121.4,0.00562,0.421,0.287234828
1554780157400,9.647,121.4,0.00562,0.421,0.287234828
1554780157462,9.709,121.4,0.00566,0.419,0.287904956
1554780157508,9.755,121.4,0.00566,0.419,0.287904956
1554780157553,9.8,121.4,0.00566,0.419,0.287904956
1554780157600,9.847,121.4,0.00566,0.419,0.287904956
1554780157662,9.909,121.4,0.00567,0.416,0.286348608
1554780157708,9.955,121.4,0.00567,0.416,0.286348608
1554780157754,10.001,121.4,0.00567,0.416,0.286348608
1554780157800,10.047,121.4,0.00567,0.416,0.286348608
1554780157863,10.11,121.4,0.00566,0.418,0.287217832
1554780157909,10.156,121.4,0.00566,0.418,0.287217832
1554780157955,10.202,121.4,0.00566,0.418,0.287217832
1554780158001,10.248,121.4,0.00566,0.418,0.287217832
1554780158062,10.309,121.4,0.00568,0.42,0.28961184
1554780158108,10.355,121.4,0.00568,0.42,0.28961184
1554780158154,10.401,121.4,0.00568,0.42,0.28961184
1554780158200,10.447,121.4,0.00568,0.42,0.28961184
1554780158263,10.51,121.4,0.00566,0.422,0.289966328
1554780158309,10.556,121.4,0.00566,0.422,0.289966328
1554780158355,10.602,121.4,0.00566,0.422,0.289966328
1554780158401,10.648,121.4,0.00566,0.422,0.289966328
1554780158462,10.709,121.4,0.00567,0.421,0.289790298
1554780158508,10.755,121.4,0.00567,0.421,0.289790298
1554780158554,10.801,121.4,0.00567,0.421,0.289790298
1554780158600,10.847,121.4,0.00567,0.421,0.289790298
1554780158662,10.909,121.4,0.00568,0.422,0.290990944
1554780158708,10.955,121.4,0.00568,0.422,0.290990944
1554780158755,11.002,121.4,0.00568,0.422,0.290990944
1554780158801,11.048,121.4,0.00568,0.422,0.290990944
1554780158862,11.109,121.3,0.0057,0.416,0.28762656
1554780158908,11.155,121.3,0.0057,0.416,0.28762656
1554780158954,11.201,121.3,0.0057,0.416,0.28762656
1554780159000,11.247,121.3,0.0057,0.416,0.28762656
1554780159062,11.309,121.3,0.00567,0.418,0.287488278
1554780159108,11.355,121.3,0.00567,0.418,0.287488278
1554780159155,11.402,121.3,0.00567,0.418,0.287488278
1554780159201,11.448,121.3,0.00567,0.418,0.287488278
1554780159262,11.509,121.3,0.00568,0.422,0.290751248
1554780159308,11.555,121.3,0.00568,0.422,0.290751248
1554780159354,11.601,121.3,0.00568,0.422,0.290751248
1554780159400,11.647,121.3,0.00568,0.422,0.290751248
1554780159462,11.709,121.4,0.00566,0.419,0.287904956
1554780159508,11.755,121.4,0.00566,0.419,0.287904956
1554780159554,11.801,121.4,0.00566,0.419,0.287904956
1554780159600,11.847,121.4,0.00566,0.419,0.287904956
1554780159663,11.91,121.4,0.00566,0.418,0.287217832
1554780159708,11.955,121.4,0.00566,0.418,0.287217832
1554780159755,12.002,121.4,0.00566,0.418,0.287217832
1554780159801,12.048,121.4,0.00566,0.418,0.287217832
1554780159862,12.109,121.3,0.00566,0.416,0.285608128
1554780159908,12.155,121.3,0.00566,0.416,0.285608128
1554780159954,12.201,121.3,0.00566,0.416,0.285608128
1554780160000,12.247,121.3,0.00566,0.416,0.285608128
1554780160063,12.31,121.3,0.00568,0.418,0.287995312
1554780160109,12.356,121.3,0.00568,0.418,0.287995312
1554780160155,12.402,121.3,0.00568,0.418,0.287995312
1554780160201,12.448,121.3,0.00568,0.418,0.287995312
1554780160262,12.509,121.4,0.00559,0.42,0.28502292
1554780160309,12.556,121.4,0.00559,0.42,0.28502292
1554780160355,12.602,121.4,0.00559,0.42,0.28502292
1554780160401,12.648,121.4,0.00559,0.42,0.28502292
1554780160462,12.709,121.4,0.00561,0.421,0.286723734
1554780160508,12.755,121.4,0.00561,0.421,0.286723734
1554780160554,12.801,121.4,0.00561,0.421,0.286723734
1554780160600,12.847,121.4,0.00561,0.421,0.286723734
1554780160663,12.91,121.4,0.00559,0.419,0.284344294
1554780160709,12.956,121.4,0.00559,0.419,0.284344294
1554780160755,13.002,121.4,0.00559,0.419,0.284344294
1554780160801,13.048,121.4,0.00559,0.419,0.284344294
1554780160862,13.109,121.4,0.00556,0.42,0.28349328
1554780160908,13.155,121.4,0.00556,0.42,0.28349328
1554780160954,13.201,121.4,0.00556,0.42,0.28349328
1554780161000,13.247,121.4,0.00556,0.42,0.28349328
1554780161062,13.309,121.3,0.00558,0.422,0.285632388
1554780161108,13.355,121.3,0.00558,0.422,0.285632388
1554780161154,13.401,121.3,0.00558,0.422,0.285632388
1554780161200,13.447,121.3,0.00558,0.422,0.285632388
1554780161262,13.509,121.4,0.0056,0.422,0.28689248
1554780161308,13.555,121.4,0.0056,0.422,0.28689248
1554780161354,13.601,121.4,0.0056,0.422,0.28689248
1554780161400,13.647,121.4,0.0056,0.422,0.28689248
1554780161462,13.709,121.4,0.00562,0.42,0.28655256
1554780161508,13.755,121.4,0.00562,0.42,0.28655256
1554780161554,13.801,121.4,0.00562,0.42,0.28655256
1554780161601,13.848,121.4,0.00562,0.42,0.28655256
1554780161662,13.909,121.4,0.00563,0.423,0.289112886
1554780161708,13.955,121.4,0.00563,0.423,0.289112886
1554780161754,14.001,121.4,0.00563,0.423,0.289112886
1554780161800,14.047,121.4,0.00563,0.423,0.289112886
1554780161862,14.109,121.4,0.00562,0.421,0.287234828
1554780161909,14.156,121.4,0.00562,0.421,0.287234828
1554780161955,14.202,121.4,0.00562,0.421,0.287234828
1554780162001,14.248,121.4,0.00562,0.421,0.287234828
1554780162062,14.309,121.4,0.00565,0.42,0.2880822
1554780162108,14.355,121.4,0.00565,0.42,0.2880822
1554780162155,14.402,121.4,0.00565,0.42,0.2880822
1554780162201,14.448,121.4,0.00565,0.42,0.2880822
1554780162262,14.509,121.4,0.00567,0.418,0.287725284
1554780162308,14.555,121.4,0.00567,0.418,0.287725284
1554780162354,14.601,121.4,0.00567,0.418,0.287725284
1554780162400,14.647,121.4,0.00567,0.418,0.287725284
1554780162462,14.709,121.4,0.00569,0.42,0.29012172
1554780162508,14.755,121.4,0.00569,0.42,0.29012172
1554780162555,14.802,121.4,0.00569,0.42,0.29012172
1554780162601,14.848,121.4,0.00569,0.42,0.29012172
1554780162662,14.909,121.4,0.00562,0.422,0.287917096
1554780162708,14.955,121.4,0.00562,0.422,0.287917096
1554780162754,15.001,121.4,0.00562,0.422,0.287917096
1554780162800,15.047,121.4,0.00562,0.422,0.287917096
1554780162862,15.109,121.3,0.00564,0.423,0.289387836
1554780162909,15.156,121.3,0.00564,0.423,0.289387836
1554780162955,15.202,121.3,0.00564,0.423,0.289387836
1554780163001,15.248,121.3,0.00564,0.423,0.289387836
1554780163062,15.309,121.3,0.00565,0.422,0.28921559
1554780163108,15.355,121.3,0.00565,0.422,0.28921559
1554780163154,15.401,121.3,0.00565,0.422,0.28921559
1554780163200,15.447,121.3,0.00565,0.422,0.28921559
1554780163263,15.51,121.4,0.00561,0.425,0.28944795
1554780163309,15.556,121.4,0.00561,0.425,0.28944795
1554780163355,15.602,121.4,0.00561,0.425,0.28944795
1554780163401,15.648,121.4,0.00561,0.425,0.28944795
1554780163462,15.709,121.4,0.00564,0.422,0.288941712
1554780163508,15.755,121.4,0.00564,0.422,0.288941712
1554780163554,15.801,121.4,0.00564,0.422,0.288941712
1554780163600,15.847,121.4,0.00564,0.422,0.288941712
1554780163663,15.91,121.4,0.00562,0.42,0.28655256
1554780163709,15.956,121.4,0.00562,0.42,0.28655256
1554780163755,16.002,121.4,0.00562,0.42,0.28655256
1554780163801,16.048,121.4,0.00562,0.42,0.28655256
1554780163862,16.109,121.3,0.0056,0.419,0.28461832
1554780163909,16.156,121.3,0.0056,0.419,0.28461832
1554780163955,16.202,121.3,0.0056,0.419,0.28461832
1554780164001,16.248,121.3,0.0056,0.419,0.28461832
1554780164062,16.309,121.3,0.00559,0.419,0.284110073
1554780164109,16.356,121.3,0.00559,0.419,0.284110073
1554780164155,16.402,121.3,0.00559,0.419,0.284110073
1554780164201,16.448,121.3,0.00559,0.419,0.284110073
1554780164262,16.509,121.4,0.00561,0.421,0.286723734
1554780164308,16.555,121.4,0.00561,0.421,0.286723734
1554780164354,16.601,121.4,0.00561,0.421,0.286723734
1554780164400,16.647,121.4,0.00561,0.421,0.286723734
1554780164462,16.709,121.4,0.0056,0.422,0.28689248
1554780164508,16.755,121.4,0.0056,0.422,0.28689248
1554780164554,16.801,121.4,0.0056,0.422,0.28689248
1554780164601,16.848,121.4,0.0056,0.422,0.28689248
1554780164662,16.909,121.4,0.00565,0.416,0.28533856
1554780164708,16.955,121.4,0.00565,0.416,0.28533856
1554780164754,17.001,121.4,0.00565,0.416,0.28533856
1554780164800,17.047,121.4,0.00565,0.416,0.28533856
1554780164862,17.109,121.4,0.00562,0.417,0.284505756
1554780164908,17.155,121.4,0.00562,0.417,0.284505756
1554780164955,17.202,121.4,0.00562,0.417,0.284505756
1554780165001,17.248,121.4,0.00562,0.417,0.284505756
1554780165062,17.309,121.3,0.00561,0.417,0.283765581
1554780165108,17.355,121.3,0.00561,0.417,0.283765581
1554780165154,17.401,121.3,0.00561,0.417,0.283765581
1554780165200,17.447,121.3,0.00561,0.417,0.283765581
1554780165263,17.51,121.4,0.00564,0.419,0.286887624
1554780165309,17.556,121.4,0.00564,0.419,0.286887624
1554780165355,17.602,121.4,0.00564,0.419,0.286887624
1554780165401,17.648,121.4,0.00564,0.419,0.286887624
1554780165462,17.709,121.4,0.00566,0.419,0.287904956
1554780165508,17.755,121.4,0.00566,0.419,0.287904956
1554780165554,17.801,121.4,0.00566,0.419,0.287904956
1554780165600,17.847,121.4,0.00566,0.419,0.287904956
1554780165663,17.91,121.4,0.00565,0.418,0.28671038
1554780165709,17.956,121.4,0.00565,0.418,0.28671038
1554780165755,18.002,121.4,0.00565,0.418,0.28671038
1554780165801,18.048,121.4,0.00565,0.418,0.28671038
1554780165862,18.109,121.4,0.00564,0.419,0.286887624
1554780165908,18.155,121.4,0.00564,0.419,0.286887624
1554780165954,18.201,121.4,0.00564,0.419,0.286887624
1554780166000,18.247,121.4,0.00564,0.419,0.286887624
1554780166062,18.309,121.4,0.00569,0.417,0.288049422
1554780166108,18.355,121.4,0.00569,0.417,0.288049422
1554780166154,18.401,121.4,0.00569,0.417,0.288049422
1554780166200,18.447,121.4,0.00569,0.417,0.288049422
1554780166263,18.51,121.4,0.00569,0.418,0.288740188
1554780166309,18.556,121.4,0.00569,0.418,0.288740188
1554780166355,18.602,121.4,0.00569,0.418,0.288740188
1554780166401,18.648,121.4,0.00569,0.418,0.288740188
1554780166462,18.709,121.4,0.00568,0.419,0.288922288
1554780166508,18.755,121.4,0.00568,0.419,0.288922288
1554780166554,18.801,121.4,0.00568,0.419,0.288922288
1554780166600,18.847,121.4,0.00568,0.419,0.288922288
1554780166662,18.909,121.4,0.00566,0.418,0.287217832
1554780166709,18.956,121.4,0.00566,0.418,0.287217832
1554780166755,19.002,121.4,0.00566,0.418,0.287217832
1554780166801,19.048,121.4,0.00566,0.418,0.287217832
1554780166862,19.109,121.4,0.00571,0.418,0.289755092
1554780166908,19.155,121.4,0.00571,0.418,0.289755092
1554780166954,19.201,121.4,0.00571,0.418,0.289755092
1554780167000,19.247,121.4,0.00571,0.418,0.289755092
1554780167062,19.309,121.3,0.00571,0.416,0.288131168
1554780167108,19.355,121.3,0.00571,0.416,0.288131168
1554780167154,19.401,121.3,0.00571,0.416,0.288131168
1554780167201,19.448,121.3,0.00571,0.416,0.288131168
1554780167262,19.509,121.3,0.00573,0.417,0.289835433
1554780167307,19.554,121.3,0.00573,0.417,0.289835433
1554780167354,19.601,121.3,0.00573,0.417,0.289835433
1554780167400,19.647,121.3,0.00573,0.417,0.289835433
1554780167462,19.709,121.4,0.00565,0.421,0.28876811
1554780167508,19.755,121.4,0.00565,0.421,0.28876811
1554780167554,19.801,121.4,0.00565,0.421,0.28876811
1554780167600,19.847,121.4,0.00565,0.421,0.28876811
1554780167662,19.909,121.4,0.00559,0.419,0.284344294
1554780167708,19.955,121.4,0.00559,0.419,0.284344294
1554780167755,20.002,121.4,0.00559,0.419,0.284344294
1554780167801,20.048,121.4,0.00559,0.419,0.284344294
1554780167862,20.109,121.3,0.00561,0.423,0.287848539
1554780167908,20.155,121.3,0.00561,0.423,0.287848539
1554780167954,20.201,121.3,0.00561,0.423,0.287848539
1554780168000,20.247,121.3,0.00561,0.423,0.287848539
1554780168062,20.309,121.3,0.00555,0.424,0.28544316
1554780168108,20.355,121.3,0.00555,0.424,0.28544316
1554780168154,20.401,121.3,0.00555,0.424,0.28544316
1554780168200,20.447,121.3,0.00555,0.424,0.28544316
1554780168263,20.51,121.3,0.00559,0.423,0.286822341
1554780168309,20.556,121.3,0.00559,0.423,0.286822341
1554780168355,20.602,121.3,0.00559,0.423,0.286822341
1554780168401,20.648,121.3,0.00559,0.423,0.286822341
1554780168462,20.709,121.4,0.00558,0.421,0.285190452
1554780168507,20.755,121.4,0.00558,0.421,0.285190452
1554780168554,20.801,121.4,0.00558,0.421,0.285190452
1554780168600,20.847,121.4,0.00558,0.421,0.285190452
1554780168662,20.909,121.4,0.00559,0.421,0.285701546
1554780168708,20.955,121.4,0.00559,0.421,0.285701546
1554780168754,21.001,121.4,0.00559,0.421,0.285701546
1554780168801,21.048,121.4,0.00559,0.421,0.285701546
1554780168862,21.109,121.3,0.00556,0.42,0.28325976
1554780168908,21.155,121.3,0.00556,0.42,0.28325976
1554780168954,21.201,121.3,0.00556,0.42,0.28325976
1554780169000,21.247,121.3,0.00556,0.42,0.28325976
1554780169062,21.309,121.3,0.00558,0.419,0.283601826
1554780169108,21.355,121.3,0.00558,0.419,0.283601826
1554780169155,21.402,121.3,0.00558,0.419,0.283601826
1554780169201,21.448,121.3,0.00558,0.419,0.283601826
1554780169262,21.509,121.4,0.00563,0.421,0.287745922
1554780169308,21.555,121.4,0.00563,0.421,0.287745922
1554780169354,21.601,121.4,0.00563,0.421,0.287745922
1554780169400,21.647,121.4,0.00563,0.421,0.287745922
1554780169463,21.71,121.4,0.00561,0.42,0.28604268
1554780169509,21.756,121.4,0.00561,0.42,0.28604268
1554780169555,21.802,121.4,0.00561,0.42,0.28604268
1554780169601,21.848,121.4,0.00561,0.42,0.28604268
1554780169662,21.909,121.4,0.00564,0.42,0.28757232
1554780169708,21.955,121.4,0.00564,0.42,0.28757232
1554780169754,22.001,121.4,0.00564,0.42,0.28757232
1554780169800,22.048,121.4,0.00564,0.42,0.28757232
1554780169862,22.109,121.4,0.00562,0.422,0.287917096
1554780169907,22.155,121.4,0.00562,0.422,0.287917096
1554780169954,22.201,121.4,0.00562,0.422,0.287917096
1554780170000,22.247,121.4,0.00562,0.422,0.287917096
1554780170062,22.309,121.4,0.00561,0.421,0.286723734
1554780170108,22.355,121.4,0.00561,0.421,0.286723734
1554780170154,22.402,121.4,0.00561,0.421,0.286723734
1554780170201,22.448,121.4,0.00561,0.421,0.286723734
1554780170262,22.509,121.4,0.00564,0.421,0.288257016
1554780170308,22.555,121.4,0.00564,0.421,0.288257016
1554780170354,22.601,121.4,0.00564,0.421,0.288257016
1554780170400,22.647,121.4,0.00564,0.421,0.288257016
1554780170462,22.709,121.4,0.00567,0.424,0.291855312
1554780170508,22.755,121.4,0.00567,0.424,0.291855312
1554780170554,22.801,121.4,0.00567,0.424,0.291855312
1554780170600,22.847,121.4,0.00567,0.424,0.291855312
1554780170663,22.91,121.4,0.00567,0.421,0.289790298
1554780170709,22.956,121.4,0.00567,0.421,0.289790298
1554780170755,23.002,121.4,0.00567,0.421,0.289790298
1554780170801,23.048,121.4,0.00567,0.421,0.289790298
1554780170862,23.109,121.4,0.00565,0.424,0.29082584
1554780170908,23.155,121.4,0.00565,0.424,0.29082584
1554780170955,23.202,121.4,0.00565,0.424,0.29082584
1554780171001,23.248,121.4,0.00565,0.424,0.29082584
1554780171062,23.309,121.4,0.00567,0.421,0.289790298
1554780171108,23.355,121.4,0.00567,0.421,0.289790298
1554780171154,23.401,121.4,0.00567,0.421,0.289790298
1554780171200,23.447,121.4,0.00567,0.421,0.289790298
1554780171262,23.51,121.4,0.00565,0.419,0.28739629
1554780171308,23.556,121.4,0.00565,0.419,0.28739629
1554780171354,23.602,121.4,0.00565,0.419,0.28739629
1554780171401,23.648,121.4,0.00565,0.419,0.28739629
1554780171462,23.709,121.4,0.00566,0.419,0.287904956
1554780171508,23.755,121.4,0.00566,0.419,0.287904956
1554780171554,23.801,121.4,0.00566,0.419,0.287904956
1554780171600,23.847,121.4,0.00566,0.419,0.287904956
1554780171662,23.909,121.4,0.00565,0.418,0.28671038
1554780171708,23.955,121.4,0.00565,0.418,0.28671038
1554780171754,24.001,121.4,0.00565,0.418,0.28671038
1554780171801,24.048,121.4,0.00565,0.418,0.28671038
1554780171862,24.109,121.4,0.00563,0.419,0.286378958
1554780171908,24.155,121.4,0.00563,0.419,0.286378958
1554780171954,24.201,121.4,0.00563,0.419,0.286378958
1554780172000,24.247,121.4,0.00563,0.419,0.286378958
1554780172062,24.309,121.4,0.00567,0.419,0.288413622
1554780172109,24.356,121.4,0.00567,0.419,0.288413622
1554780172155,24.402,121.4,0.00567,0.419,0.288413622
1554780172201,24.448,121.4,0.00567,0.419,0.288413622
1554780172262,24.509,121.4,0.0057,0.416,0.28786368
1554780172309,24.556,121.4,0.0057,0.416,0.28786368
1554780172355,24.602,121.4,0.0057,0.416,0.28786368
1554780172401,24.648,121.4,0.0057,0.416,0.28786368
1554780172462,24.709,121.4,0.00564,0.418,0.286202928
1554780172508,24.755,121.4,0.00564,0.418,0.286202928
1554780172554,24.801,121.4,0.00564,0.418,0.286202928
1554780172600,24.847,121.4,0.00564,0.418,0.286202928
1554780172663,24.91,121.4,0.00558,0.422,0.285867864
1554780172709,24.956,121.4,0.00558,0.422,0.285867864
1554780172755,25.002,121.4,0.00558,0.422,0.285867864
1554780172801,25.048,121.4,0.00558,0.422,0.285867864
1554780172862,25.109,121.4,0.00559,0.418,0.283665668
1554780172908,25.155,121.4,0.00559,0.418,0.283665668
1554780172955,25.202,121.4,0.00559,0.418,0.283665668
1554780173001,25.248,121.4,0.00559,0.418,0.283665668
1554780173062,25.309,121.3,0.00558,0.42,0.28427868
1554780173108,25.355,121.3,0.00558,0.42,0.28427868
1554780173154,25.401,121.3,0.00558,0.42,0.28427868
1554780173200,25.447,121.3,0.00558,0.42,0.28427868
1554780173262,25.509,121.3,0.00563,0.419,0.286143061
1554780173309,25.556,121.3,0.00563,0.419,0.286143061
1554780173355,25.602,121.3,0.00563,0.419,0.286143061
1554780173401,25.648,121.3,0.00563,0.419,0.286143061
1554780173462,25.709,121.4,0.00563,0.422,0.288429404
1554780173508,25.755,121.4,0.00563,0.422,0.288429404
1554780173555,25.802,121.4,0.00563,0.422,0.288429404
1554780173600,25.847,121.4,0.00563,0.422,0.288429404
1554780173662,25.909,121.4,0.00562,0.421,0.287234828
1554780173707,25.955,121.4,0.00562,0.421,0.287234828
1554780173754,26.001,121.4,0.00562,0.421,0.287234828
1554780173799,26.046,121.4,0.00562,0.421,0.287234828
1554780173863,26.11,121.4,0.00563,0.42,0.28706244
1554780173909,26.156,121.4,0.00563,0.42,0.28706244
1554780173955,26.202,121.4,0.00563,0.42,0.28706244
1554780174001,26.248,121.4,0.00563,0.42,0.28706244
1554780174063,26.31,121.3,0.00566,0.418,0.286981244
1554780174109,26.356,121.3,0.00566,0.418,0.286981244
1554780174155,26.402,121.3,0.00566,0.418,0.286981244
1554780174201,26.448,121.3,0.00566,0.418,0.286981244
1554780174262,26.509,121.4,0.00567,0.421,0.289790298
1554780174308,26.555,121.4,0.00567,0.421,0.289790298
1554780174354,26.601,121.4,0.00567,0.421,0.289790298
1554780174401,26.648,121.4,0.00567,0.421,0.289790298
1554780174462,26.709,121.4,0.00564,0.424,0.290311104
1554780174508,26.755,121.4,0.00564,0.424,0.290311104
1554780174554,26.801,121.4,0.00564,0.424,0.290311104
1554780174600,26.847,121.4,0.00564,0.424,0.290311104
1554780174662,26.909,121.4,0.00565,0.423,0.29013993
1554780174708,26.955,121.4,0.00565,0.423,0.29013993
1554780174755,27.002,121.4,0.00565,0.423,0.29013993
1554780174801,27.048,121.4,0.00565,0.423,0.29013993
1554780174862,27.109,121.4,0.00566,0.422,0.289966328
1554780174908,27.155,121.4,0.00566,0.422,0.289966328
1554780174955,27.202,121.4,0.00566,0.422,0.289966328
1554780175001,27.248,121.4,0.00566,0.422,0.289966328
1554780175062,27.309,121.3,0.00568,0.418,0.287995312
1554780175108,27.355,121.3,0.00568,0.418,0.287995312
1554780175154,27.401,121.3,0.00568,0.418,0.287995312
1554780175200,27.447,121.3,0.00568,0.418,0.287995312
1554780175263,27.51,121.3,0.00567,0.42,0.28886382
1554780175309,27.556,121.3,0.00567,0.42,0.28886382
1554780175355,27.602,121.3,0.00567,0.42,0.28886382
1554780175401,27.648,121.3,0.00567,0.42,0.28886382
1554780175463,27.71,121.4,0.00567,0.423,0.291166974
1554780175509,27.756,121.4,0.00567,0.423,0.291166974
1554780175555,27.802,121.4,0.00567,0.423,0.291166974
1554780175601,27.848,121.4,0.00567,0.423,0.291166974
1554780175662,27.909,121.4,0.00563,0.421,0.287745922
1554780175708,27.955,121.4,0.00563,0.421,0.287745922
1554780175755,28.002,121.4,0.00563,0.421,0.287745922
1554780175801,28.048,121.4,0.00563,0.421,0.287745922
1554780175862,28.109,121.4,0.00562,0.421,0.287234828
1554780175908,28.155,121.4,0.00562,0.421,0.287234828
1554780175954,28.201,121.4,0.00562,0.421,0.287234828
1554780176000,28.247,121.4,0.00562,0.421,0.287234828
1554780176062,28.309,121.3,0.00566,0.42,0.28835436
1554780176108,28.355,121.3,0.00566,0.42,0.28835436
1554780176154,28.401,121.3,0.00566,0.42,0.28835436
1554780176201,28.448,121.3,0.00566,0.42,0.28835436
1554780176262,28.509,121.4,0.00563,0.42,0.28706244
1554780176308,28.555,121.4,0.00563,0.42,0.28706244
1554780176354,28.601,121.4,0.00563,0.42,0.28706244
1554780176400,28.647,121.4,0.00563,0.42,0.28706244
1554780176462,28.709,121.4,0.00563,0.421,0.287745922
1554780176508,28.755,121.4,0.00563,0.421,0.287745922
1554780176555,28.802,121.4,0.00563,0.421,0.287745922
1554780176601,28.848,121.4,0.00563,0.421,0.287745922
1554780176662,28.909,121.4,0.00563,0.418,0.285695476
1554780176708,28.955,121.4,0.00563,0.418,0.285695476
1554780176754,29.001,121.4,0.00563,0.418,0.285695476
1554780176800,29.047,121.4,0.00563,0.418,0.285695476
1554780176863,29.11,121.4,0.00562,0.418,0.285188024
1554780176909,29.156,121.4,0.00562,0.418,0.285188024
1554780176955,29.202,121.4,0.00562,0.418,0.285188024
1554780177001,29.248,121.4,0.00562,0.418,0.285188024
1554780177062,29.309,121.3,0.00563,0.417,0.284777223
1554780177108,29.355,121.3,0.00563,0.417,0.284777223
1554780177154,29.401,121.3,0.00563,0.417,0.284777223
1554780177200,29.447,121.3,0.00563,0.417,0.284777223
1554780177262,29.509,121.3,0.00562,0.419,0.285634814
1554780177308,29.555,121.3,0.00562,0.419,0.285634814
1554780177354,29.601,121.3,0.00562,0.419,0.285634814
1554780177400,29.647,121.3,0.00562,0.419,0.285634814
1554780177462,29.71,121.4,0.00565,0.419,0.28739629
1554780177508,29.756,121.4,0.00565,0.419,0.28739629
1554780177555,29.802,121.4,0.00565,0.419,0.28739629
1554780177601,29.848,121.4,0.00565,0.419,0.28739629
1554780177662,29.909,121.4,0.00566,0.42,0.28859208
1554780177708,29.955,121.4,0.00566,0.42,0.28859208
1554780177754,30.001,121.4,0.00566,0.42,0.28859208
1554780177801,30.048,121.4,0.00566,0.42,0.28859208
1554780177862,30.109,121.4,0.0057,0.417,0.28855566
1554780177908,30.155,121.4,0.0057,0.417,0.28855566
1554780177954,30.201,121.4,0.0057,0.417,0.28855566
1554780178000,30.247,121.4,0.0057,0.417,0.28855566
1554780178062,30.309,121.4,0.00572,0.415,0.28817932
1554780178108,30.355,121.4,0.00572,0.415,0.28817932
1554780178154,30.401,121.4,0.00572,0.415,0.28817932
1554780178201,30.448,121.4,0.00572,0.415,0.28817932
1554780178262,30.509,121.3,0.00571,0.418,0.289516414
1554780178308,30.555,121.3,0.00571,0.418,0.289516414
1554780178354,30.601,121.3,0.00571,0.418,0.289516414
1554780178400,30.647,121.3,0.00571,0.418,0.289516414
1554780178462,30.709,121.4,0.00569,0.42,0.29012172
1554780178508,30.756,121.4,0.00569,0.42,0.29012172
1554780178555,30.802,121.4,0.00569,0.42,0.29012172
1554780178601,30.848,121.4,0.00569,0.42,0.29012172
1554780178662,30.909,121.4,0.0057,0.419,0.28993962
1554780178708,30.955,121.4,0.0057,0.419,0.28993962
1554780178754,31.001,121.4,0.0057,0.419,0.28993962
1554780178800,31.047,121.4,0.0057,0.419,0.28993962
1554780178862,31.109,121.4,0.00569,0.419,0.289430954
1554780178908,31.155,121.4,0.00569,0.419,0.289430954
1554780178954,31.201,121.4,0.00569,0.419,0.289430954
1554780179001,31.248,121.4,0.00569,0.419,0.289430954
1554780179062,31.309,121.4,0.00566,0.42,0.28859208
1554780179108,31.355,121.4,0.00566,0.42,0.28859208
1554780179154,31.401,121.4,0.00566,0.42,0.28859208
1554780179200,31.447,121.4,0.00566,0.42,0.28859208
1554780179262,31.509,121.4,0.00568,0.42,0.28961184
1554780179308,31.555,121.4,0.00568,0.42,0.28961184
1554780179354,31.601,121.4,0.00568,0.42,0.28961184
1554780179400,31.647,121.4,0.00568,0.42,0.28961184
1554780179462,31.709,121.4,0.00565,0.421,0.28876811
1554780179508,31.755,121.4,0.00565,0.421,0.28876811
1554780179554,31.801,121.4,0.00565,0.421,0.28876811
1554780179600,31.847,121.4,0.00565,0.421,0.28876811
1554780179662,31.909,121.4,0.00569,0.42,0.29012172
1554780179708,31.955,121.4,0.00569,0.42,0.29012172
1554780179755,32.002,121.4,0.00569,0.42,0.29012172
1554780179801,32.048,121.4,0.00569,0.42,0.29012172
1554780179862,32.109,121.4,0.00558,0.42,0.28451304
1554780179908,32.155,121.4,0.00558,0.42,0.28451304
1554780179954,32.201,121.4,0.00558,0.42,0.28451304
1554780180000,32.247,121.4,0.00558,0.42,0.28451304
1554780180062,32.309,121.3,0.00561,0.421,0.286487553
1554780180108,32.355,121.3,0.00561,0.421,0.286487553
1554780180155,32.402,121.3,0.00561,0.421,0.286487553
1554780180201,32.448,121.3,0.00561,0.421,0.286487553
1554780180262,32.509,121.3,0.00562,0.418,0.284953108
1554780180308,32.555,121.3,0.00562,0.418,0.284953108
1554780180354,32.601,121.3,0.00562,0.418,0.284953108
1554780180400,32.647,121.3,0.00562,0.418,0.284953108
1554780180462,32.709,121.4,0.00561,0.418,0.284680572
1554780180508,32.755,121.4,0.00561,0.418,0.284680572
1554780180554,32.801,121.4,0.00561,0.418,0.284680572
1554780180601,32.848,121.4,0.00561,0.418,0.284680572
1554780180662,32.909,121.4,0.00558,0.419,0.283835628
1554780180708,32.955,121.4,0.00558,0.419,0.283835628
1554780180753,33.0,121.4,0.00558,0.419,0.283835628
1554780180800,33.047,121.4,0.00558,0.419,0.283835628
1554780180862,33.109,121.4,0.00561,0.42,0.28604268
1554780180908,33.155,121.4,0.00561,0.42,0.28604268
1554780180954,33.201,121.4,0.00561,0.42,0.28604268
1554780181000,33.247,121.4,0.00561,0.42,0.28604268
1554780181063,33.31,121.3,0.00561,0.419,0.285126567
1554780181109,33.356,121.3,0.00561,0.419,0.285126567
1554780181154,33.401,121.3,0.00561,0.419,0.285126567
1554780181201,33.448,121.3,0.00561,0.419,0.285126567
1554780181262,33.509,121.3,0.00561,0.422,0.287168046
1554780181307,33.554,121.3,0.00561,0.422,0.287168046
1554780181354,33.601,121.3,0.00561,0.422,0.287168046
1554780181400,33.647,121.3,0.00561,0.422,0.287168046
1554780181462,33.709,121.3,0.00561,0.419,0.285126567
1554780181508,33.756,121.3,0.00561,0.419,0.285126567
1554780181555,33.802,121.3,0.00561,0.419,0.285126567
1554780181601,33.848,121.3,0.00561,0.419,0.285126567
1554780181662,33.909,121.4,0.00564,0.42,0.28757232
1554780181708,33.955,121.4,0.00564,0.42,0.28757232
1554780181754,34.001,121.4,0.00564,0.42,0.28757232
1554780181800,34.047,121.4,0.00564,0.42,0.28757232
1554780181863,34.11,121.4,0.00561,0.422,0.287404788
1554780181909,34.156,121.4,0.00561,0.422,0.287404788
1554780181955,34.202,121.4,0.00561,0.422,0.287404788
1554780182001,34.248,121.4,0.00561,0.422,0.287404788
1554780182062,34.309,121.4,0.00564,0.423,0.289626408
1554780182108,34.355,121.4,0.00564,0.423,0.289626408
1554780182154,34.401,121.4,0.00564,0.423,0.289626408
1554780182200,34.447,121.4,0.00564,0.423,0.289626408
1554780182262,34.509,121.4,0.00565,0.423,0.29013993
1554780182308,34.555,121.4,0.00565,0.423,0.29013993
1554780182354,34.601,121.4,0.00565,0.423,0.29013993
1554780182401,34.648,121.4,0.00565,0.423,0.29013993
1554780182462,34.709,121.4,0.00569,0.421,0.290812486
1554780182507,34.754,121.4,0.00569,0.421,0.290812486
1554780182554,34.801,121.4,0.00569,0.421,0.290812486
1554780182600,34.847,121.4,0.00569,0.421,0.290812486
1554780182662,34.909,121.4,0.00568,0.422,0.290990944
1554780182708,34.955,121.4,0.00568,0.422,0.290990944
1554780182754,35.001,121.4,0.00568,0.422,0.290990944
1554780182800,35.047,121.4,0.00568,0.422,0.290990944
1554780182861,35.109,121.4,0.00567,0.422,0.290478636
1554780182907,35.154,121.4,0.00567,0.422,0.290478636
1554780182953,35.2,121.4,0.00567,0.422,0.290478636
1554780183000,35.247,121.4,0.00567,0.422,0.290478636
1554780183062,35.309,121.4,0.00562,0.422,0.287917096
1554780183108,35.355,121.4,0.00562,0.422,0.287917096
1554780183154,35.401,121.4,0.00562,0.422,0.287917096
1554780183200,35.447,121.4,0.00562,0.422,0.287917096
1554780183262,35.509,121.4,0.00565,0.419,0.28739629
1554780183308,35.555,121.4,0.00565,0.419,0.28739629
1554780183354,35.601,121.4,0.00565,0.419,0.28739629
1554780183400,35.647,121.4,0.00565,0.419,0.28739629
1554780183462,35.709,121.4,0.00567,0.419,0.288413622
1554780183508,35.755,121.4,0.00567,0.419,0.288413622
1554780183554,35.801,121.4,0.00567,0.419,0.288413622
1554780183600,35.847,121.4,0.00567,0.419,0.288413622
1554780183663,35.91,121.4,0.00567,0.416,0.286348608
1554780183709,35.956,121.4,0.00567,0.416,0.286348608
1554780183755,36.002,121.4,0.00567,0.416,0.286348608
1554780183801,36.048,121.4,0.00567,0.416,0.286348608
1554780183862,36.109,121.4,0.00568,0.416,0.286853632
1554780183908,36.155,121.4,0.00568,0.416,0.286853632
1554780183954,36.201,121.4,0.00568,0.416,0.286853632
1554780184000,36.247,121.4,0.00568,0.416,0.286853632
1554780184062,36.309,121.4,0.00566,0.416,0.285843584
1554780184108,36.355,121.4,0.00566,0.416,0.285843584
1554780184154,36.401,121.4,0.00566,0.416,0.285843584
1554780184200,36.447,121.4,0.00566,0.416,0.285843584
1554780184262,36.509,121.3,0.00562,0.419,0.285634814
1554780184308,36.555,121.3,0.00562,0.419,0.285634814
1554780184354,36.601,121.3,0.00562,0.419,0.285634814
1554780184401,36.648,121.3,0.00562,0.419,0.285634814
1554780184462,36.709,121.3,0.00559,0.421,0.285466207
1554780184508,36.755,121.3,0.00559,0.421,0.285466207
1554780184554,36.801,121.3,0.00559,0.421,0.285466207
1554780184600,36.847,121.3,0.00559,0.421,0.285466207
1554780184662,36.909,121.4,0.00557,0.425,0.28738415
1554780184708,36.955,121.4,0.00557,0.425,0.28738415
1554780184754,37.001,121.4,0.00557,0.425,0.28738415
1554780184800,37.047,121.4,0.00557,0.425,0.28738415
1554780184863,37.11,121.4,0.00557,0.422,0.285355556
1554780184909,37.156,121.4,0.00557,0.422,0.285355556
1554780184955,37.202,121.4,0.00557,0.422,0.285355556
1554780185001,37.248,121.4,0.00557,0.422,0.285355556
1554780185062,37.309,121.3,0.00555,0.423,0.284769945
1554780185108,37.355,121.3,0.00555,0.423,0.284769945
1554780185154,37.401,121.3,0.00555,0.423,0.284769945
1554780185200,37.448,121.3,0.00555,0.423,0.284769945
1554780185262,37.509,121.3,0.0056,0.423,0.28733544
1554780185307,37.554,121.3,0.0056,0.423,0.28733544
1554780185353,37.6,121.3,0.0056,0.423,0.28733544
1554780185399,37.647,121.3,0.0056,0.423,0.28733544
1554780185462,37.709,121.3,0.00562,0.423,0.288361638
1554780185508,37.755,121.3,0.00562,0.423,0.288361638
1554780185554,37.801,121.3,0.00562,0.423,0.288361638
1554780185600,37.847,121.3,0.00562,0.423,0.288361638
1554780185662,37.909,121.4,0.00563,0.422,0.288429404
1554780185708,37.955,121.4,0.00563,0.422,0.288429404
1554780185754,38.001,121.4,0.00563,0.422,0.288429404
1554780185800,38.047,121.4,0.00563,0.422,0.288429404
1554780185863,38.11,121.4,0.00561,0.421,0.286723734
1554780185909,38.156,121.4,0.00561,0.421,0.286723734
1554780185955,38.202,121.4,0.00561,0.421,0.286723734
1554780186001,38.248,121.4,0.00561,0.421,0.286723734
1554780186062,38.309,121.4,0.00562,0.42,0.28655256
1554780186108,38.355,121.4,0.00562,0.42,0.28655256
1554780186154,38.401,121.4,0.00562,0.42,0.28655256
1554780186200,38.447,121.4,0.00562,0.42,0.28655256
1554780186262,38.509,121.3,0.00562,0.423,0.288361638
1554780186309,38.556,121.3,0.00562,0.423,0.288361638
1554780186355,38.602,121.3,0.00562,0.423,0.288361638
1554780186401,38.648,121.3,0.00562,0.423,0.288361638
1554780186462,38.709,121.4,0.00569,0.42,0.29012172
1554780186508,38.755,121.4,0.00569,0.42,0.29012172
1554780186554,38.801,121.4,0.00569,0.42,0.29012172
1554780186600,38.848,121.4,0.00569,0.42,0.29012172
1554780186662,38.909,121.4,0.00572,0.419,0.290956952
1554780186708,38.955,121.4,0.00572,0.419,0.290956952
1554780186754,39.001,121.4,0.00572,0.419,0.290956952
1554780186800,39.047,121.4,0.00572,0.419,0.290956952
1554780186862,39.109,121.4,0.00568,0.421,0.290301392
1554780186908,39.155,121.4,0.00568,0.421,0.290301392
1554780186955,39.202,121.4,0.00568,0.421,0.290301392
1554780187001,39.248,121.4,0.00568,0.421,0.290301392
1554780187062,39.309,121.4,0.00564,0.422,0.288941712
1554780187108,39.355,121.4,0.00564,0.422,0.288941712
1554780187154,39.401,121.4,0.00564,0.422,0.288941712
1554780187200,39.447,121.4,0.00564,0.422,0.288941712
1554780187263,39.51,121.4,0.00563,0.42,0.28706244
1554780187309,39.556,121.4,0.00563,0.42,0.28706244
1554780187355,39.602,121.4,0.00563,0.42,0.28706244
1554780187401,39.648,121.4,0.00563,0.42,0.28706244
1554780187462,39.709,121.4,0.00566,0.419,0.287904956
1554780187508,39.755,121.4,0.00566,0.419,0.287904956
1554780187554,39.801,121.4,0.00566,0.419,0.287904956
1554780187600,39.847,121.4,0.00566,0.419,0.287904956
1554780187662,39.91,121.4,0.00565,0.42,0.2880822
1554780187709,39.956,121.4,0.00565,0.42,0.2880822
1554780187755,40.002,121.4,0.00565,0.42,0.2880822
1554780187801,40.048,121.4,0.00565,0.42,0.2880822
1554780187862,40.109,121.4,0.00564,0.42,0.28757232
1554780187908,40.155,121.4,0.00564,0.42,0.28757232
1554780187954,40.201,121.4,0.00564,0.42,0.28757232
1554780188000,40.247,121.4,0.00564,0.42,0.28757232
1554780188063,40.31,121.4,0.0056,0.419,0.28485296
1554780188109,40.356,121.4,0.0056,0.419,0.28485296
1554780188155,40.402,121.4,0.0056,0.419,0.28485296
1554780188201,40.448,121.4,0.0056,0.419,0.28485296
1554780188262,40.509,121.4,0.00563,0.419,0.286378958
1554780188308,40.555,121.4,0.00563,0.419,0.286378958
1554780188355,40.602,121.4,0.00563,0.419,0.286378958
1554780188401,40.648,121.4,0.00563,0.419,0.286378958
1554780188462,40.709,121.4,0.00561,0.42,0.28604268
1554780188507,40.755,121.4,0.00561,0.42,0.28604268
1554780188554,40.801,121.4,0.00561,0.42,0.28604268
1554780188600,40.847,121.4,0.00561,0.42,0.28604268
1554780188662,40.909,121.4,0.00562,0.419,0.285870292
1554780188708,40.955,121.4,0.00562,0.419,0.285870292
1554780188754,41.002,121.4,0.00562,0.419,0.285870292
1554780188801,41.048,121.4,0.00562,0.419,0.285870292
1554780188862,41.109,121.4,0.00561,0.42,0.28604268
1554780188908,41.155,121.4,0.00561,0.42,0.28604268
1554780188954,41.201,121.4,0.00561,0.42,0.28604268
1554780189000,41.247,121.4,0.00561,0.42,0.28604268
1554780189062,41.309,121.4,0.0056,0.419,0.28485296
1554780189108,41.355,121.4,0.0056,0.419,0.28485296
1554780189155,41.402,121.4,0.0056,0.419,0.28485296
1554780189201,41.448,121.4,0.0056,0.419,0.28485296
1554780189262,41.509,121.3,0.00563,0.416,0.284094304
1554780189308,41.555,121.3,0.00563,0.416,0.284094304
1554780189354,41.601,121.3,0.00563,0.416,0.284094304
1554780189400,41.647,121.3,0.00563,0.416,0.284094304
1554780189463,41.71,121.3,0.00564,0.418,0.285967176
1554780189509,41.756,121.3,0.00564,0.418,0.285967176
1554780189555,41.802,121.3,0.00564,0.418,0.285967176
1554780189601,41.848,121.3,0.00564,0.418,0.285967176
1554780189662,41.909,121.3,0.00564,0.421,0.288019572
1554780189708,41.955,121.3,0.00564,0.421,0.288019572
1554780189754,42.001,121.3,0.00564,0.421,0.288019572
1554780189801,42.048,121.3,0.00564,0.421,0.288019572
1554780189862,42.109,121.4,0.00564,0.418,0.286202928
1554780189907,42.154,121.4,0.00564,0.418,0.286202928
1554780189954,42.201,121.4,0.00564,0.418,0.286202928
1554780190000,42.247,121.4,0.00564,0.418,0.286202928
1554780190062,42.309,121.3,0.00563,0.421,0.287508899
1554780190108,42.356,121.3,0.00563,0.421,0.287508899
1554780190155,42.402,121.3,0.00563,0.421,0.287508899
1554780190201,42.448,121.3,0.00563,0.421,0.287508899
1554780190262,42.509,121.3,0.0056,0.423,0.28733544
1554780190308,42.555,121.3,0.0056,0.423,0.28733544
1554780190354,42.601,121.3,0.0056,0.423,0.28733544
1554780190400,42.647,121.3,0.0056,0.423,0.28733544
1554780190461,42.708,121.3,0.00566,0.425,0.29178715
1554780190507,42.754,121.3,0.00566,0.425,0.29178715
1554780190553,42.8,121.3,0.00566,0.425,0.29178715
1554780190600,42.847,121.3,0.00566,0.425,0.29178715
1554780190662,42.909,121.4,0.00564,0.422,0.288941712
1554780190708,42.955,121.4,0.00564,0.422,0.288941712
1554780190754,43.001,121.4,0.00564,0.422,0.288941712
1554780190800,43.047,121.4,0.00564,0.422,0.288941712
1554780190863,43.11,121.4,0.00566,0.422,0.289966328
1554780190909,43.156,121.4,0.00566,0.422,0.289966328
1554780190958,43.205,121.4,0.00566,0.422,0.289966328
1554780191004,43.251,121.4,0.00566,0.422,0.289966328
1554780191062,43.309,121.4,0.00567,0.42,0.28910196
1554780191107,43.354,121.4,0.00567,0.42,0.28910196
1554780191154,43.401,121.4,0.00567,0.42,0.28910196
1554780191200,43.447,121.4,0.00567,0.42,0.28910196
1554780191262,43.509,121.4,0.00566,0.419,0.287904956
1554780191308,43.555,121.4,0.00566,0.419,0.287904956
1554780191354,43.601,121.4,0.00566,0.419,0.287904956
1554780191401,43.648,121.4,0.00566,0.419,0.287904956
1554780191462,43.709,121.4,0.00562,0.421,0.287234828
1554780191507,43.754,121.4,0.00562,0.421,0.287234828
1554780191554,43.801,121.4,0.00562,0.421,0.287234828
1554780191600,43.847,121.4,0.00562,0.421,0.287234828
1554780191662,43.909,121.4,0.00565,0.42,0.2880822
1554780191708,43.955,121.4,0.00565,0.42,0.2880822
1554780191754,44.001,121.4,0.00565,0.42,0.2880822
1554780191800,44.047,121.4,0.00565,0.42,0.2880822
1554780191862,44.109,121.4,0.00564,0.417,0.285518232
1554780191908,44.155,121.4,0.00564,0.417,0.285518232
1554780191954,44.201,121.4,0.00564,0.417,0.285518232
1554780192000,44.247,121.4,0.00564,0.417,0.285518232
1554780192062,44.309,121.4,0.00557,0.422,0.285355556
1554780192108,44.355,121.4,0.00557,0.422,0.285355556
1554780192154,44.401,121.4,0.00557,0.422,0.285355556
1554780192200,44.447,121.4,0.00557,0.422,0.285355556
1554780192262,44.509,121.4,0.00558,0.423,0.286545276
1554780192307,44.554,121.4,0.00558,0.423,0.286545276
1554780192353,44.6,121.4,0.00558,0.423,0.286545276
1554780192400,44.647,121.4,0.00558,0.423,0.286545276
1554780192462,44.709,121.4,0.00557,0.422,0.285355556
1554780192508,44.755,121.4,0.00557,0.422,0.285355556
1554780192554,44.801,121.4,0.00557,0.422,0.285355556
1554780192600,44.847,121.4,0.00557,0.422,0.285355556
1554780192661,44.909,121.4,0.0056,0.42,0.2855328
1554780192707,44.954,121.4,0.0056,0.42,0.2855328
1554780192753,45.0,121.4,0.0056,0.42,0.2855328
1554780192800,45.047,121.4,0.0056,0.42,0.2855328
1554780192862,45.109,121.4,0.00561,0.418,0.284680572
1554780192908,45.155,121.4,0.00561,0.418,0.284680572
1554780192954,45.201,121.4,0.00561,0.418,0.284680572
1554780193000,45.247,121.4,0.00561,0.418,0.284680572
1554780193061,45.309,121.4,0.00558,0.418,0.283158216
1554780193107,45.354,121.4,0.00558,0.418,0.283158216
1554780193154,45.401,121.4,0.00558,0.418,0.283158216
1554780193200,45.447,121.4,0.00558,0.418,0.283158216
1554780193262,45.509,121.3,0.0056,0.419,0.28461832
1554780193308,45.555,121.3,0.0056,0.419,0.28461832
1554780193354,45.601,121.3,0.0056,0.419,0.28461832
1554780193400,45.647,121.3,0.0056,0.419,0.28461832
1554780193462,45.709,121.3,0.00561,0.42,0.28580706
1554780193507,45.754,121.3,0.00561,0.42,0.28580706
1554780193553,45.8,121.3,0.00561,0.42,0.28580706
1554780193600,45.847,121.3,0.00561,0.42,0.28580706
1554780193662,45.909,121.4,0.00562,0.422,0.287917096
1554780193708,45.955,121.4,0.00562,0.422,0.287917096
1554780193754,46.001,121.4,0.00562,0.422,0.287917096
1554780193800,46.047,121.4,0.00562,0.422,0.287917096
1554780193861,46.109,121.4,0.00564,0.422,0.288941712
1554780193907,46.154,121.4,0.00564,0.422,0.288941712
1554780193953,46.2,121.4,0.00564,0.422,0.288941712
1554780194000,46.247,121.4,0.00564,0.422,0.288941712
1554780194062,46.309,121.4,0.00561,0.422,0.287404788
1554780194108,46.355,121.4,0.00561,0.422,0.287404788
1554780194154,46.401,121.4,0.00561,0.422,0.287404788
1554780194200,46.447,121.4,0.00561,0.422,0.287404788
1554780194262,46.509,121.3,0.00565,0.419,0.287159555
1554780194307,46.555,121.3,0.00565,0.419,0.287159555
1554780194354,46.601,121.3,0.00565,0.419,0.287159555
1554780194400,46.647,121.3,0.00565,0.419,0.287159555
1554780194462,46.71,121.3,0.0057,0.42,0.2903922
1554780194509,46.756,121.3,0.0057,0.42,0.2903922
1554780194555,46.802,121.3,0.0057,0.42,0.2903922
1554780194601,46.848,121.3,0.0057,0.42,0.2903922
1554780194662,46.909,121.4,0.00566,0.421,0.289279204
1554780194708,46.955,121.4,0.00566,0.421,0.289279204
1554780194754,47.001,121.4,0.00566,0.421,0.289279204
1554780194801,47.048,121.4,0.00566,0.421,0.289279204
1554780194862,47.109,121.4,0.00566,0.422,0.289966328
1554780194908,47.155,121.4,0.00566,0.422,0.289966328
1554780194954,47.201,121.4,0.00566,0.422,0.289966328
1554780195000,47.247,121.4,0.00566,0.422,0.289966328
1554780195061,47.308,121.4,0.00565,0.419,0.28739629
1554780195107,47.354,121.4,0.00565,0.419,0.28739629
1554780195153,47.4,121.4,0.00565,0.419,0.28739629
1554780195199,47.446,121.4,0.00565,0.419,0.28739629
1554780195262,47.509,121.4,0.00564,0.421,0.288257016
1554780195308,47.555,121.4,0.00564,0.421,0.288257016
1554780195354,47.601,121.4,0.00564,0.421,0.288257016
1554780195400,47.647,121.4,0.00564,0.421,0.288257016
1554780195462,47.709,121.4,0.00563,0.421,0.287745922
1554780195508,47.756,121.4,0.00563,0.421,0.287745922
1554780195555,47.802,121.4,0.00563,0.421,0.287745922
1554780195601,47.848,121.4,0.00563,0.421,0.287745922
1554780195662,47.909,121.4,0.00564,0.421,0.288257016
1554780195708,47.955,121.4,0.00564,0.421,0.288257016
1554780195754,48.001,121.4,0.00564,0.421,0.288257016
1554780195800,48.047,121.4,0.00564,0.421,0.288257016
1554780195862,48.109,121.4,0.00563,0.422,0.288429404
1554780195907,48.154,121.4,0.00563,0.422,0.288429404
1554780195953,48.2,121.4,0.00563,0.422,0.288429404
1554780196000,48.247,121.4,0.00563,0.422,0.288429404
1554780196062,48.309,121.4,0.00558,0.424,0.287222688
1554780196108,48.355,121.4,0.00558,0.424,0.287222688
1554780196154,48.401,121.4,0.00558,0.424,0.287222688
1554780196200,48.447,121.4,0.00558,0.424,0.287222688
1554780196261,48.508,121.4,0.00556,0.425,0.2868682
1554780196307,48.554,121.4,0.00556,0.425,0.2868682
1554780196353,48.6,121.4,0.00556,0.425,0.2868682
1554780196400,48.647,121.4,0.00556,0.425,0.2868682
1554780196462,48.709,121.4,0.00558,0.422,0.285867864
1554780196508,48.755,121.4,0.00558,0.422,0.285867864
1554780196554,48.801,121.4,0.00558,0.422,0.285867864
1554780196601,48.848,121.4,0.00558,0.422,0.285867864
1554780196662,48.909,121.4,0.00562,0.417,0.284505756
1554780196707,48.954,121.4,0.00562,0.417,0.284505756
1554780196754,49.001,121.4,0.00562,0.417,0.284505756
1554780196800,49.047,121.4,0.00562,0.417,0.284505756
1554780196862,49.109,121.4,0.00562,0.417,0.284505756
1554780196908,49.155,121.4,0.00562,0.417,0.284505756
1554780196954,49.201,121.4,0.00562,0.417,0.284505756
1554780197000,49.247,121.4,0.00562,0.417,0.284505756
1554780197062,49.309,121.4,0.00556,0.419,0.282818296
1554780197109,49.356,121.4,0.00556,0.419,0.282818296
1554780197155,49.402,121.4,0.00556,0.419,0.282818296
1554780197201,49.448,121.4,0.00556,0.419,0.282818296
1554780197262,49.509,121.4,0.00557,0.421,0.284679358
1554780197308,49.555,121.4,0.00557,0.421,0.284679358
1554780197354,49.601,121.4,0.00557,0.421,0.284679358
1554780197401,49.648,121.4,0.00557,0.421,0.284679358
1554780197462,49.709,121.3,0.00562,0.422,0.287679932
1554780197508,49.755,121.3,0.00562,0.422,0.287679932
1554780197554,49.801,121.3,0.00562,0.422,0.287679932
1554780197600,49.847,121.3,0.00562,0.422,0.287679932
1554780197662,49.909,121.4,0.00563,0.421,0.287745922
1554780197709,49.956,121.4,0.00563,0.421,0.287745922
1554780197755,50.002,121.4,0.00563,0.421,0.287745922
1554780197801,50.048,121.4,0.00563,0.421,0.287745922
1554780197862,50.109,121.3,0.00566,0.422,0.289727476
1554780197908,50.155,121.3,0.00566,0.422,0.289727476
1554780197954,50.201,121.3,0.00566,0.422,0.289727476
1554780198000,50.247,121.3,0.00566,0.422,0.289727476
1554780198062,50.309,121.4,0.00568,0.42,0.28961184
1554780198107,50.354,121.4,0.00568,0.42,0.28961184
1554780198154,50.401,121.4,0.00568,0.42,0.28961184
1554780198200,50.447,121.4,0.00568,0.42,0.28961184
1554780198262,50.509,121.3,0.00564,0.422,0.288703704
1554780198308,50.555,121.3,0.00564,0.422,0.288703704
1554780198354,50.601,121.3,0.00564,0.422,0.288703704
1554780198400,50.647,121.3,0.00564,0.422,0.288703704
1554780198462,50.709,121.3,0.00564,0.421,0.288019572
1554780198509,50.756,121.3,0.00564,0.421,0.288019572
1554780198555,50.802,121.3,0.00564,0.421,0.288019572
1554780198601,50.848,121.3,0.00564,0.421,0.288019572
1554780198662,50.909,121.3,0.0057,0.42,0.2903922
1554780198708,50.955,121.3,0.0057,0.42,0.2903922
1554780198754,51.001,121.3,0.0057,0.42,0.2903922
1554780198800,51.047,121.3,0.0057,0.42,0.2903922
1554780198861,51.109,121.4,0.0057,0.42,0.2906316
1554780198907,51.154,121.4,0.0057,0.42,0.2906316
1554780198953,51.2,121.4,0.0057,0.42,0.2906316
1554780199000,51.247,121.4,0.0057,0.42,0.2906316
1554780199062,51.309,121.4,0.0057,0.42,0.2906316
1554780199108,51.355,121.4,0.0057,0.42,0.2906316
1554780199154,51.401,121.4,0.0057,0.42,0.2906316
1554780199200,51.447,121.4,0.0057,0.42,0.2906316
1554780199262,51.509,121.3,0.00569,0.417,0.287812149
1554780199309,51.556,121.3,0.00569,0.417,0.287812149
1554780199355,51.602,121.3,0.00569,0.417,0.287812149
1554780199401,51.648,121.3,0.00569,0.417,0.287812149
1554780199462,51.709,121.3,0.00566,0.42,0.28835436
1554780199508,51.755,121.3,0.00566,0.42,0.28835436
1554780199555,51.802,121.3,0.00566,0.42,0.28835436
1554780199601,51.848,121.3,0.00566,0.42,0.28835436
1554780199662,51.909,121.4,0.00653,0.425,0.33691535
1554780199708,51.955,121.4,0.00653,0.425,0.33691535
1554780199755,52.002,121.4,0.00653,0.425,0.33691535
1554780199801,52.048,121.4,0.00653,0.425,0.33691535
1554780199862,52.109,121.4,0.00722,0.435,0.38128098
1554780199908,52.155,121.4,0.00722,0.435,0.38128098
1554780199955,52.202,121.4,0.00722,0.435,0.38128098
1554780200001,52.248,121.4,0.00722,0.435,0.38128098
1554780200062,52.309,121.4,0.00719,0.434,0.378823844
1554780200108,52.355,121.4,0.00719,0.434,0.378823844
1554780200154,52.401,121.4,0.00719,0.434,0.378823844
1554780200200,52.447,121.4,0.00719,0.434,0.378823844
1554780200261,52.508,121.4,0.00717,0.435,0.37864053
You pressed Ctrl+C!
1554780200307,52.555,121.4,0.00717,0.435,0.37864053
