# Mon Apr 08 21:49:35 2019
abstime,time_stamp,volt,curr,pf,mul
1554785375213,0.08,121.3,0.00596,0.424,0.306529952
1554785375260,0.127,121.3,0.00596,0.424,0.306529952
1554785375306,0.173,121.3,0.00596,0.424,0.306529952
1554785375359,0.226,121.3,0.00569,0.423,0.291953331
1554785375404,0.271,121.3,0.00569,0.423,0.291953331
1554785375449,0.316,121.3,0.00569,0.423,0.291953331
1554785375495,0.362,121.3,0.00569,0.423,0.291953331
1554785375559,0.426,121.3,0.00565,0.421,0.288530245
1554785375604,0.471,121.3,0.00565,0.421,0.288530245
1554785375649,0.516,121.3,0.00565,0.421,0.288530245
1554785375695,0.562,121.3,0.00565,0.421,0.288530245
1554785375760,0.627,121.2,0.00564,0.423,0.289149264
1554785375805,0.672,121.2,0.00564,0.423,0.289149264
1554785375851,0.718,121.2,0.00564,0.423,0.289149264
1554785375897,0.764,121.2,0.00564,0.423,0.289149264
1554785375959,0.826,121.2,0.00565,0.422,0.28897716
1554785376005,0.872,121.2,0.00565,0.422,0.28897716
1554785376051,0.918,121.2,0.00565,0.422,0.28897716
1554785376097,0.964,121.2,0.00565,0.422,0.28897716
1554785376159,1.026,121.2,0.00566,0.42,0.28811664
1554785376205,1.072,121.2,0.00566,0.42,0.28811664
1554785376251,1.119,121.2,0.00566,0.42,0.28811664
1554785376297,1.164,121.2,0.00566,0.42,0.28811664
1554785376360,1.227,121.2,0.00568,0.422,0.290511552
1554785376406,1.273,121.2,0.00568,0.422,0.290511552
1554785376452,1.319,121.2,0.00568,0.422,0.290511552
1554785376498,1.365,121.2,0.00568,0.422,0.290511552
1554785376559,1.427,121.2,0.00567,0.422,0.290000088
1554785376606,1.473,121.2,0.00567,0.422,0.290000088
1554785376652,1.519,121.2,0.00567,0.422,0.290000088
1554785376698,1.565,121.2,0.00567,0.422,0.290000088
1554785376759,1.626,121.2,0.00569,0.423,0.291712644
1554785376805,1.672,121.2,0.00569,0.423,0.291712644
1554785376851,1.718,121.2,0.00569,0.423,0.291712644
1554785376897,1.764,121.2,0.00569,0.423,0.291712644
1554785376960,1.827,121.2,0.00569,0.423,0.291712644
1554785377006,1.873,121.2,0.00569,0.423,0.291712644
1554785377052,1.919,121.2,0.00569,0.423,0.291712644
1554785377098,1.965,121.2,0.00569,0.423,0.291712644
1554785377159,2.026,121.2,0.00572,0.421,0.291864144
1554785377205,2.072,121.2,0.00572,0.421,0.291864144
1554785377251,2.118,121.2,0.00572,0.421,0.291864144
1554785377297,2.164,121.2,0.00572,0.421,0.291864144
1554785377360,2.227,121.2,0.00572,0.422,0.292557408
1554785377406,2.273,121.2,0.00572,0.422,0.292557408
1554785377452,2.319,121.2,0.00572,0.422,0.292557408
1554785377498,2.365,121.2,0.00572,0.422,0.292557408
1554785377559,2.426,121.3,0.0057,0.422,0.29177502
1554785377605,2.472,121.3,0.0057,0.422,0.29177502
1554785377651,2.518,121.3,0.0057,0.422,0.29177502
1554785377697,2.564,121.3,0.0057,0.422,0.29177502
1554785377760,2.627,121.2,0.0057,0.422,0.29153448
1554785377806,2.673,121.2,0.0057,0.422,0.29153448
1554785377853,2.72,121.2,0.0057,0.422,0.29153448
1554785377899,2.766,121.2,0.0057,0.422,0.29153448
1554785377959,2.826,121.3,0.00567,0.427,0.293678217
1554785378005,2.872,121.3,0.00567,0.427,0.293678217
1554785378051,2.918,121.3,0.00567,0.427,0.293678217
1554785378097,2.964,121.3,0.00567,0.427,0.293678217
1554785378160,3.027,121.3,0.00568,0.427,0.294196168
1554785378206,3.073,121.3,0.00568,0.427,0.294196168
1554785378252,3.119,121.3,0.00568,0.427,0.294196168
1554785378298,3.165,121.3,0.00568,0.427,0.294196168
1554785378359,3.226,121.3,0.00572,0.423,0.293492628
1554785378406,3.273,121.3,0.00572,0.423,0.293492628
1554785378452,3.319,121.3,0.00572,0.423,0.293492628
1554785378498,3.365,121.3,0.00572,0.423,0.293492628
1554785378559,3.426,121.3,0.00572,0.42,0.29141112
1554785378605,3.472,121.3,0.00572,0.42,0.29141112
1554785378651,3.518,121.3,0.00572,0.42,0.29141112
1554785378697,3.564,121.3,0.00572,0.42,0.29141112
1554785378760,3.627,121.3,0.00569,0.422,0.291263134
1554785378806,3.673,121.3,0.00569,0.422,0.291263134
1554785378852,3.719,121.3,0.00569,0.422,0.291263134
1554785378898,3.765,121.3,0.00569,0.422,0.291263134
1554785378959,3.826,121.3,0.00568,0.421,0.290062264
1554785379005,3.872,121.3,0.00568,0.421,0.290062264
1554785379051,3.918,121.3,0.00568,0.421,0.290062264
1554785379097,3.964,121.3,0.00568,0.421,0.290062264
1554785379160,4.027,121.3,0.00568,0.421,0.290062264
1554785379206,4.073,121.3,0.00568,0.421,0.290062264
1554785379252,4.119,121.3,0.00568,0.421,0.290062264
1554785379298,4.165,121.3,0.00568,0.421,0.290062264
1554785379359,4.226,121.3,0.00566,0.422,0.289727476
1554785379405,4.272,121.3,0.00566,0.422,0.289727476
1554785379451,4.318,121.3,0.00566,0.422,0.289727476
1554785379497,4.364,121.3,0.00566,0.422,0.289727476
1554785379560,4.427,121.3,0.00565,0.421,0.288530245
1554785379606,4.473,121.3,0.00565,0.421,0.288530245
1554785379652,4.519,121.3,0.00565,0.421,0.288530245
1554785379698,4.565,121.3,0.00565,0.421,0.288530245
1554785379759,4.626,121.2,0.00565,0.42,0.2876076
1554785379805,4.672,121.2,0.00565,0.42,0.2876076
1554785379852,4.719,121.2,0.00565,0.42,0.2876076
1554785379898,4.765,121.2,0.00565,0.42,0.2876076
1554785379959,4.826,121.2,0.00562,0.423,0.288123912
1554785380005,4.872,121.2,0.00562,0.423,0.288123912
1554785380051,4.918,121.2,0.00562,0.423,0.288123912
1554785380097,4.964,121.2,0.00562,0.423,0.288123912
1554785380160,5.027,121.2,0.00562,0.422,0.287442768
1554785380206,5.073,121.2,0.00562,0.422,0.287442768
1554785380252,5.119,121.2,0.00562,0.422,0.287442768
1554785380298,5.165,121.2,0.00562,0.422,0.287442768
1554785380359,5.226,121.2,0.00564,0.424,0.289832832
1554785380406,5.273,121.2,0.00564,0.424,0.289832832
1554785380452,5.319,121.2,0.00564,0.424,0.289832832
1554785380498,5.365,121.2,0.00564,0.424,0.289832832
1554785380559,5.426,121.2,0.00565,0.42,0.2876076
1554785380605,5.472,121.2,0.00565,0.42,0.2876076
1554785380651,5.518,121.2,0.00565,0.42,0.2876076
1554785380697,5.564,121.2,0.00565,0.42,0.2876076
1554785380760,5.627,121.2,0.00564,0.422,0.288465696
1554785380806,5.673,121.2,0.00564,0.422,0.288465696
1554785380852,5.719,121.2,0.00564,0.422,0.288465696
1554785380898,5.765,121.2,0.00564,0.422,0.288465696
1554785380959,5.826,121.2,0.0057,0.422,0.29153448
1554785381005,5.872,121.2,0.0057,0.422,0.29153448
1554785381051,5.918,121.2,0.0057,0.422,0.29153448
1554785381098,5.965,121.2,0.0057,0.422,0.29153448
1554785381159,6.026,121.2,0.0057,0.422,0.29153448
1554785381205,6.072,121.2,0.0057,0.422,0.29153448
1554785381251,6.118,121.2,0.0057,0.422,0.29153448
1554785381297,6.164,121.2,0.0057,0.422,0.29153448
1554785381359,6.226,121.2,0.00572,0.423,0.293250672
1554785381405,6.273,121.2,0.00572,0.423,0.293250672
1554785381451,6.319,121.2,0.00572,0.423,0.293250672
1554785381498,6.365,121.2,0.00572,0.423,0.293250672
1554785381559,6.426,121.2,0.00569,0.421,0.290333388
1554785381605,6.472,121.2,0.00569,0.421,0.290333388
1554785381651,6.518,121.2,0.00569,0.421,0.290333388
1554785381697,6.564,121.2,0.00569,0.421,0.290333388
1554785381759,6.626,121.2,0.00572,0.423,0.293250672
1554785381806,6.673,121.2,0.00572,0.423,0.293250672
1554785381852,6.719,121.2,0.00572,0.423,0.293250672
1554785381898,6.765,121.2,0.00572,0.423,0.293250672
1554785381959,6.826,121.2,0.00576,0.422,0.294603264
1554785382005,6.872,121.2,0.00576,0.422,0.294603264
1554785382052,6.919,121.2,0.00576,0.422,0.294603264
1554785382098,6.965,121.2,0.00576,0.422,0.294603264
1554785382159,7.026,121.3,0.00573,0.42,0.29192058
1554785382205,7.072,121.3,0.00573,0.42,0.29192058
1554785382251,7.118,121.3,0.00573,0.42,0.29192058
1554785382297,7.164,121.3,0.00573,0.42,0.29192058
1554785382359,7.226,121.3,0.0057,0.424,0.29315784
1554785382405,7.272,121.3,0.0057,0.424,0.29315784
1554785382451,7.318,121.3,0.0057,0.424,0.29315784
1554785382498,7.365,121.3,0.0057,0.424,0.29315784
1554785382559,7.426,121.3,0.00569,0.423,0.291953331
1554785382605,7.472,121.3,0.00569,0.423,0.291953331
1554785382651,7.518,121.3,0.00569,0.423,0.291953331
1554785382697,7.564,121.3,0.00569,0.423,0.291953331
1554785382759,7.626,121.3,0.00563,0.423,0.288874737
1554785382805,7.673,121.3,0.00563,0.423,0.288874737
1554785382852,7.719,121.3,0.00563,0.423,0.288874737
1554785382898,7.765,121.3,0.00563,0.423,0.288874737
1554785382959,7.826,121.3,0.00567,0.423,0.290927133
1554785383005,7.872,121.3,0.00567,0.423,0.290927133
1554785383051,7.918,121.3,0.00567,0.423,0.290927133
1554785383097,7.964,121.3,0.00567,0.423,0.290927133
1554785383159,8.026,121.3,0.00565,0.424,0.29058628
1554785383205,8.072,121.3,0.00565,0.424,0.29058628
1554785383251,8.118,121.3,0.00565,0.424,0.29058628
1554785383298,8.165,121.3,0.00565,0.424,0.29058628
1554785383359,8.226,121.3,0.00564,0.422,0.288703704
1554785383405,8.272,121.3,0.00564,0.422,0.288703704
1554785383451,8.318,121.3,0.00564,0.422,0.288703704
1554785383497,8.364,121.3,0.00564,0.422,0.288703704
1554785383560,8.427,121.3,0.00563,0.423,0.288874737
1554785383606,8.473,121.3,0.00563,0.423,0.288874737
1554785383652,8.519,121.3,0.00563,0.423,0.288874737
1554785383698,8.565,121.3,0.00563,0.423,0.288874737
1554785383759,8.626,121.3,0.00559,0.421,0.285466207
1554785383804,8.671,121.3,0.00559,0.421,0.285466207
1554785383851,8.718,121.3,0.00559,0.421,0.285466207
1554785383897,8.764,121.3,0.00559,0.421,0.285466207
1554785383959,8.826,121.3,0.00561,0.421,0.286487553
1554785384006,8.873,121.3,0.00561,0.421,0.286487553
1554785384052,8.919,121.3,0.00561,0.421,0.286487553
1554785384098,8.965,121.3,0.00561,0.421,0.286487553
1554785384159,9.026,121.2,0.00561,0.425,0.2889711
1554785384205,9.072,121.2,0.00561,0.425,0.2889711
1554785384251,9.118,121.2,0.00561,0.425,0.2889711
1554785384297,9.164,121.2,0.00561,0.425,0.2889711
1554785384360,9.227,121.2,0.00567,0.42,0.28862568
1554785384406,9.273,121.2,0.00567,0.42,0.28862568
1554785384452,9.319,121.2,0.00567,0.42,0.28862568
1554785384498,9.365,121.2,0.00567,0.42,0.28862568
1554785384559,9.426,121.2,0.00566,0.418,0.286744656
1554785384605,9.472,121.2,0.00566,0.418,0.286744656
1554785384651,9.518,121.2,0.00566,0.418,0.286744656
1554785384697,9.564,121.2,0.00566,0.418,0.286744656
1554785384759,9.626,121.2,0.00562,0.424,0.288805056
1554785384804,9.671,121.2,0.00562,0.424,0.288805056
1554785384850,9.718,121.2,0.00562,0.424,0.288805056
1554785384897,9.764,121.2,0.00562,0.424,0.288805056
1554785384959,9.826,121.1,0.0056,0.424,0.28753984
1554785385005,9.872,121.1,0.0056,0.424,0.28753984
1554785385051,9.918,121.1,0.0056,0.424,0.28753984
1554785385098,9.965,121.1,0.0056,0.424,0.28753984
1554785385159,10.026,121.1,0.00568,0.426,0.293023248
1554785385205,10.072,121.1,0.00568,0.426,0.293023248
1554785385251,10.118,121.1,0.00568,0.426,0.293023248
1554785385297,10.164,121.1,0.00568,0.426,0.293023248
1554785385360,10.227,121.1,0.0057,0.425,0.29336475
1554785385405,10.272,121.1,0.0057,0.425,0.29336475
1554785385452,10.319,121.1,0.0057,0.425,0.29336475
1554785385498,10.365,121.1,0.0057,0.425,0.29336475
1554785385559,10.426,121.2,0.00572,0.421,0.291864144
1554785385605,10.472,121.2,0.00572,0.421,0.291864144
1554785385652,10.519,121.2,0.00572,0.421,0.291864144
1554785385698,10.565,121.2,0.00572,0.421,0.291864144
1554785385759,10.626,121.2,0.00573,0.421,0.292374396
1554785385805,10.672,121.2,0.00573,0.421,0.292374396
1554785385851,10.718,121.2,0.00573,0.421,0.292374396
1554785385897,10.764,121.2,0.00573,0.421,0.292374396
1554785385959,10.827,121.2,0.00573,0.423,0.293763348
1554785386006,10.873,121.2,0.00573,0.423,0.293763348
1554785386052,10.919,121.2,0.00573,0.423,0.293763348
1554785386098,10.965,121.2,0.00573,0.423,0.293763348
1554785386159,11.026,121.2,0.00573,0.422,0.293068872
1554785386205,11.073,121.2,0.00573,0.422,0.293068872
1554785386252,11.119,121.2,0.00573,0.422,0.293068872
1554785386298,11.165,121.2,0.00573,0.422,0.293068872
1554785386359,11.226,121.2,0.00573,0.421,0.292374396
1554785386405,11.272,121.2,0.00573,0.421,0.292374396
1554785386451,11.318,121.2,0.00573,0.421,0.292374396
1554785386497,11.364,121.2,0.00573,0.421,0.292374396
1554785386560,11.427,121.3,0.00572,0.42,0.29141112
1554785386606,11.473,121.3,0.00572,0.42,0.29141112
1554785386652,11.519,121.3,0.00572,0.42,0.29141112
1554785386698,11.565,121.3,0.00572,0.42,0.29141112
1554785386759,11.626,121.3,0.00571,0.418,0.289516414
1554785386805,11.672,121.3,0.00571,0.418,0.289516414
1554785386851,11.718,121.3,0.00571,0.418,0.289516414
1554785386897,11.764,121.3,0.00571,0.418,0.289516414
1554785386959,11.826,121.3,0.00573,0.418,0.290530482
1554785387006,11.873,121.3,0.00573,0.418,0.290530482
1554785387052,11.919,121.3,0.00573,0.418,0.290530482
1554785387098,11.965,121.3,0.00573,0.418,0.290530482
1554785387159,12.026,121.3,0.00568,0.421,0.290062264
1554785387205,12.072,121.3,0.00568,0.421,0.290062264
1554785387251,12.118,121.3,0.00568,0.421,0.290062264
1554785387297,12.164,121.3,0.00568,0.421,0.290062264
1554785387359,12.226,121.3,0.00564,0.421,0.288019572
1554785387406,12.273,121.3,0.00564,0.421,0.288019572
1554785387452,12.319,121.3,0.00564,0.421,0.288019572
1554785387498,12.365,121.3,0.00564,0.421,0.288019572
1554785387559,12.426,121.3,0.00567,0.419,0.288176049
1554785387605,12.472,121.3,0.00567,0.419,0.288176049
1554785387651,12.518,121.3,0.00567,0.419,0.288176049
1554785387697,12.564,121.3,0.00567,0.419,0.288176049
1554785387758,12.626,121.3,0.00563,0.42,0.28682598
1554785387804,12.671,121.3,0.00563,0.42,0.28682598
1554785387850,12.717,121.3,0.00563,0.42,0.28682598
1554785387897,12.764,121.3,0.00563,0.42,0.28682598
1554785387959,12.826,121.3,0.00563,0.42,0.28682598
1554785388005,12.872,121.3,0.00563,0.42,0.28682598
1554785388051,12.918,121.3,0.00563,0.42,0.28682598
1554785388097,12.964,121.3,0.00563,0.42,0.28682598
1554785388159,13.026,121.3,0.00567,0.42,0.28886382
1554785388204,13.071,121.3,0.00567,0.42,0.28886382
1554785388251,13.118,121.3,0.00567,0.42,0.28886382
1554785388297,13.164,121.3,0.00567,0.42,0.28886382
1554785388359,13.226,121.2,0.00565,0.422,0.28897716
1554785388405,13.272,121.2,0.00565,0.422,0.28897716
1554785388451,13.318,121.2,0.00565,0.422,0.28897716
1554785388497,13.365,121.2,0.00565,0.422,0.28897716
1554785388558,13.426,121.3,0.00567,0.421,0.289551591
1554785388605,13.472,121.3,0.00567,0.421,0.289551591
1554785388651,13.518,121.3,0.00567,0.421,0.289551591
1554785388697,13.564,121.3,0.00567,0.421,0.289551591
1554785388759,13.626,121.2,0.00561,0.421,0.286251372
1554785388806,13.673,121.2,0.00561,0.421,0.286251372
1554785388852,13.719,121.2,0.00561,0.421,0.286251372
1554785388898,13.765,121.2,0.00561,0.421,0.286251372
1554785388959,13.826,121.2,0.00564,0.423,0.289149264
1554785389005,13.872,121.2,0.00564,0.423,0.289149264
1554785389051,13.918,121.2,0.00564,0.423,0.289149264
1554785389097,13.964,121.2,0.00564,0.423,0.289149264
1554785389159,14.026,121.2,0.00572,0.42,0.29117088
1554785389206,14.073,121.2,0.00572,0.42,0.29117088
1554785389252,14.119,121.2,0.00572,0.42,0.29117088
1554785389298,14.165,121.2,0.00572,0.42,0.29117088
1554785389359,14.226,121.2,0.0057,0.422,0.29153448
1554785389405,14.272,121.2,0.0057,0.422,0.29153448
1554785389451,14.318,121.2,0.0057,0.422,0.29153448
1554785389497,14.364,121.2,0.0057,0.422,0.29153448
1554785389558,14.425,121.2,0.00566,0.424,0.290860608
1554785389604,14.471,121.2,0.00566,0.424,0.290860608
1554785389651,14.518,121.2,0.00566,0.424,0.290860608
1554785389697,14.564,121.2,0.00566,0.424,0.290860608
1554785389759,14.626,121.2,0.00567,0.423,0.290687292
1554785389805,14.672,121.2,0.00567,0.423,0.290687292
1554785389851,14.718,121.2,0.00567,0.423,0.290687292
1554785389897,14.765,121.2,0.00567,0.423,0.290687292
1554785389958,14.826,121.2,0.0057,0.421,0.29084364
1554785390004,14.871,121.2,0.0057,0.421,0.29084364
1554785390050,14.917,121.2,0.0057,0.421,0.29084364
1554785390097,14.964,121.2,0.0057,0.421,0.29084364
1554785390159,15.026,121.2,0.00576,0.42,0.29320704
1554785390205,15.072,121.2,0.00576,0.42,0.29320704
1554785390251,15.118,121.2,0.00576,0.42,0.29320704
1554785390297,15.164,121.2,0.00576,0.42,0.29320704
1554785390358,15.225,121.2,0.0057,0.423,0.29222532
1554785390404,15.271,121.2,0.0057,0.423,0.29222532
1554785390450,15.317,121.2,0.0057,0.423,0.29222532
1554785390496,15.364,121.2,0.0057,0.423,0.29222532
1554785390559,15.426,121.3,0.00569,0.421,0.290572937
1554785390605,15.472,121.3,0.00569,0.421,0.290572937
1554785390651,15.518,121.3,0.00569,0.421,0.290572937
1554785390697,15.564,121.3,0.00569,0.421,0.290572937
1554785390758,15.625,121.3,0.0057,0.422,0.29177502
1554785390804,15.671,121.3,0.0057,0.422,0.29177502
1554785390850,15.718,121.3,0.0057,0.422,0.29177502
1554785390896,15.763,121.3,0.0057,0.422,0.29177502
1554785390959,15.826,121.3,0.00567,0.422,0.290239362
1554785391005,15.872,121.3,0.00567,0.422,0.290239362
1554785391051,15.918,121.3,0.00567,0.422,0.290239362
1554785391097,15.964,121.3,0.00567,0.422,0.290239362
1554785391158,16.025,121.3,0.00564,0.424,0.290071968
1554785391204,16.071,121.3,0.00564,0.424,0.290071968
1554785391250,16.117,121.3,0.00564,0.424,0.290071968
1554785391297,16.164,121.3,0.00564,0.424,0.290071968
1554785391359,16.226,121.3,0.00563,0.422,0.288191818
1554785391405,16.272,121.3,0.00563,0.422,0.288191818
1554785391451,16.318,121.3,0.00563,0.422,0.288191818
1554785391497,16.364,121.3,0.00563,0.422,0.288191818
1554785391558,16.425,121.3,0.0057,0.418,0.28900938
1554785391604,16.471,121.3,0.0057,0.418,0.28900938
1554785391650,16.517,121.3,0.0057,0.418,0.28900938
1554785391696,16.563,121.3,0.0057,0.418,0.28900938
1554785391759,16.626,121.3,0.00566,0.418,0.286981244
1554785391805,16.672,121.3,0.00566,0.418,0.286981244
1554785391851,16.718,121.3,0.00566,0.418,0.286981244
1554785391897,16.764,121.3,0.00566,0.418,0.286981244
1554785391958,16.825,121.3,0.00562,0.42,0.28631652
1554785392004,16.871,121.3,0.00562,0.42,0.28631652
1554785392050,16.917,121.3,0.00562,0.42,0.28631652
1554785392096,16.964,121.3,0.00562,0.42,0.28631652
1554785392159,17.026,121.3,0.00558,0.421,0.284955534
1554785392205,17.072,121.3,0.00558,0.421,0.284955534
1554785392251,17.118,121.3,0.00558,0.421,0.284955534
1554785392297,17.164,121.3,0.00558,0.421,0.284955534
1554785392358,17.225,121.2,0.00563,0.423,0.288636588
1554785392404,17.271,121.2,0.00563,0.423,0.288636588
1554785392450,17.317,121.2,0.00563,0.423,0.288636588
1554785392496,17.363,121.2,0.00563,0.423,0.288636588
1554785392558,17.425,121.2,0.00565,0.422,0.28897716
1554785392605,17.472,121.2,0.00565,0.422,0.28897716
1554785392651,17.518,121.2,0.00565,0.422,0.28897716
1554785392697,17.564,121.2,0.00565,0.422,0.28897716
1554785392759,17.626,121.2,0.00568,0.419,0.288446304
1554785392805,17.672,121.2,0.00568,0.419,0.288446304
1554785392852,17.719,121.2,0.00568,0.419,0.288446304
1554785392898,17.765,121.2,0.00568,0.419,0.288446304
1554785392959,17.826,121.2,0.00564,0.421,0.287782128
1554785393005,17.872,121.2,0.00564,0.421,0.287782128
1554785393051,17.918,121.2,0.00564,0.421,0.287782128
1554785393097,17.964,121.2,0.00564,0.421,0.287782128
1554785393158,18.025,121.2,0.00567,0.421,0.289312884
1554785393205,18.072,121.2,0.00567,0.421,0.289312884
1554785393251,18.118,121.2,0.00567,0.421,0.289312884
1554785393297,18.164,121.2,0.00567,0.421,0.289312884
1554785393359,18.226,121.2,0.00569,0.423,0.291712644
1554785393405,18.272,121.2,0.00569,0.423,0.291712644
1554785393452,18.319,121.2,0.00569,0.423,0.291712644
1554785393498,18.365,121.2,0.00569,0.423,0.291712644
1554785393559,18.426,121.2,0.00574,0.421,0.292884648
1554785393605,18.472,121.2,0.00574,0.421,0.292884648
1554785393651,18.518,121.2,0.00574,0.421,0.292884648
1554785393697,18.564,121.2,0.00574,0.421,0.292884648
1554785393758,18.625,121.2,0.00568,0.422,0.290511552
1554785393805,18.672,121.2,0.00568,0.422,0.290511552
1554785393851,18.718,121.2,0.00568,0.422,0.290511552
1554785393897,18.764,121.2,0.00568,0.422,0.290511552
1554785393958,18.825,121.2,0.00574,0.421,0.292884648
1554785394004,18.871,121.2,0.00574,0.421,0.292884648
1554785394050,18.917,121.2,0.00574,0.421,0.292884648
1554785394096,18.963,121.2,0.00574,0.421,0.292884648
1554785394158,19.026,121.2,0.00575,0.416,0.2899104
1554785394205,19.072,121.2,0.00575,0.416,0.2899104
1554785394250,19.118,121.2,0.00575,0.416,0.2899104
1554785394297,19.164,121.2,0.00575,0.416,0.2899104
1554785394359,19.226,121.2,0.00571,0.422,0.292045944
1554785394405,19.272,121.2,0.00571,0.422,0.292045944
1554785394451,19.318,121.2,0.00571,0.422,0.292045944
1554785394497,19.364,121.2,0.00571,0.422,0.292045944
1554785394559,19.426,121.2,0.00569,0.423,0.291712644
1554785394605,19.472,121.2,0.00569,0.423,0.291712644
1554785394651,19.518,121.2,0.00569,0.423,0.291712644
1554785394697,19.564,121.2,0.00569,0.423,0.291712644
1554785394758,19.625,121.3,0.00564,0.422,0.288703704
1554785394804,19.671,121.3,0.00564,0.422,0.288703704
1554785394850,19.717,121.3,0.00564,0.422,0.288703704
1554785394896,19.763,121.3,0.00564,0.422,0.288703704
1554785394959,19.826,121.3,0.00564,0.422,0.288703704
1554785395005,19.872,121.3,0.00564,0.422,0.288703704
1554785395051,19.918,121.3,0.00564,0.422,0.288703704
1554785395097,19.964,121.3,0.00564,0.422,0.288703704
1554785395158,20.025,121.3,0.00565,0.424,0.29058628
1554785395204,20.071,121.3,0.00565,0.424,0.29058628
1554785395250,20.117,121.3,0.00565,0.424,0.29058628
1554785395296,20.163,121.3,0.00565,0.424,0.29058628
1554785395359,20.226,121.3,0.00564,0.422,0.288703704
1554785395405,20.272,121.3,0.00564,0.422,0.288703704
1554785395451,20.318,121.3,0.00564,0.422,0.288703704
1554785395497,20.364,121.3,0.00564,0.422,0.288703704
1554785395558,20.425,121.3,0.00565,0.421,0.288530245
1554785395604,20.471,121.3,0.00565,0.421,0.288530245
1554785395650,20.517,121.3,0.00565,0.421,0.288530245
1554785395696,20.563,121.3,0.00565,0.421,0.288530245
1554785395759,20.626,121.3,0.00561,0.422,0.287168046
1554785395805,20.672,121.3,0.00561,0.422,0.287168046
1554785395851,20.718,121.3,0.00561,0.422,0.287168046
1554785395897,20.764,121.3,0.00561,0.422,0.287168046
1554785395959,20.826,121.3,0.00561,0.422,0.287168046
1554785396005,20.872,121.3,0.00561,0.422,0.287168046
1554785396051,20.918,121.3,0.00561,0.422,0.287168046
1554785396097,20.965,121.3,0.00561,0.422,0.287168046
1554785396158,21.026,121.2,0.00562,0.421,0.286761624
1554785396205,21.072,121.2,0.00562,0.421,0.286761624
1554785396251,21.118,121.2,0.00562,0.421,0.286761624
1554785396297,21.164,121.2,0.00562,0.421,0.286761624
1554785396359,21.226,121.3,0.00563,0.425,0.290240575
1554785396405,21.272,121.3,0.00563,0.425,0.290240575
1554785396451,21.318,121.3,0.00563,0.425,0.290240575
1554785396497,21.364,121.3,0.00563,0.425,0.290240575
1554785396558,21.425,121.3,0.00563,0.421,0.287508899
1554785396605,21.472,121.3,0.00563,0.421,0.287508899
1554785396651,21.518,121.3,0.00563,0.421,0.287508899
1554785396697,21.564,121.3,0.00563,0.421,0.287508899
1554785396759,21.626,121.3,0.00567,0.42,0.28886382
1554785396805,21.672,121.3,0.00567,0.42,0.28886382
1554785396851,21.718,121.3,0.00567,0.42,0.28886382
1554785396898,21.765,121.3,0.00567,0.42,0.28886382
1554785396959,21.826,121.3,0.00564,0.424,0.290071968
1554785397005,21.872,121.3,0.00564,0.424,0.290071968
1554785397051,21.918,121.3,0.00564,0.424,0.290071968
1554785397097,21.964,121.3,0.00564,0.424,0.290071968
1554785397159,22.026,121.2,0.00566,0.423,0.290174616
1554785397205,22.072,121.2,0.00566,0.423,0.290174616
1554785397251,22.118,121.2,0.00566,0.423,0.290174616
1554785397297,22.164,121.2,0.00566,0.423,0.290174616
1554785397358,22.225,121.2,0.00568,0.422,0.290511552
1554785397404,22.271,121.2,0.00568,0.422,0.290511552
1554785397450,22.317,121.2,0.00568,0.422,0.290511552
1554785397496,22.363,121.2,0.00568,0.422,0.290511552
1554785397559,22.426,121.2,0.00571,0.423,0.292737996
1554785397605,22.472,121.2,0.00571,0.423,0.292737996
1554785397651,22.518,121.2,0.00571,0.423,0.292737996
1554785397697,22.564,121.2,0.00571,0.423,0.292737996
1554785397758,22.625,121.2,0.00567,0.422,0.290000088
1554785397804,22.671,121.2,0.00567,0.422,0.290000088
1554785397850,22.717,121.2,0.00567,0.422,0.290000088
1554785397896,22.764,121.2,0.00567,0.422,0.290000088
1554785397959,22.826,121.2,0.00572,0.421,0.291864144
1554785398005,22.872,121.2,0.00572,0.421,0.291864144
1554785398051,22.918,121.2,0.00572,0.421,0.291864144
1554785398097,22.964,121.2,0.00572,0.421,0.291864144
1554785398158,23.025,121.2,0.00571,0.421,0.291353892
1554785398204,23.071,121.2,0.00571,0.421,0.291353892
1554785398250,23.117,121.2,0.00571,0.421,0.291353892
1554785398296,23.163,121.2,0.00571,0.421,0.291353892
1554785398359,23.226,121.2,0.00571,0.423,0.292737996
1554785398405,23.272,121.2,0.00571,0.423,0.292737996
1554785398451,23.318,121.2,0.00571,0.423,0.292737996
1554785398497,23.364,121.2,0.00571,0.423,0.292737996
1554785398558,23.425,121.3,0.00571,0.421,0.291594283
1554785398605,23.472,121.3,0.00571,0.421,0.291594283
1554785398651,23.518,121.3,0.00571,0.421,0.291594283
1554785398697,23.564,121.3,0.00571,0.421,0.291594283
1554785398759,23.626,121.3,0.00567,0.421,0.289551591
1554785398805,23.672,121.3,0.00567,0.421,0.289551591
1554785398851,23.718,121.3,0.00567,0.421,0.289551591
1554785398898,23.765,121.3,0.00567,0.421,0.289551591
1554785398959,23.826,121.3,0.00566,0.419,0.287667802
1554785399005,23.872,121.3,0.00566,0.419,0.287667802
1554785399051,23.918,121.3,0.00566,0.419,0.287667802
1554785399097,23.964,121.3,0.00566,0.419,0.287667802
1554785399158,24.025,121.3,0.00571,0.418,0.289516414
1554785399204,24.071,121.3,0.00571,0.418,0.289516414
1554785399250,24.117,121.3,0.00571,0.418,0.289516414
1554785399296,24.163,121.3,0.00571,0.418,0.289516414
1554785399359,24.226,121.3,0.00569,0.419,0.289192543
1554785399405,24.272,121.3,0.00569,0.419,0.289192543
1554785399451,24.318,121.3,0.00569,0.419,0.289192543
1554785399497,24.364,121.3,0.00569,0.419,0.289192543
1554785399558,24.425,121.3,0.00563,0.421,0.287508899
1554785399604,24.471,121.3,0.00563,0.421,0.287508899
1554785399650,24.517,121.3,0.00563,0.421,0.287508899
1554785399696,24.563,121.3,0.00563,0.421,0.287508899
1554785399759,24.626,121.3,0.00565,0.418,0.28647421
1554785399805,24.672,121.3,0.00565,0.418,0.28647421
1554785399851,24.718,121.3,0.00565,0.418,0.28647421
1554785399897,24.764,121.3,0.00565,0.418,0.28647421
1554785399958,24.825,121.3,0.00559,0.421,0.285466207
1554785400004,24.871,121.3,0.00559,0.421,0.285466207
1554785400050,24.917,121.3,0.00559,0.421,0.285466207
1554785400096,24.963,121.3,0.00559,0.421,0.285466207
1554785400158,25.025,121.3,0.00563,0.419,0.286143061
1554785400205,25.072,121.3,0.00563,0.419,0.286143061
1554785400251,25.118,121.3,0.00563,0.419,0.286143061
1554785400297,25.164,121.3,0.00563,0.419,0.286143061
1554785400359,25.226,121.3,0.00562,0.421,0.286998226
1554785400405,25.272,121.3,0.00562,0.421,0.286998226
1554785400451,25.318,121.3,0.00562,0.421,0.286998226
1554785400498,25.365,121.3,0.00562,0.421,0.286998226
1554785400559,25.426,121.3,0.00562,0.424,0.289043344
1554785400605,25.472,121.3,0.00562,0.424,0.289043344
1554785400651,25.518,121.3,0.00562,0.424,0.289043344
1554785400697,25.564,121.3,0.00562,0.424,0.289043344
1554785400758,25.625,121.3,0.00566,0.421,0.289040918
1554785400804,25.671,121.3,0.00566,0.421,0.289040918
1554785400850,25.717,121.3,0.00566,0.421,0.289040918
1554785400896,25.763,121.3,0.00566,0.421,0.289040918
1554785400959,25.826,121.3,0.00564,0.422,0.288703704
1554785401005,25.872,121.3,0.00564,0.422,0.288703704
1554785401051,25.918,121.3,0.00564,0.422,0.288703704
1554785401097,25.964,121.3,0.00564,0.422,0.288703704
1554785401158,26.025,121.3,0.00567,0.421,0.289551591
1554785401204,26.071,121.3,0.00567,0.421,0.289551591
1554785401250,26.117,121.3,0.00567,0.421,0.289551591
1554785401296,26.163,121.3,0.00567,0.421,0.289551591
1554785401358,26.225,121.2,0.00567,0.421,0.289312884
1554785401404,26.272,121.2,0.00567,0.421,0.289312884
1554785401451,26.318,121.2,0.00567,0.421,0.289312884
1554785401497,26.364,121.2,0.00567,0.421,0.289312884
1554785401558,26.425,121.3,0.00571,0.421,0.291594283
1554785401604,26.471,121.3,0.00571,0.421,0.291594283
1554785401650,26.517,121.3,0.00571,0.421,0.291594283
1554785401696,26.563,121.3,0.00571,0.421,0.291594283
1554785401759,26.626,121.3,0.00571,0.421,0.291594283
1554785401805,26.672,121.3,0.00571,0.421,0.291594283
1554785401851,26.718,121.3,0.00571,0.421,0.291594283
1554785401897,26.764,121.3,0.00571,0.421,0.291594283
1554785401958,26.825,121.2,0.00571,0.422,0.292045944
1554785402004,26.871,121.2,0.00571,0.422,0.292045944
1554785402051,26.918,121.2,0.00571,0.422,0.292045944
1554785402097,26.964,121.2,0.00571,0.422,0.292045944
1554785402158,27.025,121.2,0.0057,0.422,0.29153448
1554785402204,27.071,121.2,0.0057,0.422,0.29153448
1554785402250,27.117,121.2,0.0057,0.422,0.29153448
1554785402296,27.163,121.2,0.0057,0.422,0.29153448
1554785402359,27.226,121.2,0.00568,0.424,0.291888384
1554785402405,27.272,121.2,0.00568,0.424,0.291888384
1554785402451,27.318,121.2,0.00568,0.424,0.291888384
1554785402497,27.364,121.2,0.00568,0.424,0.291888384
1554785402558,27.425,121.2,0.00568,0.422,0.290511552
1554785402604,27.471,121.2,0.00568,0.422,0.290511552
1554785402650,27.517,121.2,0.00568,0.422,0.290511552
1554785402696,27.563,121.2,0.00568,0.422,0.290511552
1554785402758,27.625,121.3,0.00565,0.426,0.29195697
1554785402805,27.672,121.3,0.00565,0.426,0.29195697
1554785402851,27.718,121.3,0.00565,0.426,0.29195697
1554785402897,27.764,121.3,0.00565,0.426,0.29195697
1554785402958,27.825,121.3,0.00565,0.423,0.289900935
1554785403004,27.871,121.3,0.00565,0.423,0.289900935
1554785403050,27.917,121.3,0.00565,0.423,0.289900935
1554785403096,27.963,121.3,0.00565,0.423,0.289900935
1554785403159,28.026,121.3,0.00561,0.423,0.287848539
1554785403205,28.072,121.3,0.00561,0.423,0.287848539
1554785403251,28.118,121.3,0.00561,0.423,0.287848539
1554785403297,28.164,121.3,0.00561,0.423,0.287848539
1554785403358,28.225,121.3,0.00563,0.425,0.290240575
1554785403404,28.271,121.3,0.00563,0.425,0.290240575
1554785403450,28.317,121.3,0.00563,0.425,0.290240575
1554785403496,28.363,121.3,0.00563,0.425,0.290240575
1554785403558,28.425,121.3,0.00564,0.421,0.288019572
1554785403604,28.471,121.3,0.00564,0.421,0.288019572
1554785403651,28.518,121.3,0.00564,0.421,0.288019572
1554785403697,28.564,121.3,0.00564,0.421,0.288019572
1554785403759,28.626,121.3,0.00562,0.422,0.287679932
1554785403805,28.672,121.3,0.00562,0.422,0.287679932
1554785403851,28.718,121.3,0.00562,0.422,0.287679932
1554785403898,28.765,121.3,0.00562,0.422,0.287679932
1554785403959,28.826,121.3,0.00561,0.422,0.287168046
1554785404005,28.872,121.3,0.00561,0.422,0.287168046
1554785404051,28.918,121.3,0.00561,0.422,0.287168046
1554785404097,28.964,121.3,0.00561,0.422,0.287168046
1554785404159,29.026,121.3,0.00563,0.422,0.288191818
1554785404206,29.073,121.3,0.00563,0.422,0.288191818
1554785404252,29.119,121.3,0.00563,0.422,0.288191818
1554785404298,29.165,121.3,0.00563,0.422,0.288191818
1554785404359,29.226,121.3,0.00565,0.419,0.287159555
1554785404405,29.272,121.3,0.00565,0.419,0.287159555
1554785404451,29.318,121.3,0.00565,0.419,0.287159555
1554785404498,29.365,121.3,0.00565,0.419,0.287159555
1554785404559,29.426,121.3,0.00565,0.419,0.287159555
1554785404605,29.472,121.3,0.00565,0.419,0.287159555
1554785404651,29.518,121.3,0.00565,0.419,0.287159555
1554785404697,29.564,121.3,0.00565,0.419,0.287159555
1554785404758,29.625,121.3,0.00564,0.422,0.288703704
1554785404804,29.671,121.3,0.00564,0.422,0.288703704
1554785404850,29.717,121.3,0.00564,0.422,0.288703704
1554785404896,29.763,121.3,0.00564,0.422,0.288703704
1554785404959,29.826,121.3,0.00565,0.422,0.28921559
1554785405005,29.872,121.3,0.00565,0.422,0.28921559
1554785405051,29.918,121.3,0.00565,0.422,0.28921559
1554785405097,29.964,121.3,0.00565,0.422,0.28921559
1554785405158,30.025,121.3,0.00563,0.422,0.288191818
1554785405204,30.071,121.3,0.00563,0.422,0.288191818
1554785405251,30.118,121.3,0.00563,0.422,0.288191818
1554785405297,30.164,121.3,0.00563,0.422,0.288191818
1554785405359,30.226,121.2,0.00565,0.423,0.28966194
1554785405405,30.273,121.2,0.00565,0.423,0.28966194
1554785405452,30.319,121.2,0.00565,0.423,0.28966194
1554785405498,30.365,121.2,0.00565,0.423,0.28966194
1554785405559,30.426,121.2,0.00568,0.423,0.291199968
1554785405605,30.472,121.2,0.00568,0.423,0.291199968
1554785405651,30.518,121.2,0.00568,0.423,0.291199968
1554785405698,30.565,121.2,0.00568,0.423,0.291199968
1554785405759,30.626,121.2,0.00568,0.422,0.290511552
1554785405805,30.672,121.2,0.00568,0.422,0.290511552
1554785405851,30.718,121.2,0.00568,0.422,0.290511552
1554785405897,30.764,121.2,0.00568,0.422,0.290511552
1554785405958,30.825,121.2,0.0057,0.42,0.2901528
1554785406004,30.871,121.2,0.0057,0.42,0.2901528
1554785406050,30.917,121.2,0.0057,0.42,0.2901528
1554785406096,30.963,121.2,0.0057,0.42,0.2901528
1554785406159,31.026,121.2,0.0057,0.422,0.29153448
1554785406205,31.072,121.2,0.0057,0.422,0.29153448
1554785406251,31.118,121.2,0.0057,0.422,0.29153448
1554785406297,31.164,121.2,0.0057,0.422,0.29153448
1554785406358,31.225,121.2,0.00572,0.422,0.292557408
1554785406404,31.271,121.2,0.00572,0.422,0.292557408
1554785406450,31.317,121.2,0.00572,0.422,0.292557408
1554785406497,31.364,121.2,0.00572,0.422,0.292557408
1554785406559,31.426,121.3,0.00571,0.425,0.294364775
1554785406605,31.472,121.3,0.00571,0.425,0.294364775
1554785406651,31.518,121.3,0.00571,0.425,0.294364775
1554785406697,31.564,121.3,0.00571,0.425,0.294364775
1554785406758,31.625,121.3,0.00566,0.421,0.289040918
1554785406805,31.672,121.3,0.00566,0.421,0.289040918
1554785406851,31.718,121.3,0.00566,0.421,0.289040918
1554785406897,31.764,121.3,0.00566,0.421,0.289040918
1554785406958,31.825,121.3,0.00568,0.421,0.290062264
1554785407004,31.871,121.3,0.00568,0.421,0.290062264
1554785407051,31.918,121.3,0.00568,0.421,0.290062264
1554785407097,31.964,121.3,0.00568,0.421,0.290062264
1554785407158,32.025,121.3,0.00566,0.421,0.289040918
1554785407204,32.071,121.3,0.00566,0.421,0.289040918
1554785407250,32.117,121.3,0.00566,0.421,0.289040918
1554785407296,32.163,121.3,0.00566,0.421,0.289040918
1554785407358,32.226,121.3,0.0056,0.424,0.28801472
1554785407405,32.272,121.3,0.0056,0.424,0.28801472
1554785407451,32.318,121.3,0.0056,0.424,0.28801472
1554785407497,32.364,121.3,0.0056,0.424,0.28801472
1554785407558,32.425,121.3,0.0056,0.425,0.288694
1554785407604,32.471,121.3,0.0056,0.425,0.288694
1554785407650,32.517,121.3,0.0056,0.425,0.288694
1554785407697,32.564,121.3,0.0056,0.425,0.288694
1554785407758,32.625,121.4,0.00562,0.422,0.287917096
1554785407804,32.671,121.4,0.00562,0.422,0.287917096
1554785407850,32.717,121.4,0.00562,0.422,0.287917096
1554785407896,32.763,121.4,0.00562,0.422,0.287917096
1554785407958,32.825,121.3,0.0056,0.42,0.2852976
1554785408004,32.871,121.3,0.0056,0.42,0.2852976
1554785408051,32.918,121.3,0.0056,0.42,0.2852976
1554785408097,32.964,121.3,0.0056,0.42,0.2852976
1554785408158,33.025,121.3,0.00558,0.42,0.28427868
1554785408204,33.071,121.3,0.00558,0.42,0.28427868
1554785408250,33.117,121.3,0.00558,0.42,0.28427868
1554785408296,33.163,121.3,0.00558,0.42,0.28427868
1554785408359,33.226,121.3,0.00562,0.422,0.287679932
1554785408405,33.272,121.3,0.00562,0.422,0.287679932
1554785408451,33.318,121.3,0.00562,0.422,0.287679932
1554785408497,33.364,121.3,0.00562,0.422,0.287679932
1554785408558,33.425,121.3,0.00565,0.423,0.289900935
1554785408604,33.471,121.3,0.00565,0.423,0.289900935
1554785408650,33.517,121.3,0.00565,0.423,0.289900935
1554785408697,33.564,121.3,0.00565,0.423,0.289900935
1554785408758,33.625,121.3,0.00566,0.421,0.289040918
1554785408803,33.67,121.3,0.00566,0.421,0.289040918
1554785408850,33.717,121.3,0.00566,0.421,0.289040918
1554785408896,33.763,121.3,0.00566,0.421,0.289040918
1554785408958,33.825,121.3,0.00562,0.42,0.28631652
1554785409004,33.871,121.3,0.00562,0.42,0.28631652
1554785409050,33.917,121.3,0.00562,0.42,0.28631652
1554785409097,33.964,121.3,0.00562,0.42,0.28631652
1554785409158,34.025,121.3,0.00563,0.422,0.288191818
1554785409204,34.071,121.3,0.00563,0.422,0.288191818
1554785409250,34.117,121.3,0.00563,0.422,0.288191818
1554785409296,34.163,121.3,0.00563,0.422,0.288191818
1554785409359,34.226,121.2,0.00567,0.423,0.290687292
1554785409405,34.272,121.2,0.00567,0.423,0.290687292
1554785409451,34.318,121.2,0.00567,0.423,0.290687292
1554785409497,34.364,121.2,0.00567,0.423,0.290687292
1554785409558,34.425,121.3,0.00573,0.42,0.29192058
1554785409604,34.471,121.3,0.00573,0.42,0.29192058
1554785409650,34.517,121.3,0.00573,0.42,0.29192058
1554785409696,34.563,121.3,0.00573,0.42,0.29192058
1554785409758,34.626,121.3,0.00574,0.419,0.291733778
1554785409805,34.672,121.3,0.00574,0.419,0.291733778
1554785409851,34.718,121.3,0.00574,0.419,0.291733778
1554785409897,34.764,121.3,0.00574,0.419,0.291733778
1554785409958,34.825,121.3,0.0057,0.42,0.2903922
1554785410004,34.871,121.3,0.0057,0.42,0.2903922
1554785410050,34.917,121.3,0.0057,0.42,0.2903922
1554785410096,34.963,121.3,0.0057,0.42,0.2903922
1554785410159,35.026,121.2,0.00569,0.422,0.291023016
1554785410205,35.072,121.2,0.00569,0.422,0.291023016
1554785410251,35.118,121.2,0.00569,0.422,0.291023016
1554785410297,35.164,121.2,0.00569,0.422,0.291023016
1554785410358,35.225,121.2,0.0057,0.422,0.29153448
1554785410404,35.271,121.2,0.0057,0.422,0.29153448
1554785410450,35.317,121.2,0.0057,0.422,0.29153448
1554785410496,35.363,121.2,0.0057,0.422,0.29153448
1554785410558,35.425,121.3,0.0057,0.421,0.29108361
1554785410605,35.472,121.3,0.0057,0.421,0.29108361
1554785410651,35.518,121.3,0.0057,0.421,0.29108361
1554785410697,35.564,121.3,0.0057,0.421,0.29108361
1554785410758,35.625,121.3,0.0057,0.421,0.29108361
1554785410804,35.671,121.3,0.0057,0.421,0.29108361
1554785410850,35.717,121.3,0.0057,0.421,0.29108361
1554785410896,35.763,121.3,0.0057,0.421,0.29108361
1554785410958,35.825,121.3,0.00566,0.42,0.28835436
1554785411003,35.87,121.3,0.00566,0.42,0.28835436
1554785411050,35.917,121.3,0.00566,0.42,0.28835436
1554785411096,35.963,121.3,0.00566,0.42,0.28835436
1554785411158,36.025,121.2,0.00564,0.421,0.287782128
1554785411204,36.071,121.2,0.00564,0.421,0.287782128
1554785411250,36.117,121.2,0.00564,0.421,0.287782128
1554785411296,36.164,121.2,0.00564,0.421,0.287782128
1554785411358,36.225,121.2,0.00566,0.421,0.288802632
1554785411403,36.271,121.2,0.00566,0.421,0.288802632
1554785411450,36.317,121.2,0.00566,0.421,0.288802632
1554785411496,36.363,121.2,0.00566,0.421,0.288802632
1554785411558,36.425,121.3,0.00566,0.424,0.291100592
1554785411605,36.472,121.3,0.00566,0.424,0.291100592
1554785411651,36.518,121.3,0.00566,0.424,0.291100592
1554785411697,36.564,121.3,0.00566,0.424,0.291100592
1554785411758,36.625,121.3,0.00562,0.422,0.287679932
1554785411804,36.671,121.3,0.00562,0.422,0.287679932
1554785411850,36.717,121.3,0.00562,0.422,0.287679932
1554785411897,36.764,121.3,0.00562,0.422,0.287679932
1554785411958,36.825,121.3,0.0056,0.422,0.28665616
1554785412003,36.87,121.3,0.0056,0.422,0.28665616
1554785412050,36.917,121.3,0.0056,0.422,0.28665616
1554785412096,36.963,121.3,0.0056,0.422,0.28665616
1554785412158,37.025,121.3,0.00562,0.42,0.28631652
1554785412204,37.071,121.3,0.00562,0.42,0.28631652
1554785412250,37.117,121.3,0.00562,0.42,0.28631652
1554785412296,37.163,121.3,0.00562,0.42,0.28631652
1554785412358,37.225,121.3,0.00565,0.419,0.287159555
1554785412404,37.271,121.3,0.00565,0.419,0.287159555
1554785412450,37.317,121.3,0.00565,0.419,0.287159555
1554785412496,37.363,121.3,0.00565,0.419,0.287159555
1554785412558,37.425,121.3,0.00569,0.42,0.28988274
1554785412604,37.471,121.3,0.00569,0.42,0.28988274
1554785412650,37.517,121.3,0.00569,0.42,0.28988274
1554785412696,37.563,121.3,0.00569,0.42,0.28988274
1554785412757,37.625,121.3,0.00566,0.42,0.28835436
1554785412803,37.67,121.3,0.00566,0.42,0.28835436
1554785412850,37.717,121.3,0.00566,0.42,0.28835436
1554785412896,37.763,121.3,0.00566,0.42,0.28835436
1554785412958,37.825,121.3,0.00562,0.424,0.289043344
1554785413004,37.871,121.3,0.00562,0.424,0.289043344
1554785413050,37.917,121.3,0.00562,0.424,0.289043344
1554785413097,37.964,121.3,0.00562,0.424,0.289043344
1554785413158,38.025,121.3,0.00562,0.422,0.287679932
1554785413204,38.071,121.3,0.00562,0.422,0.287679932
1554785413250,38.117,121.3,0.00562,0.422,0.287679932
1554785413296,38.163,121.3,0.00562,0.422,0.287679932
1554785413359,38.226,121.3,0.00568,0.419,0.288684296
1554785413405,38.272,121.3,0.00568,0.419,0.288684296
1554785413451,38.318,121.3,0.00568,0.419,0.288684296
1554785413497,38.364,121.3,0.00568,0.419,0.288684296
1554785413558,38.425,121.3,0.00569,0.422,0.291263134
1554785413604,38.471,121.3,0.00569,0.422,0.291263134
1554785413651,38.518,121.3,0.00569,0.422,0.291263134
1554785413697,38.564,121.3,0.00569,0.422,0.291263134
1554785413758,38.625,121.3,0.00571,0.42,0.29090166
1554785413804,38.671,121.3,0.00571,0.42,0.29090166
1554785413850,38.717,121.3,0.00571,0.42,0.29090166
1554785413896,38.763,121.3,0.00571,0.42,0.29090166
1554785413958,38.825,121.3,0.00567,0.424,0.291614904
1554785414004,38.871,121.3,0.00567,0.424,0.291614904
1554785414050,38.917,121.3,0.00567,0.424,0.291614904
1554785414096,38.963,121.3,0.00567,0.424,0.291614904
1554785414157,39.024,121.2,0.0057,0.421,0.29084364
1554785414203,39.07,121.2,0.0057,0.421,0.29084364
1554785414249,39.116,121.2,0.0057,0.421,0.29084364
1554785414295,39.162,121.2,0.0057,0.421,0.29084364
1554785414358,39.225,121.2,0.0057,0.423,0.29222532
1554785414404,39.271,121.2,0.0057,0.423,0.29222532
1554785414450,39.317,121.2,0.0057,0.423,0.29222532
1554785414496,39.363,121.2,0.0057,0.423,0.29222532
1554785414558,39.425,121.2,0.00569,0.421,0.290333388
1554785414605,39.472,121.2,0.00569,0.421,0.290333388
1554785414651,39.518,121.2,0.00569,0.421,0.290333388
1554785414697,39.564,121.2,0.00569,0.421,0.290333388
1554785414758,39.625,121.3,0.00568,0.423,0.291440232
1554785414804,39.671,121.3,0.00568,0.423,0.291440232
1554785414850,39.718,121.3,0.00568,0.423,0.291440232
1554785414897,39.764,121.3,0.00568,0.423,0.291440232
1554785414958,39.825,121.3,0.00567,0.42,0.28886382
1554785415004,39.871,121.3,0.00567,0.42,0.28886382
1554785415050,39.917,121.3,0.00567,0.42,0.28886382
1554785415096,39.963,121.3,0.00567,0.42,0.28886382
1554785415158,40.025,121.3,0.00566,0.418,0.286981244
1554785415204,40.071,121.3,0.00566,0.418,0.286981244
1554785415251,40.118,121.3,0.00566,0.418,0.286981244
1554785415296,40.164,121.3,0.00566,0.418,0.286981244
1554785415358,40.225,121.3,0.00566,0.421,0.289040918
1554785415404,40.271,121.3,0.00566,0.421,0.289040918
1554785415450,40.317,121.3,0.00566,0.421,0.289040918
1554785415496,40.363,121.3,0.00566,0.421,0.289040918
1554785415558,40.425,121.3,0.00563,0.421,0.287508899
1554785415604,40.471,121.3,0.00563,0.421,0.287508899
1554785415650,40.517,121.3,0.00563,0.421,0.287508899
1554785415696,40.564,121.3,0.00563,0.421,0.287508899
1554785415757,40.624,121.3,0.00563,0.422,0.288191818
1554785415804,40.671,121.3,0.00563,0.422,0.288191818
1554785415850,40.717,121.3,0.00563,0.422,0.288191818
1554785415896,40.763,121.3,0.00563,0.422,0.288191818
1554785415958,40.825,121.3,0.0056,0.421,0.28597688
1554785416004,40.871,121.3,0.0056,0.421,0.28597688
1554785416050,40.917,121.3,0.0056,0.421,0.28597688
1554785416096,40.963,121.3,0.0056,0.421,0.28597688
1554785416158,41.025,121.3,0.00562,0.418,0.284953108
1554785416203,41.07,121.3,0.00562,0.418,0.284953108
1554785416249,41.117,121.3,0.00562,0.418,0.284953108
1554785416296,41.163,121.3,0.00562,0.418,0.284953108
1554785416358,41.225,121.3,0.00567,0.42,0.28886382
1554785416404,41.271,121.3,0.00567,0.42,0.28886382
1554785416450,41.317,121.3,0.00567,0.42,0.28886382
1554785416496,41.363,121.3,0.00567,0.42,0.28886382
1554785416558,41.425,121.3,0.00564,0.421,0.288019572
1554785416604,41.471,121.3,0.00564,0.421,0.288019572
1554785416650,41.517,121.3,0.00564,0.421,0.288019572
1554785416696,41.563,121.3,0.00564,0.421,0.288019572
1554785416758,41.625,121.3,0.00566,0.419,0.287667802
1554785416804,41.671,121.3,0.00566,0.419,0.287667802
1554785416850,41.718,121.3,0.00566,0.419,0.287667802
1554785416897,41.764,121.3,0.00566,0.419,0.287667802
1554785416957,41.825,121.3,0.00568,0.423,0.291440232
1554785417004,41.871,121.3,0.00568,0.423,0.291440232
1554785417050,41.917,121.3,0.00568,0.423,0.291440232
1554785417096,41.963,121.3,0.00568,0.423,0.291440232
1554785417158,42.025,121.3,0.00563,0.422,0.288191818
1554785417204,42.071,121.3,0.00563,0.422,0.288191818
1554785417250,42.117,121.3,0.00563,0.422,0.288191818
1554785417296,42.163,121.3,0.00563,0.422,0.288191818
1554785417357,42.224,121.3,0.00561,0.424,0.288529032
1554785417404,42.271,121.3,0.00561,0.424,0.288529032
1554785417450,42.317,121.3,0.00561,0.424,0.288529032
1554785417496,42.363,121.3,0.00561,0.424,0.288529032
1554785417558,42.425,121.3,0.00568,0.422,0.290751248
1554785417604,42.471,121.3,0.00568,0.422,0.290751248
1554785417650,42.517,121.3,0.00568,0.422,0.290751248
1554785417696,42.563,121.3,0.00568,0.422,0.290751248
1554785417757,42.624,121.3,0.0057,0.422,0.29177502
1554785417803,42.67,121.3,0.0057,0.422,0.29177502
1554785417849,42.716,121.3,0.0057,0.422,0.29177502
1554785417895,42.762,121.3,0.0057,0.422,0.29177502
1554785417958,42.825,121.3,0.0057,0.422,0.29177502
1554785418004,42.871,121.3,0.0057,0.422,0.29177502
1554785418050,42.917,121.3,0.0057,0.422,0.29177502
1554785418096,42.963,121.3,0.0057,0.422,0.29177502
1554785418157,43.024,121.3,0.00566,0.421,0.289040918
1554785418203,43.07,121.3,0.00566,0.421,0.289040918
1554785418249,43.116,121.3,0.00566,0.421,0.289040918
1554785418295,43.162,121.3,0.00566,0.421,0.289040918
1554785418358,43.225,121.2,0.00563,0.425,0.2900013
1554785418404,43.271,121.2,0.00563,0.425,0.2900013
1554785418450,43.317,121.2,0.00563,0.425,0.2900013
1554785418496,43.363,121.2,0.00563,0.425,0.2900013
1554785418557,43.424,121.2,0.00568,0.423,0.291199968
1554785418603,43.47,121.2,0.00568,0.423,0.291199968
1554785418649,43.516,121.2,0.00568,0.423,0.291199968
1554785418695,43.562,121.2,0.00568,0.423,0.291199968
1554785418757,43.624,121.2,0.00566,0.424,0.290860608
1554785418803,43.67,121.2,0.00566,0.424,0.290860608
1554785418849,43.716,121.2,0.00566,0.424,0.290860608
1554785418895,43.762,121.2,0.00566,0.424,0.290860608
1554785418957,43.824,121.3,0.00564,0.423,0.289387836
1554785419003,43.87,121.3,0.00564,0.423,0.289387836
1554785419049,43.916,121.3,0.00564,0.423,0.289387836
1554785419095,43.962,121.3,0.00564,0.423,0.289387836
1554785419158,44.025,121.3,0.00562,0.424,0.289043344
1554785419204,44.071,121.3,0.00562,0.424,0.289043344
1554785419250,44.117,121.3,0.00562,0.424,0.289043344
1554785419296,44.163,121.3,0.00562,0.424,0.289043344
1554785419357,44.224,121.2,0.00561,0.424,0.288291168
1554785419403,44.27,121.2,0.00561,0.424,0.288291168
1554785419449,44.316,121.2,0.00561,0.424,0.288291168
1554785419495,44.362,121.2,0.00561,0.424,0.288291168
1554785419558,44.425,121.3,0.00564,0.421,0.288019572
1554785419604,44.471,121.3,0.00564,0.421,0.288019572
1554785419650,44.517,121.3,0.00564,0.421,0.288019572
1554785419696,44.563,121.3,0.00564,0.421,0.288019572
1554785419757,44.624,121.3,0.00563,0.423,0.288874737
1554785419803,44.67,121.3,0.00563,0.423,0.288874737
1554785419849,44.716,121.3,0.00563,0.423,0.288874737
1554785419895,44.762,121.3,0.00563,0.423,0.288874737
1554785419958,44.825,121.3,0.00562,0.421,0.286998226
1554785420004,44.871,121.3,0.00562,0.421,0.286998226
1554785420050,44.917,121.3,0.00562,0.421,0.286998226
1554785420096,44.963,121.3,0.00562,0.421,0.286998226
1554785420157,45.024,121.3,0.00562,0.42,0.28631652
1554785420203,45.07,121.3,0.00562,0.42,0.28631652
1554785420249,45.116,121.3,0.00562,0.42,0.28631652
1554785420295,45.162,121.3,0.00562,0.42,0.28631652
1554785420357,45.224,121.3,0.00567,0.419,0.288176049
1554785420403,45.27,121.3,0.00567,0.419,0.288176049
1554785420449,45.316,121.3,0.00567,0.419,0.288176049
1554785420495,45.362,121.3,0.00567,0.419,0.288176049
1554785420557,45.424,121.3,0.00571,0.418,0.289516414
1554785420603,45.47,121.3,0.00571,0.418,0.289516414
1554785420650,45.517,121.3,0.00571,0.418,0.289516414
1554785420696,45.563,121.3,0.00571,0.418,0.289516414
1554785420758,45.625,121.3,0.00566,0.42,0.28835436
1554785420804,45.671,121.3,0.00566,0.42,0.28835436
1554785420850,45.718,121.3,0.00566,0.42,0.28835436
1554785420897,45.764,121.3,0.00566,0.42,0.28835436
1554785420958,45.825,121.3,0.00564,0.423,0.289387836
1554785421004,45.871,121.3,0.00564,0.423,0.289387836
1554785421050,45.917,121.3,0.00564,0.423,0.289387836
1554785421096,45.963,121.3,0.00564,0.423,0.289387836
1554785421157,46.024,121.3,0.00565,0.42,0.2878449
1554785421203,46.07,121.3,0.00565,0.42,0.2878449
1554785421249,46.116,121.3,0.00565,0.42,0.2878449
1554785421295,46.162,121.3,0.00565,0.42,0.2878449
1554785421358,46.225,121.3,0.00564,0.422,0.288703704
1554785421404,46.271,121.3,0.00564,0.422,0.288703704
1554785421450,46.317,121.3,0.00564,0.422,0.288703704
1554785421496,46.363,121.3,0.00564,0.422,0.288703704
1554785421557,46.424,121.3,0.00569,0.421,0.290572937
1554785421603,46.47,121.3,0.00569,0.421,0.290572937
1554785421649,46.516,121.3,0.00569,0.421,0.290572937
1554785421695,46.562,121.3,0.00569,0.421,0.290572937
1554785421758,46.625,121.3,0.0057,0.42,0.2903922
1554785421804,46.671,121.3,0.0057,0.42,0.2903922
1554785421850,46.717,121.3,0.0057,0.42,0.2903922
1554785421896,46.763,121.3,0.0057,0.42,0.2903922
1554785421957,46.824,121.3,0.00571,0.421,0.291594283
1554785422003,46.87,121.3,0.00571,0.421,0.291594283
1554785422049,46.916,121.3,0.00571,0.421,0.291594283
1554785422095,46.962,121.3,0.00571,0.421,0.291594283
1554785422157,47.024,121.2,0.00569,0.422,0.291023016
1554785422203,47.07,121.2,0.00569,0.422,0.291023016
1554785422249,47.116,121.2,0.00569,0.422,0.291023016
1554785422296,47.163,121.2,0.00569,0.422,0.291023016
1554785422358,47.225,121.2,0.00571,0.419,0.289969788
1554785422404,47.271,121.2,0.00571,0.419,0.289969788
1554785422450,47.317,121.2,0.00571,0.419,0.289969788
1554785422496,47.363,121.2,0.00571,0.419,0.289969788
1554785422557,47.424,121.2,0.00577,0.422,0.295114728
1554785422603,47.47,121.2,0.00577,0.422,0.295114728
1554785422649,47.516,121.2,0.00577,0.422,0.295114728
1554785422695,47.562,121.2,0.00577,0.422,0.295114728
1554785422758,47.625,121.2,0.00602,0.425,0.3100902
1554785422804,47.671,121.2,0.00602,0.425,0.3100902
1554785422850,47.717,121.2,0.00602,0.425,0.3100902
1554785422896,47.763,121.2,0.00602,0.425,0.3100902
1554785422957,47.824,121.2,0.00602,0.422,0.307901328
1554785423003,47.871,121.2,0.00602,0.422,0.307901328
1554785423049,47.917,121.2,0.00602,0.422,0.307901328
1554785423096,47.963,121.2,0.00602,0.422,0.307901328
1554785423158,48.025,121.2,0.006,0.42,0.305424
1554785423205,48.072,121.2,0.006,0.42,0.305424
1554785423253,48.12,121.2,0.006,0.42,0.305424
1554785423299,48.166,121.2,0.006,0.42,0.305424
1554785423357,48.224,121.2,0.00595,0.422,0.30432108
1554785423403,48.27,121.2,0.00595,0.422,0.30432108
1554785423449,48.316,121.2,0.00595,0.422,0.30432108
1554785423495,48.362,121.2,0.00595,0.422,0.30432108
1554785423558,48.425,121.2,0.00592,0.426,0.305656704
1554785423604,48.471,121.2,0.00592,0.426,0.305656704
1554785423650,48.517,121.2,0.00592,0.426,0.305656704
1554785423696,48.563,121.2,0.00592,0.426,0.305656704
1554785423758,48.625,121.2,0.00593,0.423,0.304016868
1554785423804,48.671,121.2,0.00593,0.423,0.304016868
1554785423850,48.717,121.2,0.00593,0.423,0.304016868
1554785423896,48.763,121.2,0.00593,0.423,0.304016868
1554785423957,48.824,121.3,0.00594,0.425,0.30622185
1554785424003,48.87,121.3,0.00594,0.425,0.30622185
1554785424049,48.916,121.3,0.00594,0.425,0.30622185
1554785424095,48.962,121.3,0.00594,0.425,0.30622185
1554785424158,49.025,121.3,0.00598,0.427,0.309734698
1554785424204,49.071,121.3,0.00598,0.427,0.309734698
1554785424250,49.117,121.3,0.00598,0.427,0.309734698
1554785424297,49.164,121.3,0.00598,0.427,0.309734698
1554785424357,49.224,121.3,0.006,0.424,0.3085872
1554785424403,49.27,121.3,0.006,0.424,0.3085872
You pressed Ctrl+C!
1554785424449,49.316,121.3,0.006,0.424,0.3085872
