# Mon Apr 08 20:21:09 2019
abstime,time_stamp,volt,curr,pf,mul
1554780069990,0.081,121.3,0.00586,0.423,0.300676014
1554780070037,0.128,121.3,0.00586,0.423,0.300676014
1554780070083,0.174,121.3,0.00569,0.422,0.291263134
1554780070129,0.22,121.3,0.00569,0.422,0.291263134
1554780070175,0.266,121.3,0.00569,0.422,0.291263134
1554780070221,0.312,121.3,0.00569,0.422,0.291263134
1554780070267,0.358,121.3,0.0057,0.423,0.29246643
1554780070313,0.404,121.3,0.0057,0.423,0.29246643
1554780070359,0.45,121.3,0.0057,0.423,0.29246643
1554780070405,0.496,121.3,0.0057,0.423,0.29246643
1554780070466,0.557,121.4,0.00574,0.421,0.293367956
1554780070512,0.603,121.4,0.00574,0.421,0.293367956
1554780070557,0.649,121.4,0.00574,0.421,0.293367956
1554780070604,0.695,121.4,0.00574,0.421,0.293367956
1554780070666,0.757,121.4,0.00575,0.417,0.29108685
1554780070712,0.803,121.4,0.00575,0.417,0.29108685
1554780070758,0.849,121.4,0.00575,0.417,0.29108685
1554780070804,0.895,121.4,0.00575,0.417,0.29108685
1554780070866,0.957,121.3,0.00571,0.419,0.290209037
1554780070912,1.003,121.3,0.00571,0.419,0.290209037
1554780070958,1.049,121.3,0.00571,0.419,0.290209037
1554780071005,1.096,121.3,0.00571,0.419,0.290209037
1554780071066,1.157,121.3,0.00567,0.422,0.290239362
1554780071112,1.203,121.3,0.00567,0.422,0.290239362
1554780071158,1.249,121.3,0.00567,0.422,0.290239362
1554780071204,1.295,121.3,0.00567,0.422,0.290239362
1554780071266,1.357,121.3,0.00568,0.422,0.290751248
1554780071312,1.403,121.3,0.00568,0.422,0.290751248
1554780071359,1.45,121.3,0.00568,0.422,0.290751248
1554780071405,1.496,121.3,0.00568,0.422,0.290751248
1554780071466,1.557,121.4,0.0057,0.421,0.29132358
1554780071512,1.603,121.4,0.0057,0.421,0.29132358
1554780071558,1.649,121.4,0.0057,0.421,0.29132358
1554780071604,1.695,121.4,0.0057,0.421,0.29132358
1554780071666,1.757,121.4,0.00569,0.418,0.288740188
1554780071712,1.803,121.4,0.00569,0.418,0.288740188
1554780071758,1.849,121.4,0.00569,0.418,0.288740188
1554780071804,1.895,121.4,0.00569,0.418,0.288740188
1554780071865,1.957,121.3,0.00561,0.42,0.28580706
1554780071912,2.003,121.3,0.00561,0.42,0.28580706
1554780071958,2.049,121.3,0.00561,0.42,0.28580706
1554780072004,2.095,121.3,0.00561,0.42,0.28580706
1554780072066,2.157,121.4,0.00567,0.422,0.290478636
1554780072112,2.203,121.4,0.00567,0.422,0.290478636
1554780072158,2.249,121.4,0.00567,0.422,0.290478636
1554780072204,2.295,121.4,0.00567,0.422,0.290478636
1554780072265,2.356,121.4,0.00565,0.422,0.28945402
1554780072311,2.402,121.4,0.00565,0.422,0.28945402
1554780072358,2.449,121.4,0.00565,0.422,0.28945402
1554780072404,2.495,121.4,0.00565,0.422,0.28945402
1554780072466,2.557,121.4,0.00562,0.422,0.287917096
1554780072512,2.603,121.4,0.00562,0.422,0.287917096
1554780072558,2.649,121.4,0.00562,0.422,0.287917096
1554780072605,2.696,121.4,0.00562,0.422,0.287917096
1554780072666,2.757,121.4,0.00561,0.421,0.286723734
1554780072712,2.803,121.4,0.00561,0.421,0.286723734
1554780072758,2.849,121.4,0.00561,0.421,0.286723734
1554780072804,2.895,121.4,0.00561,0.421,0.286723734
1554780072866,2.957,121.4,0.00564,0.42,0.28757232
1554780072912,3.003,121.4,0.00564,0.42,0.28757232
1554780072958,3.049,121.4,0.00564,0.42,0.28757232
1554780073004,3.095,121.4,0.00564,0.42,0.28757232
1554780073065,3.157,121.3,0.00562,0.42,0.28631652
1554780073111,3.202,121.3,0.00562,0.42,0.28631652
1554780073157,3.249,121.3,0.00562,0.42,0.28631652
1554780073204,3.295,121.3,0.00562,0.42,0.28631652
1554780073266,3.357,121.4,0.00564,0.421,0.288257016
1554780073312,3.403,121.4,0.00564,0.421,0.288257016
1554780073358,3.449,121.4,0.00564,0.421,0.288257016
1554780073404,3.495,121.4,0.00564,0.421,0.288257016
1554780073465,3.556,121.4,0.00569,0.417,0.288049422
1554780073511,3.602,121.4,0.00569,0.417,0.288049422
1554780073557,3.648,121.4,0.00569,0.417,0.288049422
1554780073604,3.695,121.4,0.00569,0.417,0.288049422
1554780073666,3.757,121.4,0.00565,0.422,0.28945402
1554780073712,3.803,121.4,0.00565,0.422,0.28945402
1554780073758,3.849,121.4,0.00565,0.422,0.28945402
1554780073804,3.895,121.4,0.00565,0.422,0.28945402
1554780073865,3.956,121.3,0.00567,0.421,0.289551591
1554780073911,4.002,121.3,0.00567,0.421,0.289551591
1554780073957,4.048,121.3,0.00567,0.421,0.289551591
1554780074003,4.094,121.3,0.00567,0.421,0.289551591
1554780074066,4.157,121.3,0.00565,0.423,0.289900935
1554780074112,4.203,121.3,0.00565,0.423,0.289900935
1554780074158,4.249,121.3,0.00565,0.423,0.289900935
1554780074204,4.295,121.3,0.00565,0.423,0.289900935
1554780074266,4.357,121.3,0.0057,0.422,0.29177502
1554780074312,4.403,121.3,0.0057,0.422,0.29177502
1554780074358,4.449,121.3,0.0057,0.422,0.29177502
1554780074404,4.495,121.3,0.0057,0.422,0.29177502
1554780074465,4.556,121.4,0.00572,0.421,0.292345768
1554780074511,4.602,121.4,0.00572,0.421,0.292345768
1554780074557,4.648,121.4,0.00572,0.421,0.292345768
1554780074603,4.694,121.4,0.00572,0.421,0.292345768
1554780074666,4.757,121.4,0.00571,0.419,0.290448286
1554780074712,4.803,121.4,0.00571,0.419,0.290448286
1554780074758,4.849,121.4,0.00571,0.419,0.290448286
1554780074804,4.895,121.4,0.00571,0.419,0.290448286
1554780074865,4.956,121.4,0.00569,0.422,0.291503252
1554780074911,5.002,121.4,0.00569,0.422,0.291503252
1554780074957,5.048,121.4,0.00569,0.422,0.291503252
1554780075003,5.094,121.4,0.00569,0.422,0.291503252
1554780075066,5.157,121.3,0.00573,0.419,0.291225531
1554780075112,5.203,121.3,0.00573,0.419,0.291225531
1554780075158,5.249,121.3,0.00573,0.419,0.291225531
1554780075204,5.295,121.3,0.00573,0.419,0.291225531
1554780075265,5.356,121.4,0.00575,0.416,0.2903888
1554780075312,5.403,121.4,0.00575,0.416,0.2903888
1554780075358,5.449,121.4,0.00575,0.416,0.2903888
1554780075404,5.495,121.4,0.00575,0.416,0.2903888
1554780075466,5.557,121.4,0.00569,0.423,0.292194018
1554780075512,5.603,121.4,0.00569,0.423,0.292194018
1554780075558,5.649,121.4,0.00569,0.423,0.292194018
1554780075604,5.695,121.4,0.00569,0.423,0.292194018
1554780075665,5.756,121.4,0.00568,0.419,0.288922288
1554780075711,5.802,121.4,0.00568,0.419,0.288922288
1554780075757,5.848,121.4,0.00568,0.419,0.288922288
1554780075803,5.894,121.4,0.00568,0.419,0.288922288
1554780075866,5.957,121.4,0.00567,0.421,0.289790298
1554780075912,6.003,121.4,0.00567,0.421,0.289790298
1554780075958,6.049,121.4,0.00567,0.421,0.289790298
1554780076003,6.094,121.4,0.00567,0.421,0.289790298
1554780076066,6.157,121.4,0.0057,0.421,0.29132358
1554780076112,6.203,121.4,0.0057,0.421,0.29132358
1554780076158,6.249,121.4,0.0057,0.421,0.29132358
1554780076204,6.295,121.4,0.0057,0.421,0.29132358
1554780076265,6.356,121.4,0.00566,0.419,0.287904956
1554780076311,6.402,121.4,0.00566,0.419,0.287904956
1554780076358,6.449,121.4,0.00566,0.419,0.287904956
1554780076404,6.495,121.4,0.00566,0.419,0.287904956
1554780076465,6.556,121.4,0.00565,0.42,0.2880822
1554780076511,6.602,121.4,0.00565,0.42,0.2880822
1554780076557,6.648,121.4,0.00565,0.42,0.2880822
1554780076603,6.694,121.4,0.00565,0.42,0.2880822
1554780076665,6.756,121.4,0.00561,0.423,0.288085842
1554780076711,6.802,121.4,0.00561,0.423,0.288085842
1554780076757,6.849,121.4,0.00561,0.423,0.288085842
1554780076804,6.895,121.4,0.00561,0.423,0.288085842
1554780076866,6.957,121.4,0.0056,0.422,0.28689248
1554780076912,7.003,121.4,0.0056,0.422,0.28689248
1554780076958,7.049,121.4,0.0056,0.422,0.28689248
1554780077004,7.095,121.4,0.0056,0.422,0.28689248
1554780077065,7.157,121.4,0.00563,0.421,0.287745922
1554780077112,7.203,121.4,0.00563,0.421,0.287745922
1554780077158,7.249,121.4,0.00563,0.421,0.287745922
1554780077204,7.295,121.4,0.00563,0.421,0.287745922
1554780077265,7.356,121.4,0.00568,0.421,0.290301392
1554780077311,7.402,121.4,0.00568,0.421,0.290301392
1554780077357,7.448,121.4,0.00568,0.421,0.290301392
1554780077403,7.494,121.4,0.00568,0.421,0.290301392
1554780077465,7.556,121.4,0.00567,0.42,0.28910196
1554780077511,7.603,121.4,0.00567,0.42,0.28910196
1554780077558,7.649,121.4,0.00567,0.42,0.28910196
1554780077604,7.695,121.4,0.00567,0.42,0.28910196
1554780077665,7.756,121.4,0.00566,0.42,0.28859208
1554780077711,7.802,121.4,0.00566,0.42,0.28859208
1554780077757,7.848,121.4,0.00566,0.42,0.28859208
1554780077803,7.894,121.4,0.00566,0.42,0.28859208
1554780077865,7.956,121.4,0.00563,0.422,0.288429404
1554780077911,8.002,121.4,0.00563,0.422,0.288429404
1554780077957,8.048,121.4,0.00563,0.422,0.288429404
1554780078003,8.094,121.4,0.00563,0.422,0.288429404
1554780078066,8.157,121.3,0.00569,0.421,0.290572937
1554780078112,8.203,121.3,0.00569,0.421,0.290572937
1554780078158,8.249,121.3,0.00569,0.421,0.290572937
1554780078204,8.295,121.3,0.00569,0.421,0.290572937
1554780078265,8.356,121.3,0.00569,0.419,0.289192543
1554780078311,8.402,121.3,0.00569,0.419,0.289192543
1554780078357,8.448,121.3,0.00569,0.419,0.289192543
1554780078403,8.494,121.3,0.00569,0.419,0.289192543
1554780078466,8.557,121.4,0.00571,0.422,0.292527868
1554780078512,8.603,121.4,0.00571,0.422,0.292527868
1554780078558,8.649,121.4,0.00571,0.422,0.292527868
1554780078604,8.695,121.4,0.00571,0.422,0.292527868
1554780078665,8.756,121.4,0.00572,0.421,0.292345768
1554780078712,8.803,121.4,0.00572,0.421,0.292345768
1554780078758,8.849,121.4,0.00572,0.421,0.292345768
1554780078804,8.895,121.4,0.00572,0.421,0.292345768
1554780078865,8.956,121.3,0.0057,0.419,0.28970079
1554780078911,9.002,121.3,0.0057,0.419,0.28970079
1554780078957,9.048,121.3,0.0057,0.419,0.28970079
1554780079004,9.095,121.3,0.0057,0.419,0.28970079
1554780079065,9.156,121.3,0.00569,0.422,0.291263134
1554780079111,9.202,121.3,0.00569,0.422,0.291263134
1554780079157,9.248,121.3,0.00569,0.422,0.291263134
1554780079203,9.294,121.3,0.00569,0.422,0.291263134
1554780079265,9.356,121.3,0.0057,0.421,0.29108361
1554780079311,9.402,121.3,0.0057,0.421,0.29108361
1554780079357,9.448,121.3,0.0057,0.421,0.29108361
1554780079403,9.494,121.3,0.0057,0.421,0.29108361
1554780079465,9.556,121.3,0.00568,0.422,0.290751248
1554780079510,9.601,121.3,0.00568,0.422,0.290751248
1554780079557,9.648,121.3,0.00568,0.422,0.290751248
1554780079603,9.694,121.3,0.00568,0.422,0.290751248
1554780079665,9.756,121.3,0.00571,0.419,0.290209037
1554780079711,9.802,121.3,0.00571,0.419,0.290209037
1554780079757,9.848,121.3,0.00571,0.419,0.290209037
1554780079803,9.894,121.3,0.00571,0.419,0.290209037
1554780079865,9.956,121.3,0.0057,0.42,0.2903922
1554780079910,10.001,121.3,0.0057,0.42,0.2903922
1554780079957,10.048,121.3,0.0057,0.42,0.2903922
1554780080003,10.094,121.3,0.0057,0.42,0.2903922
1554780080065,10.156,121.3,0.00566,0.419,0.287667802
1554780080111,10.202,121.3,0.00566,0.419,0.287667802
1554780080157,10.248,121.3,0.00566,0.419,0.287667802
1554780080203,10.294,121.3,0.00566,0.419,0.287667802
1554780080264,10.355,121.3,0.00567,0.419,0.288176049
1554780080310,10.401,121.3,0.00567,0.419,0.288176049
1554780080356,10.447,121.3,0.00567,0.419,0.288176049
1554780080403,10.494,121.3,0.00567,0.419,0.288176049
1554780080465,10.556,121.4,0.00564,0.42,0.28757232
1554780080511,10.602,121.4,0.00564,0.42,0.28757232
1554780080557,10.648,121.4,0.00564,0.42,0.28757232
1554780080603,10.694,121.4,0.00564,0.42,0.28757232
1554780080664,10.755,121.4,0.00564,0.42,0.28757232
1554780080710,10.801,121.4,0.00564,0.42,0.28757232
1554780080756,10.847,121.4,0.00564,0.42,0.28757232
1554780080802,10.893,121.4,0.00564,0.42,0.28757232
1554780080865,10.956,121.4,0.00562,0.42,0.28655256
1554780080911,11.002,121.4,0.00562,0.42,0.28655256
1554780080957,11.048,121.4,0.00562,0.42,0.28655256
1554780081003,11.094,121.4,0.00562,0.42,0.28655256
1554780081065,11.156,121.4,0.00563,0.419,0.286378958
1554780081111,11.202,121.4,0.00563,0.419,0.286378958
1554780081157,11.248,121.4,0.00563,0.419,0.286378958
1554780081204,11.295,121.4,0.00563,0.419,0.286378958
1554780081265,11.356,121.4,0.00569,0.42,0.29012172
1554780081311,11.402,121.4,0.00569,0.42,0.29012172
1554780081357,11.448,121.4,0.00569,0.42,0.29012172
1554780081403,11.494,121.4,0.00569,0.42,0.29012172
1554780081465,11.556,121.4,0.00571,0.419,0.290448286
1554780081511,11.602,121.4,0.00571,0.419,0.290448286
1554780081558,11.649,121.4,0.00571,0.419,0.290448286
1554780081604,11.695,121.4,0.00571,0.419,0.290448286
1554780081665,11.756,121.4,0.00566,0.42,0.28859208
1554780081711,11.802,121.4,0.00566,0.42,0.28859208
1554780081757,11.848,121.4,0.00566,0.42,0.28859208
1554780081803,11.894,121.4,0.00566,0.42,0.28859208
1554780081864,11.955,121.4,0.00572,0.417,0.289568136
1554780081910,12.001,121.4,0.00572,0.417,0.289568136
1554780081956,12.047,121.4,0.00572,0.417,0.289568136
1554780082002,12.093,121.4,0.00572,0.417,0.289568136
1554780082065,12.156,121.4,0.00569,0.42,0.29012172
1554780082111,12.202,121.4,0.00569,0.42,0.29012172
1554780082156,12.248,121.4,0.00569,0.42,0.29012172
1554780082203,12.294,121.4,0.00569,0.42,0.29012172
1554780082265,12.356,121.3,0.00573,0.416,0.289140384
1554780082311,12.402,121.3,0.00573,0.416,0.289140384
1554780082357,12.448,121.3,0.00573,0.416,0.289140384
1554780082404,12.495,121.3,0.00573,0.416,0.289140384
1554780082465,12.556,121.4,0.0057,0.42,0.2906316
1554780082511,12.602,121.4,0.0057,0.42,0.2906316
1554780082557,12.648,121.4,0.0057,0.42,0.2906316
1554780082603,12.694,121.4,0.0057,0.42,0.2906316
1554780082664,12.755,121.4,0.00569,0.419,0.289430954
1554780082710,12.802,121.4,0.00569,0.419,0.289430954
1554780082756,12.848,121.4,0.00569,0.419,0.289430954
1554780082803,12.894,121.4,0.00569,0.419,0.289430954
1554780082865,12.956,121.3,0.00568,0.423,0.291440232
1554780082911,13.002,121.3,0.00568,0.423,0.291440232
1554780082958,13.049,121.3,0.00568,0.423,0.291440232
1554780083004,13.095,121.3,0.00568,0.423,0.291440232
1554780083065,13.156,121.3,0.00569,0.421,0.290572937
1554780083111,13.202,121.3,0.00569,0.421,0.290572937
1554780083157,13.248,121.3,0.00569,0.421,0.290572937
1554780083203,13.295,121.3,0.00569,0.421,0.290572937
1554780083265,13.356,121.3,0.00571,0.42,0.29090166
1554780083311,13.402,121.3,0.00571,0.42,0.29090166
1554780083357,13.448,121.3,0.00571,0.42,0.29090166
1554780083403,13.494,121.3,0.00571,0.42,0.29090166
1554780083465,13.556,121.3,0.0057,0.422,0.29177502
1554780083511,13.602,121.3,0.0057,0.422,0.29177502
1554780083557,13.648,121.3,0.0057,0.422,0.29177502
1554780083603,13.694,121.3,0.0057,0.422,0.29177502
1554780083664,13.755,121.4,0.00564,0.424,0.290311104
1554780083710,13.801,121.4,0.00564,0.424,0.290311104
1554780083756,13.847,121.4,0.00564,0.424,0.290311104
1554780083802,13.893,121.4,0.00564,0.424,0.290311104
1554780083864,13.955,121.4,0.00562,0.421,0.287234828
1554780083910,14.001,121.4,0.00562,0.421,0.287234828
1554780083956,14.047,121.4,0.00562,0.421,0.287234828
1554780084002,14.093,121.4,0.00562,0.421,0.287234828
1554780084064,14.155,121.3,0.00567,0.419,0.288176049
1554780084110,14.201,121.3,0.00567,0.419,0.288176049
1554780084156,14.247,121.3,0.00567,0.419,0.288176049
1554780084202,14.293,121.3,0.00567,0.419,0.288176049
1554780084264,14.356,121.4,0.00567,0.42,0.28910196
1554780084310,14.401,121.4,0.00567,0.42,0.28910196
1554780084356,14.447,121.4,0.00567,0.42,0.28910196
1554780084401,14.492,121.4,0.00567,0.42,0.28910196
1554780084465,14.556,121.4,0.00564,0.422,0.288941712
1554780084510,14.601,121.4,0.00564,0.422,0.288941712
1554780084556,14.647,121.4,0.00564,0.422,0.288941712
1554780084601,14.692,121.4,0.00564,0.422,0.288941712
1554780084664,14.755,121.4,0.00562,0.421,0.287234828
1554780084710,14.801,121.4,0.00562,0.421,0.287234828
1554780084756,14.847,121.4,0.00562,0.421,0.287234828
1554780084801,14.892,121.4,0.00562,0.421,0.287234828
1554780084864,14.955,121.4,0.00563,0.42,0.28706244
1554780084909,15.0,121.4,0.00563,0.42,0.28706244
1554780084955,15.046,121.4,0.00563,0.42,0.28706244
1554780085001,15.092,121.4,0.00563,0.42,0.28706244
1554780085065,15.156,121.4,0.00563,0.42,0.28706244
1554780085111,15.202,121.4,0.00563,0.42,0.28706244
1554780085157,15.248,121.4,0.00563,0.42,0.28706244
1554780085203,15.294,121.4,0.00563,0.42,0.28706244
1554780085264,15.355,121.4,0.00569,0.421,0.290812486
1554780085310,15.401,121.4,0.00569,0.421,0.290812486
1554780085356,15.447,121.4,0.00569,0.421,0.290812486
1554780085402,15.493,121.4,0.00569,0.421,0.290812486
1554780085465,15.556,121.4,0.00563,0.42,0.28706244
1554780085511,15.602,121.4,0.00563,0.42,0.28706244
1554780085557,15.648,121.4,0.00563,0.42,0.28706244
1554780085603,15.694,121.4,0.00563,0.42,0.28706244
1554780085664,15.755,121.4,0.0057,0.421,0.29132358
1554780085710,15.801,121.4,0.0057,0.421,0.29132358
1554780085756,15.847,121.4,0.0057,0.421,0.29132358
1554780085803,15.894,121.4,0.0057,0.421,0.29132358
1554780085864,15.955,121.4,0.00566,0.42,0.28859208
1554780085910,16.001,121.4,0.00566,0.42,0.28859208
1554780085956,16.047,121.4,0.00566,0.42,0.28859208
1554780086001,16.093,121.4,0.00566,0.42,0.28859208
1554780086064,16.155,121.4,0.00569,0.421,0.290812486
1554780086110,16.201,121.4,0.00569,0.421,0.290812486
1554780086156,16.247,121.4,0.00569,0.421,0.290812486
1554780086202,16.293,121.4,0.00569,0.421,0.290812486
1554780086264,16.355,121.4,0.00568,0.421,0.290301392
1554780086310,16.401,121.4,0.00568,0.421,0.290301392
1554780086356,16.447,121.4,0.00568,0.421,0.290301392
1554780086402,16.493,121.4,0.00568,0.421,0.290301392
1554780086465,16.556,121.4,0.00575,0.42,0.293181
1554780086511,16.602,121.4,0.00575,0.42,0.293181
1554780086557,16.648,121.4,0.00575,0.42,0.293181
1554780086603,16.694,121.4,0.00575,0.42,0.293181
1554780086664,16.755,121.4,0.00573,0.422,0.293552484
1554780086710,16.801,121.4,0.00573,0.422,0.293552484
1554780086756,16.847,121.4,0.00573,0.422,0.293552484
1554780086802,16.893,121.4,0.00573,0.422,0.293552484
1554780086864,16.956,121.4,0.00569,0.423,0.292194018
1554780086911,17.002,121.4,0.00569,0.423,0.292194018
1554780086957,17.048,121.4,0.00569,0.423,0.292194018
1554780087003,17.094,121.4,0.00569,0.423,0.292194018
1554780087064,17.155,121.3,0.0057,0.421,0.29108361
1554780087110,17.201,121.3,0.0057,0.421,0.29108361
1554780087156,17.247,121.3,0.0057,0.421,0.29108361
1554780087202,17.293,121.3,0.0057,0.421,0.29108361
1554780087264,17.355,121.3,0.00572,0.421,0.292104956
1554780087309,17.4,121.3,0.00572,0.421,0.292104956
1554780087356,17.447,121.3,0.00572,0.421,0.292104956
1554780087402,17.493,121.3,0.00572,0.421,0.292104956
1554780087464,17.555,121.3,0.00572,0.421,0.292104956
1554780087510,17.601,121.3,0.00572,0.421,0.292104956
1554780087556,17.647,121.3,0.00572,0.421,0.292104956
1554780087602,17.693,121.3,0.00572,0.421,0.292104956
1554780087664,17.755,121.4,0.00567,0.422,0.290478636
1554780087711,17.802,121.4,0.00567,0.422,0.290478636
1554780087757,17.848,121.4,0.00567,0.422,0.290478636
1554780087803,17.894,121.4,0.00567,0.422,0.290478636
1554780087864,17.955,121.3,0.00565,0.423,0.289900935
1554780087910,18.001,121.3,0.00565,0.423,0.289900935
1554780087956,18.047,121.3,0.00565,0.423,0.289900935
1554780088002,18.093,121.3,0.00565,0.423,0.289900935
1554780088063,18.155,121.3,0.00564,0.421,0.288019572
1554780088110,18.201,121.3,0.00564,0.421,0.288019572
1554780088156,18.247,121.3,0.00564,0.421,0.288019572
1554780088202,18.293,121.3,0.00564,0.421,0.288019572
1554780088264,18.355,121.4,0.00566,0.422,0.289966328
1554780088310,18.401,121.4,0.00566,0.422,0.289966328
1554780088357,18.448,121.4,0.00566,0.422,0.289966328
1554780088403,18.494,121.4,0.00566,0.422,0.289966328
1554780088464,18.555,121.4,0.00563,0.423,0.289112886
1554780088510,18.601,121.4,0.00563,0.423,0.289112886
1554780088556,18.647,121.4,0.00563,0.423,0.289112886
1554780088602,18.693,121.4,0.00563,0.423,0.289112886
1554780088663,18.754,121.4,0.00562,0.424,0.289281632
1554780088709,18.8,121.4,0.00562,0.424,0.289281632
1554780088756,18.847,121.4,0.00562,0.424,0.289281632
1554780088802,18.893,121.4,0.00562,0.424,0.289281632
1554780088864,18.955,121.4,0.00561,0.419,0.285361626
1554780088910,19.001,121.4,0.00561,0.419,0.285361626
1554780088956,19.047,121.4,0.00561,0.419,0.285361626
1554780089002,19.093,121.4,0.00561,0.419,0.285361626
1554780089064,19.155,121.4,0.0056,0.422,0.28689248
1554780089109,19.2,121.4,0.0056,0.422,0.28689248
1554780089155,19.246,121.4,0.0056,0.422,0.28689248
1554780089201,19.292,121.4,0.0056,0.422,0.28689248
1554780089264,19.355,121.4,0.00561,0.425,0.28944795
1554780089310,19.401,121.4,0.00561,0.425,0.28944795
1554780089356,19.447,121.4,0.00561,0.425,0.28944795
1554780089402,19.493,121.4,0.00561,0.425,0.28944795
1554780089463,19.554,121.4,0.00561,0.424,0.288766896
1554780089509,19.6,121.4,0.00561,0.424,0.288766896
1554780089555,19.646,121.4,0.00561,0.424,0.288766896
1554780089601,19.692,121.4,0.00561,0.424,0.288766896
1554780089664,19.755,121.4,0.00565,0.421,0.28876811
1554780089710,19.801,121.4,0.00565,0.421,0.28876811
1554780089760,19.851,121.4,0.00565,0.421,0.28876811
1554780089806,19.897,121.4,0.00565,0.421,0.28876811
1554780089863,19.954,121.4,0.00562,0.42,0.28655256
1554780089909,20.0,121.4,0.00562,0.42,0.28655256
1554780089955,20.046,121.4,0.00562,0.42,0.28655256
1554780090001,20.092,121.4,0.00562,0.42,0.28655256
1554780090064,20.155,121.4,0.00564,0.423,0.289626408
1554780090110,20.201,121.4,0.00564,0.423,0.289626408
1554780090156,20.247,121.4,0.00564,0.423,0.289626408
1554780090202,20.293,121.4,0.00564,0.423,0.289626408
1554780090263,20.354,121.3,0.00567,0.42,0.28886382
1554780090309,20.4,121.3,0.00567,0.42,0.28886382
1554780090355,20.446,121.3,0.00567,0.42,0.28886382
1554780090401,20.492,121.3,0.00567,0.42,0.28886382
1554780090463,20.554,121.4,0.00569,0.422,0.291503252
1554780090509,20.6,121.4,0.00569,0.422,0.291503252
1554780090556,20.647,121.4,0.00569,0.422,0.291503252
1554780090602,20.693,121.4,0.00569,0.422,0.291503252
1554780090664,20.755,121.4,0.00569,0.423,0.292194018
1554780090710,20.801,121.4,0.00569,0.423,0.292194018
1554780090756,20.847,121.4,0.00569,0.423,0.292194018
1554780090802,20.893,121.4,0.00569,0.423,0.292194018
1554780090863,20.954,121.4,0.00567,0.424,0.291855312
1554780090910,21.001,121.4,0.00567,0.424,0.291855312
1554780090956,21.047,121.4,0.00567,0.424,0.291855312
1554780091002,21.093,121.4,0.00567,0.424,0.291855312
1554780091064,21.155,121.3,0.00567,0.422,0.290239362
1554780091110,21.201,121.3,0.00567,0.422,0.290239362
1554780091156,21.247,121.3,0.00567,0.422,0.290239362
1554780091202,21.293,121.3,0.00567,0.422,0.290239362
1554780091263,21.354,121.3,0.00572,0.422,0.292798792
1554780091309,21.4,121.3,0.00572,0.422,0.292798792
1554780091356,21.447,121.3,0.00572,0.422,0.292798792
1554780091402,21.493,121.3,0.00572,0.422,0.292798792
1554780091464,21.555,121.3,0.00566,0.423,0.290414034
1554780091510,21.601,121.3,0.00566,0.423,0.290414034
1554780091556,21.647,121.3,0.00566,0.423,0.290414034
1554780091602,21.693,121.3,0.00566,0.423,0.290414034
1554780091664,21.755,121.4,0.00562,0.425,0.2899639
1554780091710,21.801,121.4,0.00562,0.425,0.2899639
1554780091756,21.847,121.4,0.00562,0.425,0.2899639
1554780091802,21.893,121.4,0.00562,0.425,0.2899639
1554780091863,21.954,121.4,0.00561,0.424,0.288766896
1554780091909,22.0,121.4,0.00561,0.424,0.288766896
1554780091955,22.046,121.4,0.00561,0.424,0.288766896
1554780092001,22.093,121.4,0.00561,0.424,0.288766896
1554780092064,22.155,121.4,0.00564,0.423,0.289626408
1554780092110,22.201,121.4,0.00564,0.423,0.289626408
1554780092156,22.247,121.4,0.00564,0.423,0.289626408
1554780092202,22.293,121.4,0.00564,0.423,0.289626408
1554780092263,22.354,121.4,0.00563,0.423,0.289112886
1554780092309,22.4,121.4,0.00563,0.423,0.289112886
1554780092355,22.447,121.4,0.00563,0.423,0.289112886
1554780092401,22.493,121.4,0.00563,0.423,0.289112886
1554780092464,22.555,121.4,0.00561,0.422,0.287404788
1554780092510,22.601,121.4,0.00561,0.422,0.287404788
1554780092556,22.647,121.4,0.00561,0.422,0.287404788
1554780092602,22.693,121.4,0.00561,0.422,0.287404788
1554780092663,22.754,121.4,0.00562,0.42,0.28655256
1554780092709,22.8,121.4,0.00562,0.42,0.28655256
1554780092755,22.846,121.4,0.00562,0.42,0.28655256
1554780092801,22.892,121.4,0.00562,0.42,0.28655256
1554780092864,22.955,121.4,0.00559,0.423,0.287058798
1554780092910,23.001,121.4,0.00559,0.423,0.287058798
1554780092956,23.047,121.4,0.00559,0.423,0.287058798
1554780093002,23.093,121.4,0.00559,0.423,0.287058798
1554780093063,23.154,121.4,0.00559,0.423,0.287058798
1554780093109,23.2,121.4,0.00559,0.423,0.287058798
1554780093156,23.247,121.4,0.00559,0.423,0.287058798
1554780093202,23.293,121.4,0.00559,0.423,0.287058798
1554780093263,23.354,121.4,0.00558,0.426,0.288577512
1554780093309,23.4,121.4,0.00558,0.426,0.288577512
1554780093355,23.446,121.4,0.00558,0.426,0.288577512
1554780093401,23.492,121.4,0.00558,0.426,0.288577512
1554780093463,23.554,121.4,0.00562,0.424,0.289281632
1554780093509,23.6,121.4,0.00562,0.424,0.289281632
1554780093556,23.647,121.4,0.00562,0.424,0.289281632
1554780093602,23.693,121.4,0.00562,0.424,0.289281632
1554780093663,23.754,121.4,0.00569,0.418,0.288740188
1554780093709,23.8,121.4,0.00569,0.418,0.288740188
1554780093755,23.846,121.4,0.00569,0.418,0.288740188
1554780093801,23.892,121.4,0.00569,0.418,0.288740188
1554780093864,23.955,121.4,0.00566,0.421,0.289279204
1554780093910,24.001,121.4,0.00566,0.421,0.289279204
1554780093956,24.047,121.4,0.00566,0.421,0.289279204
1554780094002,24.093,121.4,0.00566,0.421,0.289279204
1554780094063,24.154,121.4,0.00562,0.424,0.289281632
1554780094109,24.2,121.4,0.00562,0.424,0.289281632
1554780094155,24.246,121.4,0.00562,0.424,0.289281632
1554780094201,24.292,121.4,0.00562,0.424,0.289281632
1554780094263,24.355,121.4,0.00568,0.422,0.290990944
1554780094309,24.401,121.4,0.00568,0.422,0.290990944
1554780094356,24.447,121.4,0.00568,0.422,0.290990944
1554780094402,24.493,121.4,0.00568,0.422,0.290990944
1554780094463,24.554,121.4,0.00567,0.422,0.290478636
1554780094509,24.6,121.4,0.00567,0.422,0.290478636
1554780094555,24.647,121.4,0.00567,0.422,0.290478636
1554780094602,24.693,121.4,0.00567,0.422,0.290478636
1554780094663,24.754,121.4,0.0057,0.424,0.29339952
1554780094709,24.8,121.4,0.0057,0.424,0.29339952
1554780094755,24.846,121.4,0.0057,0.424,0.29339952
1554780094801,24.892,121.4,0.0057,0.424,0.29339952
1554780094863,24.954,121.4,0.00568,0.424,0.292370048
1554780094909,25.0,121.4,0.00568,0.424,0.292370048
1554780094955,25.046,121.4,0.00568,0.424,0.292370048
1554780095002,25.093,121.4,0.00568,0.424,0.292370048
1554780095063,25.154,121.3,0.00567,0.422,0.290239362
1554780095109,25.2,121.3,0.00567,0.422,0.290239362
1554780095155,25.246,121.3,0.00567,0.422,0.290239362
1554780095201,25.292,121.3,0.00567,0.422,0.290239362
1554780095263,25.354,121.3,0.00568,0.422,0.290751248
1554780095309,25.4,121.3,0.00568,0.422,0.290751248
1554780095355,25.446,121.3,0.00568,0.422,0.290751248
1554780095402,25.493,121.3,0.00568,0.422,0.290751248
1554780095463,25.554,121.3,0.00569,0.423,0.291953331
1554780095509,25.6,121.3,0.00569,0.423,0.291953331
1554780095555,25.646,121.3,0.00569,0.423,0.291953331
1554780095601,25.692,121.3,0.00569,0.423,0.291953331
1554780095663,25.754,121.4,0.00564,0.426,0.291680496
1554780095709,25.8,121.4,0.00564,0.426,0.291680496
1554780095755,25.846,121.4,0.00564,0.426,0.291680496
1554780095801,25.892,121.4,0.00564,0.426,0.291680496
1554780095862,25.953,121.4,0.00565,0.422,0.28945402
1554780095909,26.0,121.4,0.00565,0.422,0.28945402
1554780095955,26.046,121.4,0.00565,0.422,0.28945402
1554780096001,26.092,121.4,0.00565,0.422,0.28945402
1554780096063,26.154,121.3,0.00565,0.422,0.28921559
1554780096109,26.2,121.3,0.00565,0.422,0.28921559
1554780096156,26.247,121.3,0.00565,0.422,0.28921559
1554780096202,26.293,121.3,0.00565,0.422,0.28921559
1554780096263,26.354,121.4,0.00569,0.418,0.288740188
1554780096309,26.4,121.4,0.00569,0.418,0.288740188
1554780096355,26.446,121.4,0.00569,0.418,0.288740188
1554780096401,26.492,121.4,0.00569,0.418,0.288740188
1554780096463,26.554,121.4,0.0057,0.417,0.28855566
1554780096509,26.6,121.4,0.0057,0.417,0.28855566
1554780096555,26.646,121.4,0.0057,0.417,0.28855566
1554780096602,26.693,121.4,0.0057,0.417,0.28855566
1554780096663,26.754,121.4,0.00565,0.42,0.2880822
1554780096709,26.8,121.4,0.00565,0.42,0.2880822
1554780096755,26.846,121.4,0.00565,0.42,0.2880822
1554780096801,26.892,121.4,0.00565,0.42,0.2880822
1554780096863,26.954,121.4,0.00562,0.419,0.285870292
1554780096909,27.0,121.4,0.00562,0.419,0.285870292
1554780096956,27.047,121.4,0.00562,0.419,0.285870292
1554780097001,27.092,121.4,0.00562,0.419,0.285870292
1554780097062,27.153,121.4,0.00562,0.418,0.285188024
1554780097108,27.199,121.4,0.00562,0.418,0.285188024
1554780097155,27.246,121.4,0.00562,0.418,0.285188024
1554780097201,27.292,121.4,0.00562,0.418,0.285188024
1554780097263,27.354,121.3,0.00567,0.42,0.28886382
1554780097309,27.4,121.3,0.00567,0.42,0.28886382
1554780097356,27.447,121.3,0.00567,0.42,0.28886382
1554780097402,27.493,121.3,0.00567,0.42,0.28886382
1554780097463,27.554,121.4,0.00569,0.421,0.290812486
1554780097509,27.6,121.4,0.00569,0.421,0.290812486
1554780097556,27.647,121.4,0.00569,0.421,0.290812486
1554780097603,27.694,121.4,0.00569,0.421,0.290812486
1554780097663,27.754,121.4,0.00568,0.422,0.290990944
1554780097709,27.8,121.4,0.00568,0.422,0.290990944
1554780097755,27.846,121.4,0.00568,0.422,0.290990944
1554780097801,27.892,121.4,0.00568,0.422,0.290990944
1554780097862,27.953,121.4,0.0057,0.42,0.2906316
1554780097908,27.999,121.4,0.0057,0.42,0.2906316
1554780097954,28.045,121.4,0.0057,0.42,0.2906316
1554780098001,28.092,121.4,0.0057,0.42,0.2906316
1554780098063,28.154,121.4,0.00565,0.424,0.29082584
1554780098109,28.2,121.4,0.00565,0.424,0.29082584
1554780098155,28.246,121.4,0.00565,0.424,0.29082584
1554780098202,28.293,121.4,0.00565,0.424,0.29082584
1554780098263,28.354,121.4,0.00567,0.419,0.288413622
1554780098309,28.4,121.4,0.00567,0.419,0.288413622
1554780098355,28.446,121.4,0.00567,0.419,0.288413622
1554780098401,28.492,121.4,0.00567,0.419,0.288413622
1554780098462,28.553,121.3,0.00571,0.422,0.292286906
1554780098508,28.599,121.3,0.00571,0.422,0.292286906
1554780098555,28.646,121.3,0.00571,0.422,0.292286906
1554780098601,28.692,121.3,0.00571,0.422,0.292286906
1554780098663,28.754,121.3,0.00573,0.422,0.293310678
1554780098709,28.8,121.3,0.00573,0.422,0.293310678
1554780098755,28.846,121.3,0.00573,0.422,0.293310678
1554780098802,28.893,121.3,0.00573,0.422,0.293310678
1554780098862,28.953,121.4,0.00573,0.42,0.29216124
1554780098908,28.999,121.4,0.00573,0.42,0.29216124
1554780098954,29.045,121.4,0.00573,0.42,0.29216124
1554780099000,29.091,121.4,0.00573,0.42,0.29216124
1554780099062,29.153,121.3,0.00574,0.418,0.291037516
1554780099108,29.199,121.3,0.00574,0.418,0.291037516
1554780099155,29.246,121.3,0.00574,0.418,0.291037516
1554780099201,29.292,121.3,0.00574,0.418,0.291037516
1554780099262,29.353,121.3,0.00567,0.424,0.291614904
1554780099308,29.399,121.3,0.00567,0.424,0.291614904
1554780099354,29.445,121.3,0.00567,0.424,0.291614904
1554780099400,29.491,121.3,0.00567,0.424,0.291614904
1554780099462,29.554,121.3,0.00567,0.425,0.292302675
1554780099508,29.6,121.3,0.00567,0.425,0.292302675
1554780099555,29.646,121.3,0.00567,0.425,0.292302675
1554780099601,29.692,121.3,0.00567,0.425,0.292302675
1554780099662,29.753,121.3,0.00567,0.423,0.290927133
1554780099708,29.799,121.3,0.00567,0.423,0.290927133
1554780099754,29.845,121.3,0.00567,0.423,0.290927133
1554780099800,29.891,121.3,0.00567,0.423,0.290927133
1554780099863,29.954,121.4,0.00564,0.422,0.288941712
1554780099909,30.0,121.4,0.00564,0.422,0.288941712
1554780099955,30.046,121.4,0.00564,0.422,0.288941712
1554780100001,30.092,121.4,0.00564,0.422,0.288941712
1554780100062,30.153,121.3,0.00565,0.422,0.28921559
1554780100108,30.199,121.3,0.00565,0.422,0.28921559
1554780100155,30.246,121.3,0.00565,0.422,0.28921559
1554780100201,30.292,121.3,0.00565,0.422,0.28921559
1554780100263,30.354,121.3,0.00563,0.421,0.287508899
1554780100309,30.4,121.3,0.00563,0.421,0.287508899
1554780100355,30.446,121.3,0.00563,0.421,0.287508899
1554780100401,30.492,121.3,0.00563,0.421,0.287508899
1554780100462,30.553,121.3,0.00563,0.423,0.288874737
1554780100508,30.599,121.3,0.00563,0.423,0.288874737
1554780100554,30.645,121.3,0.00563,0.423,0.288874737
1554780100601,30.692,121.3,0.00563,0.423,0.288874737
1554780100662,30.753,121.4,0.00563,0.422,0.288429404
1554780100708,30.799,121.4,0.00563,0.422,0.288429404
1554780100754,30.845,121.4,0.00563,0.422,0.288429404
1554780100800,30.891,121.4,0.00563,0.422,0.288429404
1554780100862,30.953,121.4,0.0056,0.419,0.28485296
1554780100908,30.999,121.4,0.0056,0.419,0.28485296
1554780100954,31.045,121.4,0.0056,0.419,0.28485296
1554780101000,31.091,121.4,0.0056,0.419,0.28485296
1554780101062,31.153,121.4,0.00561,0.422,0.287404788
1554780101108,31.199,121.4,0.00561,0.422,0.287404788
1554780101154,31.246,121.4,0.00561,0.422,0.287404788
1554780101200,31.292,121.4,0.00561,0.422,0.287404788
1554780101262,31.353,121.4,0.00563,0.422,0.288429404
1554780101308,31.399,121.4,0.00563,0.422,0.288429404
1554780101354,31.445,121.4,0.00563,0.422,0.288429404
1554780101400,31.491,121.4,0.00563,0.422,0.288429404
1554780101462,31.553,121.4,0.00567,0.421,0.289790298
1554780101508,31.6,121.4,0.00567,0.421,0.289790298
1554780101555,31.646,121.4,0.00567,0.421,0.289790298
1554780101601,31.692,121.4,0.00567,0.421,0.289790298
1554780101662,31.753,121.4,0.0057,0.421,0.29132358
1554780101708,31.799,121.4,0.0057,0.421,0.29132358
1554780101754,31.845,121.4,0.0057,0.421,0.29132358
1554780101800,31.891,121.4,0.0057,0.421,0.29132358
1554780101863,31.954,121.4,0.00569,0.417,0.288049422
1554780101909,32.0,121.4,0.00569,0.417,0.288049422
1554780101955,32.046,121.4,0.00569,0.417,0.288049422
1554780102001,32.092,121.4,0.00569,0.417,0.288049422
1554780102062,32.153,121.4,0.00571,0.42,0.29114148
1554780102109,32.2,121.4,0.00571,0.42,0.29114148
1554780102155,32.246,121.4,0.00571,0.42,0.29114148
1554780102201,32.292,121.4,0.00571,0.42,0.29114148
1554780102262,32.353,121.4,0.00573,0.42,0.29216124
1554780102308,32.399,121.4,0.00573,0.42,0.29216124
1554780102354,32.445,121.4,0.00573,0.42,0.29216124
1554780102400,32.491,121.4,0.00573,0.42,0.29216124
1554780102462,32.553,121.4,0.00573,0.419,0.291465618
1554780102508,32.599,121.4,0.00573,0.419,0.291465618
1554780102554,32.645,121.4,0.00573,0.419,0.291465618
1554780102600,32.691,121.4,0.00573,0.419,0.291465618
1554780102662,32.753,121.4,0.00572,0.42,0.29165136
1554780102708,32.799,121.4,0.00572,0.42,0.29165136
1554780102754,32.845,121.4,0.00572,0.42,0.29165136
1554780102801,32.892,121.4,0.00572,0.42,0.29165136
1554780102862,32.953,121.4,0.00572,0.423,0.293734584
1554780102908,32.999,121.4,0.00572,0.423,0.293734584
1554780102954,33.045,121.4,0.00572,0.423,0.293734584
1554780103000,33.091,121.4,0.00572,0.423,0.293734584
1554780103062,33.153,121.3,0.0057,0.422,0.29177502
1554780103108,33.199,121.3,0.0057,0.422,0.29177502
1554780103154,33.245,121.3,0.0057,0.422,0.29177502
1554780103201,33.292,121.3,0.0057,0.422,0.29177502
1554780103261,33.352,121.3,0.00567,0.42,0.28886382
1554780103308,33.399,121.3,0.00567,0.42,0.28886382
1554780103354,33.445,121.3,0.00567,0.42,0.28886382
1554780103400,33.491,121.3,0.00567,0.42,0.28886382
1554780103462,33.553,121.3,0.00573,0.418,0.290530482
1554780103508,33.599,121.3,0.00573,0.418,0.290530482
1554780103554,33.645,121.3,0.00573,0.418,0.290530482
1554780103600,33.691,121.3,0.00573,0.418,0.290530482
1554780103662,33.753,121.3,0.0057,0.42,0.2903922
1554780103708,33.799,121.3,0.0057,0.42,0.2903922
1554780103754,33.845,121.3,0.0057,0.42,0.2903922
1554780103800,33.891,121.3,0.0057,0.42,0.2903922
1554780103862,33.953,121.3,0.00569,0.419,0.289192543
1554780103908,33.999,121.3,0.00569,0.419,0.289192543
1554780103954,34.045,121.3,0.00569,0.419,0.289192543
1554780104000,34.091,121.3,0.00569,0.419,0.289192543
1554780104062,34.153,121.3,0.0057,0.418,0.28900938
1554780104108,34.199,121.3,0.0057,0.418,0.28900938
1554780104154,34.245,121.3,0.0057,0.418,0.28900938
1554780104200,34.291,121.3,0.0057,0.418,0.28900938
1554780104262,34.353,121.3,0.00572,0.414,0.287248104
1554780104308,34.399,121.3,0.00572,0.414,0.287248104
1554780104354,34.445,121.3,0.00572,0.414,0.287248104
1554780104401,34.492,121.3,0.00572,0.414,0.287248104
1554780104462,34.553,121.3,0.00566,0.417,0.286294686
1554780104507,34.598,121.3,0.00566,0.417,0.286294686
1554780104553,34.644,121.3,0.00566,0.417,0.286294686
1554780104599,34.69,121.3,0.00566,0.417,0.286294686
1554780104662,34.753,121.3,0.00564,0.421,0.288019572
1554780104708,34.799,121.3,0.00564,0.421,0.288019572
1554780104754,34.845,121.3,0.00564,0.421,0.288019572
1554780104800,34.891,121.3,0.00564,0.421,0.288019572
1554780104862,34.954,121.4,0.00561,0.423,0.288085842
1554780104908,34.999,121.4,0.00561,0.423,0.288085842
1554780104955,35.046,121.4,0.00561,0.423,0.288085842
1554780105001,35.092,121.4,0.00561,0.423,0.288085842
1554780105062,35.153,121.4,0.00561,0.422,0.287404788
1554780105108,35.199,121.4,0.00561,0.422,0.287404788
1554780105154,35.245,121.4,0.00561,0.422,0.287404788
1554780105201,35.292,121.4,0.00561,0.422,0.287404788
1554780105262,35.353,121.4,0.00566,0.419,0.287904956
1554780105308,35.399,121.4,0.00566,0.419,0.287904956
1554780105354,35.445,121.4,0.00566,0.419,0.287904956
1554780105400,35.491,121.4,0.00566,0.419,0.287904956
1554780105462,35.553,121.4,0.00566,0.42,0.28859208
1554780105508,35.599,121.4,0.00566,0.42,0.28859208
1554780105554,35.645,121.4,0.00566,0.42,0.28859208
1554780105600,35.691,121.4,0.00566,0.42,0.28859208
1554780105662,35.753,121.4,0.00569,0.42,0.29012172
1554780105709,35.8,121.4,0.00569,0.42,0.29012172
1554780105755,35.846,121.4,0.00569,0.42,0.29012172
1554780105801,35.892,121.4,0.00569,0.42,0.29012172
1554780105862,35.953,121.4,0.00568,0.419,0.288922288
1554780105908,35.999,121.4,0.00568,0.419,0.288922288
1554780105954,36.045,121.4,0.00568,0.419,0.288922288
1554780106000,36.091,121.4,0.00568,0.419,0.288922288
1554780106062,36.153,121.4,0.00568,0.421,0.290301392
1554780106108,36.2,121.4,0.00568,0.421,0.290301392
1554780106155,36.246,121.4,0.00568,0.421,0.290301392
1554780106201,36.292,121.4,0.00568,0.421,0.290301392
1554780106262,36.353,121.4,0.00572,0.419,0.290956952
1554780106308,36.399,121.4,0.00572,0.419,0.290956952
1554780106354,36.445,121.4,0.00572,0.419,0.290956952
1554780106400,36.491,121.4,0.00572,0.419,0.290956952
1554780106462,36.553,121.4,0.00569,0.421,0.290812486
1554780106508,36.599,121.4,0.00569,0.421,0.290812486
1554780106555,36.646,121.4,0.00569,0.421,0.290812486
1554780106601,36.692,121.4,0.00569,0.421,0.290812486
1554780106662,36.753,121.4,0.00575,0.42,0.293181
1554780106708,36.799,121.4,0.00575,0.42,0.293181
1554780106754,36.845,121.4,0.00575,0.42,0.293181
1554780106800,36.891,121.4,0.00575,0.42,0.293181
1554780106862,36.953,121.3,0.00573,0.42,0.29192058
1554780106908,36.999,121.3,0.00573,0.42,0.29192058
1554780106954,37.045,121.3,0.00573,0.42,0.29192058
1554780107000,37.092,121.3,0.00573,0.42,0.29192058
1554780107062,37.153,121.3,0.00568,0.422,0.290751248
1554780107108,37.199,121.3,0.00568,0.422,0.290751248
1554780107154,37.245,121.3,0.00568,0.422,0.290751248
1554780107200,37.291,121.3,0.00568,0.422,0.290751248
1554780107262,37.353,121.3,0.00565,0.424,0.29058628
1554780107308,37.399,121.3,0.00565,0.424,0.29058628
1554780107354,37.445,121.3,0.00565,0.424,0.29058628
1554780107401,37.492,121.3,0.00565,0.424,0.29058628
1554780107462,37.553,121.3,0.00568,0.422,0.290751248
1554780107507,37.598,121.3,0.00568,0.422,0.290751248
1554780107554,37.645,121.3,0.00568,0.422,0.290751248
1554780107600,37.691,121.3,0.00568,0.422,0.290751248
1554780107662,37.753,121.3,0.00567,0.421,0.289551591
1554780107708,37.799,121.3,0.00567,0.421,0.289551591
1554780107754,37.845,121.3,0.00567,0.421,0.289551591
1554780107800,37.891,121.3,0.00567,0.421,0.289551591
1554780107863,37.954,121.3,0.00566,0.421,0.289040918
1554780107909,38.0,121.3,0.00566,0.421,0.289040918
1554780107955,38.046,121.3,0.00566,0.421,0.289040918
1554780108001,38.092,121.3,0.00566,0.421,0.289040918
1554780108062,38.153,121.3,0.00568,0.42,0.28937328
1554780108108,38.199,121.3,0.00568,0.42,0.28937328
1554780108154,38.245,121.3,0.00568,0.42,0.28937328
1554780108200,38.291,121.3,0.00568,0.42,0.28937328
1554780108262,38.353,121.3,0.00563,0.417,0.284777223
1554780108309,38.4,121.3,0.00563,0.417,0.284777223
1554780108355,38.446,121.3,0.00563,0.417,0.284777223
1554780108401,38.492,121.3,0.00563,0.417,0.284777223
1554780108462,38.553,121.3,0.00566,0.42,0.28835436
1554780108508,38.599,121.3,0.00566,0.42,0.28835436
1554780108554,38.645,121.3,0.00566,0.42,0.28835436
1554780108601,38.692,121.3,0.00566,0.42,0.28835436
1554780108662,38.753,121.4,0.00566,0.419,0.287904956
1554780108707,38.798,121.4,0.00566,0.419,0.287904956
1554780108754,38.845,121.4,0.00566,0.419,0.287904956
1554780108800,38.891,121.4,0.00566,0.419,0.287904956
1554780108862,38.953,121.4,0.00565,0.419,0.28739629
1554780108908,38.999,121.4,0.00565,0.419,0.28739629
1554780108954,39.045,121.4,0.00565,0.419,0.28739629
1554780109000,39.091,121.4,0.00565,0.419,0.28739629
1554780109063,39.154,121.4,0.00566,0.418,0.287217832
1554780109109,39.2,121.4,0.00566,0.418,0.287217832
1554780109155,39.246,121.4,0.00566,0.418,0.287217832
1554780109201,39.292,121.4,0.00566,0.418,0.287217832
1554780109262,39.353,121.4,0.00569,0.416,0.287358656
1554780109308,39.399,121.4,0.00569,0.416,0.287358656
1554780109354,39.445,121.4,0.00569,0.416,0.287358656
1554780109400,39.491,121.4,0.00569,0.416,0.287358656
1554780109462,39.553,121.4,0.00569,0.419,0.289430954
1554780109508,39.599,121.4,0.00569,0.419,0.289430954
1554780109554,39.645,121.4,0.00569,0.419,0.289430954
1554780109600,39.691,121.4,0.00569,0.419,0.289430954
1554780109662,39.753,121.4,0.00566,0.423,0.290653452
1554780109708,39.799,121.4,0.00566,0.423,0.290653452
1554780109754,39.845,121.4,0.00566,0.423,0.290653452
1554780109801,39.892,121.4,0.00566,0.423,0.290653452
1554780109862,39.953,121.4,0.00568,0.422,0.290990944
1554780109908,39.999,121.4,0.00568,0.422,0.290990944
1554780109954,40.045,121.4,0.00568,0.422,0.290990944
1554780110000,40.091,121.4,0.00568,0.422,0.290990944
1554780110062,40.153,121.4,0.00568,0.419,0.288922288
1554780110109,40.2,121.4,0.00568,0.419,0.288922288
1554780110155,40.246,121.4,0.00568,0.419,0.288922288
1554780110201,40.292,121.4,0.00568,0.419,0.288922288
1554780110262,40.354,121.4,0.00569,0.419,0.289430954
1554780110309,40.4,121.4,0.00569,0.419,0.289430954
1554780110355,40.446,121.4,0.00569,0.419,0.289430954
1554780110401,40.492,121.4,0.00569,0.419,0.289430954
1554780110462,40.553,121.4,0.00569,0.421,0.290812486
1554780110509,40.6,121.4,0.00569,0.421,0.290812486
1554780110555,40.646,121.4,0.00569,0.421,0.290812486
1554780110601,40.692,121.4,0.00569,0.421,0.290812486
1554780110662,40.753,121.4,0.0057,0.422,0.29201556
1554780110708,40.799,121.4,0.0057,0.422,0.29201556
1554780110755,40.846,121.4,0.0057,0.422,0.29201556
1554780110801,40.892,121.4,0.0057,0.422,0.29201556
1554780110862,40.953,121.4,0.00566,0.423,0.290653452
1554780110908,40.999,121.4,0.00566,0.423,0.290653452
1554780110954,41.045,121.4,0.00566,0.423,0.290653452
1554780111000,41.091,121.4,0.00566,0.423,0.290653452
1554780111063,41.154,121.4,0.00568,0.422,0.290990944
1554780111109,41.2,121.4,0.00568,0.422,0.290990944
1554780111155,41.246,121.4,0.00568,0.422,0.290990944
1554780111201,41.292,121.4,0.00568,0.422,0.290990944
1554780111262,41.353,121.3,0.00569,0.422,0.291263134
1554780111308,41.399,121.3,0.00569,0.422,0.291263134
1554780111354,41.445,121.3,0.00569,0.422,0.291263134
1554780111400,41.492,121.3,0.00569,0.422,0.291263134
1554780111462,41.553,121.3,0.00568,0.421,0.290062264
1554780111507,41.598,121.3,0.00568,0.421,0.290062264
1554780111554,41.645,121.3,0.00568,0.421,0.290062264
1554780111600,41.691,121.3,0.00568,0.421,0.290062264
1554780111662,41.753,121.3,0.0057,0.419,0.28970079
1554780111708,41.799,121.3,0.0057,0.419,0.28970079
1554780111755,41.846,121.3,0.0057,0.419,0.28970079
1554780111801,41.892,121.3,0.0057,0.419,0.28970079
1554780111862,41.953,121.3,0.00566,0.421,0.289040918
1554780111908,41.999,121.3,0.00566,0.421,0.289040918
1554780111954,42.045,121.3,0.00566,0.421,0.289040918
1554780112000,42.091,121.3,0.00566,0.421,0.289040918
1554780112062,42.153,121.3,0.00563,0.424,0.289557656
1554780112108,42.199,121.3,0.00563,0.424,0.289557656
1554780112154,42.245,121.3,0.00563,0.424,0.289557656
1554780112200,42.291,121.3,0.00563,0.424,0.289557656
1554780112262,42.354,121.3,0.00562,0.422,0.287679932
1554780112308,42.399,121.3,0.00562,0.422,0.287679932
1554780112354,42.446,121.3,0.00562,0.422,0.287679932
1554780112401,42.492,121.3,0.00562,0.422,0.287679932
1554780112462,42.553,121.3,0.00564,0.419,0.286651308
1554780112508,42.599,121.3,0.00564,0.419,0.286651308
1554780112554,42.645,121.3,0.00564,0.419,0.286651308
1554780112600,42.691,121.3,0.00564,0.419,0.286651308
1554780112663,42.754,121.4,0.00563,0.42,0.28706244
1554780112709,42.8,121.4,0.00563,0.42,0.28706244
1554780112755,42.846,121.4,0.00563,0.42,0.28706244
1554780112801,42.892,121.4,0.00563,0.42,0.28706244
1554780112862,42.953,121.4,0.00564,0.419,0.286887624
1554780112908,42.999,121.4,0.00564,0.419,0.286887624
1554780112954,43.045,121.4,0.00564,0.419,0.286887624
1554780113000,43.091,121.4,0.00564,0.419,0.286887624
1554780113062,43.153,121.4,0.00563,0.422,0.288429404
1554780113108,43.199,121.4,0.00563,0.422,0.288429404
1554780113155,43.246,121.4,0.00563,0.422,0.288429404
1554780113201,43.292,121.4,0.00563,0.422,0.288429404
1554780113262,43.353,121.4,0.0056,0.423,0.28757232
1554780113308,43.4,121.4,0.0056,0.423,0.28757232
1554780113355,43.446,121.4,0.0056,0.423,0.28757232
1554780113401,43.492,121.4,0.0056,0.423,0.28757232
1554780113462,43.553,121.4,0.00563,0.42,0.28706244
1554780113508,43.599,121.4,0.00563,0.42,0.28706244
1554780113554,43.645,121.4,0.00563,0.42,0.28706244
1554780113600,43.691,121.4,0.00563,0.42,0.28706244
1554780113662,43.753,121.4,0.00569,0.422,0.291503252
1554780113708,43.8,121.4,0.00569,0.422,0.291503252
1554780113755,43.846,121.4,0.00569,0.422,0.291503252
1554780113801,43.892,121.4,0.00569,0.422,0.291503252
1554780113862,43.953,121.4,0.00605,0.425,0.31214975
1554780113908,43.999,121.4,0.00605,0.425,0.31214975
1554780113954,44.045,121.4,0.00605,0.425,0.31214975
1554780114000,44.091,121.4,0.00605,0.425,0.31214975
1554780114062,44.153,121.4,0.00595,0.423,0.30554559
1554780114109,44.2,121.4,0.00595,0.423,0.30554559
1554780114155,44.246,121.4,0.00595,0.423,0.30554559
1554780114201,44.292,121.4,0.00595,0.423,0.30554559
1554780114262,44.353,121.4,0.00591,0.427,0.306361398
1554780114308,44.399,121.4,0.00591,0.427,0.306361398
1554780114355,44.446,121.4,0.00591,0.427,0.306361398
1554780114401,44.492,121.4,0.00591,0.427,0.306361398
1554780114462,44.553,121.4,0.00595,0.426,0.30771258
1554780114508,44.599,121.4,0.00595,0.426,0.30771258
1554780114555,44.646,121.4,0.00595,0.426,0.30771258
1554780114601,44.692,121.4,0.00595,0.426,0.30771258
1554780114662,44.753,121.4,0.006,0.427,0.3110268
1554780114708,44.799,121.4,0.006,0.427,0.3110268
1554780114754,44.845,121.4,0.006,0.427,0.3110268
1554780114800,44.891,121.4,0.006,0.427,0.3110268
1554780114863,44.954,121.4,0.00601,0.424,0.309356336
1554780114909,45.0,121.4,0.00601,0.424,0.309356336
1554780114955,45.046,121.4,0.00601,0.424,0.309356336
1554780115001,45.092,121.4,0.00601,0.424,0.309356336
1554780115062,45.153,121.4,0.00597,0.423,0.306572634
1554780115108,45.199,121.4,0.00597,0.423,0.306572634
1554780115154,45.245,121.4,0.00597,0.423,0.306572634
1554780115200,45.291,121.4,0.00597,0.423,0.306572634
1554780115262,45.353,121.3,0.00594,0.424,0.305501328
1554780115307,45.398,121.3,0.00594,0.424,0.305501328
1554780115353,45.444,121.3,0.00594,0.424,0.305501328
1554780115399,45.49,121.3,0.00594,0.424,0.305501328
1554780115462,45.553,121.3,0.00594,0.427,0.307662894
1554780115508,45.599,121.3,0.00594,0.427,0.307662894
1554780115554,45.645,121.3,0.00594,0.427,0.307662894
1554780115600,45.691,121.3,0.00594,0.427,0.307662894
1554780115662,45.753,121.3,0.00601,0.423,0.308372499
1554780115708,45.799,121.3,0.00601,0.423,0.308372499
1554780115754,45.845,121.3,0.00601,0.423,0.308372499
1554780115800,45.891,121.3,0.00601,0.423,0.308372499
1554780115862,45.953,121.3,0.00602,0.425,0.31034605
1554780115909,46.0,121.3,0.00602,0.425,0.31034605
1554780115955,46.046,121.3,0.00602,0.425,0.31034605
1554780116001,46.092,121.3,0.00602,0.425,0.31034605
1554780116062,46.153,121.4,0.006,0.424,0.3088416
1554780116108,46.199,121.4,0.006,0.424,0.3088416
1554780116154,46.245,121.4,0.006,0.424,0.3088416
1554780116200,46.291,121.4,0.006,0.424,0.3088416
1554780116262,46.354,121.4,0.00599,0.422,0.306872492
1554780116309,46.4,121.4,0.00599,0.422,0.306872492
1554780116355,46.446,121.4,0.00599,0.422,0.306872492
1554780116401,46.492,121.4,0.00599,0.422,0.306872492
1554780116462,46.553,121.3,0.00591,0.427,0.306109041
1554780116508,46.599,121.3,0.00591,0.427,0.306109041
1554780116554,46.645,121.3,0.00591,0.427,0.306109041
1554780116600,46.691,121.3,0.00591,0.427,0.306109041
1554780116663,46.754,121.4,0.00594,0.426,0.307195416
1554780116708,46.799,121.4,0.00594,0.426,0.307195416
1554780116755,46.846,121.4,0.00594,0.426,0.307195416
1554780116801,46.892,121.4,0.00594,0.426,0.307195416
1554780116862,46.953,121.4,0.006,0.427,0.3110268
1554780116908,46.999,121.4,0.006,0.427,0.3110268
1554780116954,47.045,121.4,0.006,0.427,0.3110268
1554780117000,47.091,121.4,0.006,0.427,0.3110268
1554780117062,47.153,121.4,0.00591,0.425,0.30492645
1554780117109,47.2,121.4,0.00591,0.425,0.30492645
1554780117155,47.246,121.4,0.00591,0.425,0.30492645
1554780117201,47.292,121.4,0.00591,0.425,0.30492645
1554780117262,47.353,121.4,0.00595,0.425,0.30699025
1554780117308,47.399,121.4,0.00595,0.425,0.30699025
1554780117354,47.445,121.4,0.00595,0.425,0.30699025
1554780117400,47.491,121.4,0.00595,0.425,0.30699025
1554780117463,47.554,121.4,0.00596,0.424,0.306782656
1554780117509,47.6,121.4,0.00596,0.424,0.306782656
1554780117555,47.646,121.4,0.00596,0.424,0.306782656
1554780117601,47.692,121.4,0.00596,0.424,0.306782656
1554780117662,47.753,121.4,0.00597,0.426,0.308746908
1554780117708,47.799,121.4,0.00597,0.426,0.308746908
1554780117755,47.846,121.4,0.00597,0.426,0.308746908
1554780117801,47.892,121.4,0.00597,0.426,0.308746908
1554780117862,47.953,121.4,0.00598,0.425,0.3085381
1554780117908,47.999,121.4,0.00598,0.425,0.3085381
1554780117954,48.045,121.4,0.00598,0.425,0.3085381
1554780118000,48.091,121.4,0.00598,0.425,0.3085381
1554780118062,48.153,121.4,0.00597,0.428,0.310196424
1554780118108,48.199,121.4,0.00597,0.428,0.310196424
1554780118154,48.245,121.4,0.00597,0.428,0.310196424
1554780118200,48.291,121.4,0.00597,0.428,0.310196424
1554780118263,48.354,121.4,0.006,0.424,0.3088416
1554780118309,48.4,121.4,0.006,0.424,0.3088416
1554780118355,48.446,121.4,0.006,0.424,0.3088416
1554780118401,48.492,121.4,0.006,0.424,0.3088416
1554780118462,48.553,121.4,0.00602,0.425,0.3106019
1554780118508,48.599,121.4,0.00602,0.425,0.3106019
1554780118555,48.646,121.4,0.00602,0.425,0.3106019
1554780118601,48.692,121.4,0.00602,0.425,0.3106019
1554780118662,48.753,121.4,0.00602,0.425,0.3106019
1554780118707,48.798,121.4,0.00602,0.425,0.3106019
1554780118754,48.845,121.4,0.00602,0.425,0.3106019
1554780118800,48.891,121.4,0.00602,0.425,0.3106019
1554780118862,48.953,121.4,0.00605,0.426,0.31288422
1554780118908,48.999,121.4,0.00605,0.426,0.31288422
1554780118954,49.045,121.4,0.00605,0.426,0.31288422
1554780119000,49.091,121.4,0.00605,0.426,0.31288422
1554780119063,49.154,121.4,0.00601,0.424,0.309356336
1554780119109,49.2,121.4,0.00601,0.424,0.309356336
1554780119155,49.246,121.4,0.00601,0.424,0.309356336
1554780119201,49.292,121.4,0.00601,0.424,0.309356336
1554780119262,49.353,121.4,0.006,0.424,0.3088416
1554780119308,49.399,121.4,0.006,0.424,0.3088416
1554780119354,49.445,121.4,0.006,0.424,0.3088416
1554780119400,49.491,121.4,0.006,0.424,0.3088416
1554780119462,49.554,121.4,0.00601,0.424,0.309356336
1554780119509,49.6,121.4,0.00601,0.424,0.309356336
1554780119555,49.646,121.4,0.00601,0.424,0.309356336
1554780119601,49.692,121.4,0.00601,0.424,0.309356336
1554780119662,49.753,121.4,0.00602,0.423,0.309140244
1554780119708,49.799,121.4,0.00602,0.423,0.309140244
1554780119754,49.845,121.4,0.00602,0.423,0.309140244
1554780119800,49.891,121.4,0.00602,0.423,0.309140244
1554780119863,49.954,121.4,0.00597,0.425,0.30802215
1554780119909,50.0,121.4,0.00597,0.425,0.30802215
1554780119955,50.046,121.4,0.00597,0.425,0.30802215
1554780120001,50.092,121.4,0.00597,0.425,0.30802215
1554780120062,50.153,121.4,0.00595,0.424,0.30626792
1554780120108,50.199,121.4,0.00595,0.424,0.30626792
1554780120154,50.245,121.4,0.00595,0.424,0.30626792
1554780120200,50.291,121.4,0.00595,0.424,0.30626792
1554780120262,50.353,121.4,0.00592,0.424,0.304723712
1554780120308,50.399,121.4,0.00592,0.424,0.304723712
1554780120354,50.445,121.4,0.00592,0.424,0.304723712
1554780120400,50.491,121.4,0.00592,0.424,0.304723712
1554780120462,50.553,121.3,0.00596,0.422,0.305084056
1554780120508,50.599,121.3,0.00596,0.422,0.305084056
1554780120554,50.645,121.3,0.00596,0.422,0.305084056
1554780120600,50.691,121.3,0.00596,0.422,0.305084056
1554780120663,50.754,121.4,0.00599,0.418,0.303963748
1554780120709,50.8,121.4,0.00599,0.418,0.303963748
1554780120755,50.846,121.4,0.00599,0.418,0.303963748
1554780120801,50.892,121.4,0.00599,0.418,0.303963748
1554780120862,50.953,121.4,0.00598,0.422,0.306360184
1554780120908,50.999,121.4,0.00598,0.422,0.306360184
1554780120954,51.045,121.4,0.00598,0.422,0.306360184
1554780121000,51.091,121.4,0.00598,0.422,0.306360184
1554780121063,51.154,121.4,0.00597,0.424,0.307297392
1554780121109,51.2,121.4,0.00597,0.424,0.307297392
1554780121155,51.246,121.4,0.00597,0.424,0.307297392
1554780121201,51.292,121.4,0.00597,0.424,0.307297392
1554780121262,51.353,121.4,0.00597,0.424,0.307297392
1554780121308,51.399,121.4,0.00597,0.424,0.307297392
1554780121354,51.445,121.4,0.00597,0.424,0.307297392
1554780121400,51.491,121.4,0.00597,0.424,0.307297392
1554780121462,51.553,121.4,0.00594,0.423,0.305032068
1554780121508,51.599,121.4,0.00594,0.423,0.305032068
1554780121554,51.645,121.4,0.00594,0.423,0.305032068
1554780121601,51.692,121.4,0.00594,0.423,0.305032068
1554780121662,51.753,121.4,0.00606,0.423,0.311194332
1554780121708,51.799,121.4,0.00606,0.423,0.311194332
1554780121754,51.845,121.4,0.00606,0.423,0.311194332
1554780121800,51.891,121.4,0.00606,0.423,0.311194332
1554780121862,51.954,121.4,0.00597,0.426,0.308746908
1554780121909,52.0,121.4,0.00597,0.426,0.308746908
1554780121955,52.046,121.4,0.00597,0.426,0.308746908
1554780122001,52.092,121.4,0.00597,0.426,0.308746908
1554780122062,52.153,121.4,0.00596,0.423,0.306059112
1554780122108,52.199,121.4,0.00596,0.423,0.306059112
1554780122154,52.245,121.4,0.00596,0.423,0.306059112
1554780122200,52.291,121.4,0.00596,0.423,0.306059112
1554780122262,52.353,121.4,0.00596,0.423,0.306059112
1554780122308,52.399,121.4,0.00596,0.423,0.306059112
1554780122355,52.446,121.4,0.00596,0.423,0.306059112
1554780122401,52.492,121.4,0.00596,0.423,0.306059112
1554780122462,52.553,121.4,0.00596,0.425,0.3075062
1554780122508,52.599,121.4,0.00596,0.425,0.3075062
1554780122554,52.645,121.4,0.00596,0.425,0.3075062
1554780122600,52.691,121.4,0.00596,0.425,0.3075062
1554780122662,52.753,121.4,0.00602,0.422,0.308409416
1554780122708,52.799,121.4,0.00602,0.422,0.308409416
1554780122754,52.845,121.4,0.00602,0.422,0.308409416
1554780122800,52.891,121.4,0.00602,0.422,0.308409416
1554780122863,52.954,121.4,0.0061,0.422,0.31250788
1554780122909,53.0,121.4,0.0061,0.422,0.31250788
1554780122955,53.046,121.4,0.0061,0.422,0.31250788
1554780123001,53.092,121.4,0.0061,0.422,0.31250788
1554780123062,53.153,121.4,0.00602,0.424,0.309871072
1554780123108,53.199,121.4,0.00602,0.424,0.309871072
1554780123154,53.245,121.4,0.00602,0.424,0.309871072
1554780123200,53.291,121.4,0.00602,0.424,0.309871072
1554780123263,53.354,121.4,0.006,0.425,0.30957
1554780123309,53.4,121.4,0.006,0.425,0.30957
1554780123355,53.446,121.4,0.006,0.425,0.30957
1554780123401,53.492,121.4,0.006,0.425,0.30957
1554780123462,53.553,121.4,0.00599,0.425,0.30905405
1554780123508,53.599,121.4,0.00599,0.425,0.30905405
1554780123554,53.645,121.4,0.00599,0.425,0.30905405
1554780123600,53.691,121.4,0.00599,0.425,0.30905405
1554780123663,53.754,121.4,0.00599,0.425,0.30905405
1554780123709,53.8,121.4,0.00599,0.425,0.30905405
1554780123755,53.846,121.4,0.00599,0.425,0.30905405
1554780123801,53.892,121.4,0.00599,0.425,0.30905405
1554780123862,53.953,121.4,0.006,0.426,0.3102984
1554780123908,53.999,121.4,0.006,0.426,0.3102984
1554780123954,54.045,121.4,0.006,0.426,0.3102984
1554780124001,54.092,121.4,0.006,0.426,0.3102984
1554780124062,54.153,121.4,0.00594,0.422,0.304310952
1554780124108,54.199,121.4,0.00594,0.422,0.304310952
1554780124154,54.245,121.4,0.00594,0.422,0.304310952
1554780124200,54.291,121.4,0.00594,0.422,0.304310952
1554780124262,54.353,121.4,0.0059,0.424,0.30369424
1554780124308,54.399,121.4,0.0059,0.424,0.30369424
1554780124354,54.445,121.4,0.0059,0.424,0.30369424
1554780124400,54.491,121.4,0.0059,0.424,0.30369424
1554780124463,54.554,121.4,0.00592,0.425,0.3054424
1554780124509,54.6,121.4,0.00592,0.425,0.3054424
1554780124555,54.646,121.4,0.00592,0.425,0.3054424
1554780124601,54.692,121.4,0.00592,0.425,0.3054424
1554780124663,54.754,121.4,0.00593,0.42,0.30235884
1554780124709,54.8,121.4,0.00593,0.42,0.30235884
1554780124757,54.848,121.4,0.00593,0.42,0.30235884
1554780124803,54.895,121.4,0.00593,0.42,0.30235884
1554780124862,54.953,121.4,0.00597,0.424,0.307297392
1554780124908,54.999,121.4,0.00597,0.424,0.307297392
1554780124954,55.045,121.4,0.00597,0.424,0.307297392
1554780125000,55.091,121.4,0.00597,0.424,0.307297392
1554780125063,55.154,121.4,0.00598,0.42,0.30490824
1554780125109,55.2,121.4,0.00598,0.42,0.30490824
1554780125155,55.246,121.4,0.00598,0.42,0.30490824
1554780125201,55.292,121.4,0.00598,0.42,0.30490824
1554780125262,55.353,121.4,0.00597,0.419,0.303673602
1554780125308,55.399,121.4,0.00597,0.419,0.303673602
1554780125354,55.445,121.4,0.00597,0.419,0.303673602
1554780125400,55.491,121.4,0.00597,0.419,0.303673602
1554780125463,55.554,121.4,0.00595,0.423,0.30554559
1554780125509,55.6,121.4,0.00595,0.423,0.30554559
1554780125555,55.646,121.4,0.00595,0.423,0.30554559
1554780125601,55.692,121.4,0.00595,0.423,0.30554559
1554780125662,55.753,121.4,0.00597,0.422,0.305847876
1554780125708,55.799,121.4,0.00597,0.422,0.305847876
1554780125754,55.845,121.4,0.00597,0.422,0.305847876
1554780125800,55.891,121.4,0.00597,0.422,0.305847876
1554780125863,55.954,121.4,0.00603,0.422,0.308921724
1554780125909,56.0,121.4,0.00603,0.422,0.308921724
1554780125955,56.046,121.4,0.00603,0.422,0.308921724
1554780126001,56.092,121.4,0.00603,0.422,0.308921724
1554780126062,56.153,121.4,0.006,0.422,0.3073848
1554780126108,56.199,121.4,0.006,0.422,0.3073848
1554780126154,56.245,121.4,0.006,0.422,0.3073848
1554780126200,56.291,121.4,0.006,0.422,0.3073848
1554780126262,56.353,121.4,0.00597,0.424,0.307297392
1554780126308,56.399,121.4,0.00597,0.424,0.307297392
1554780126354,56.445,121.4,0.00597,0.424,0.307297392
1554780126400,56.491,121.4,0.00597,0.424,0.307297392
1554780126463,56.554,121.3,0.006,0.42,0.305676
1554780126509,56.6,121.3,0.006,0.42,0.305676
1554780126555,56.646,121.3,0.006,0.42,0.305676
1554780126601,56.692,121.3,0.006,0.42,0.305676
1554780126662,56.753,121.3,0.00605,0.422,0.30969103
1554780126708,56.799,121.3,0.00605,0.422,0.30969103
1554780126755,56.846,121.3,0.00605,0.422,0.30969103
1554780126801,56.892,121.3,0.00605,0.422,0.30969103
1554780126862,56.953,121.3,0.00603,0.424,0.310130136
1554780126908,56.999,121.3,0.00603,0.424,0.310130136
1554780126954,57.045,121.3,0.00603,0.424,0.310130136
1554780127000,57.091,121.3,0.00603,0.424,0.310130136
1554780127062,57.153,121.4,0.00602,0.422,0.308409416
1554780127108,57.199,121.4,0.00602,0.422,0.308409416
1554780127154,57.245,121.4,0.00602,0.422,0.308409416
1554780127200,57.292,121.4,0.00602,0.422,0.308409416
1554780127262,57.353,121.4,0.006,0.422,0.3073848
1554780127308,57.399,121.4,0.006,0.422,0.3073848
1554780127354,57.445,121.4,0.006,0.422,0.3073848
1554780127400,57.491,121.4,0.006,0.422,0.3073848
1554780127462,57.553,121.4,0.006,0.421,0.3066564
1554780127508,57.599,121.4,0.006,0.421,0.3066564
1554780127554,57.645,121.4,0.006,0.421,0.3066564
1554780127600,57.691,121.4,0.006,0.421,0.3066564
1554780127663,57.754,121.3,0.00596,0.422,0.305084056
1554780127709,57.8,121.3,0.00596,0.422,0.305084056
1554780127759,57.85,121.3,0.00596,0.422,0.305084056
1554780127805,57.896,121.3,0.00596,0.422,0.305084056
1554780127862,57.953,121.4,0.00599,0.426,0.309781236
1554780127908,57.999,121.4,0.00599,0.426,0.309781236
1554780127955,58.046,121.4,0.00599,0.426,0.309781236
1554780128001,58.092,121.4,0.00599,0.426,0.309781236
1554780128062,58.153,121.4,0.00597,0.425,0.30802215
1554780128107,58.198,121.4,0.00597,0.425,0.30802215
1554780128154,58.245,121.4,0.00597,0.425,0.30802215
1554780128200,58.291,121.4,0.00597,0.425,0.30802215
1554780128262,58.353,121.4,0.00594,0.424,0.305753184
1554780128308,58.399,121.4,0.00594,0.424,0.305753184
1554780128354,58.446,121.4,0.00594,0.424,0.305753184
1554780128401,58.492,121.4,0.00594,0.424,0.305753184
1554780128462,58.553,121.4,0.00593,0.426,0.306678252
1554780128507,58.598,121.4,0.00593,0.426,0.306678252
1554780128554,58.645,121.4,0.00593,0.426,0.306678252
1554780128600,58.691,121.4,0.00593,0.426,0.306678252
1554780128662,58.753,121.4,0.00591,0.426,0.305643924
1554780128708,58.799,121.4,0.00591,0.426,0.305643924
1554780128755,58.846,121.4,0.00591,0.426,0.305643924
1554780128801,58.892,121.4,0.00591,0.426,0.305643924
1554780128862,58.953,121.3,0.00593,0.424,0.304987016
1554780128908,58.999,121.3,0.00593,0.424,0.304987016
1554780128954,59.045,121.3,0.00593,0.424,0.304987016
1554780129000,59.091,121.3,0.00593,0.424,0.304987016
1554780129062,59.153,121.4,0.0059,0.424,0.30369424
1554780129108,59.199,121.4,0.0059,0.424,0.30369424
1554780129155,59.246,121.4,0.0059,0.424,0.30369424
1554780129201,59.292,121.4,0.0059,0.424,0.30369424
1554780129262,59.353,121.4,0.00591,0.425,0.30492645
1554780129308,59.399,121.4,0.00591,0.425,0.30492645
1554780129354,59.445,121.4,0.00591,0.425,0.30492645
1554780129400,59.491,121.4,0.00591,0.425,0.30492645
1554780129462,59.554,121.3,0.00593,0.424,0.304987016
1554780129509,59.6,121.3,0.00593,0.424,0.304987016
1554780129555,59.646,121.3,0.00593,0.424,0.304987016
1554780129601,59.692,121.3,0.00593,0.424,0.304987016
1554780129662,59.753,121.3,0.00596,0.423,0.305807004
1554780129708,59.799,121.3,0.00596,0.423,0.305807004
1554780129754,59.845,121.3,0.00596,0.423,0.305807004
1554780129801,59.892,121.3,0.00596,0.423,0.305807004
1554780129862,59.953,121.3,0.006,0.426,0.3100428
1554780129908,59.999,121.3,0.006,0.426,0.3100428
1554780129954,60.045,121.3,0.006,0.426,0.3100428
1554780130000,60.092,121.3,0.006,0.426,0.3100428
1554780130062,60.153,121.3,0.00601,0.421,0.306914473
1554780130107,60.198,121.3,0.00601,0.421,0.306914473
1554780130154,60.245,121.3,0.00601,0.421,0.306914473
1554780130200,60.291,121.3,0.00601,0.421,0.306914473
1554780130262,60.353,121.4,0.00598,0.423,0.307086156
1554780130308,60.399,121.4,0.00598,0.423,0.307086156
1554780130354,60.446,121.4,0.00598,0.423,0.307086156
1554780130401,60.492,121.4,0.00598,0.423,0.307086156
1554780130462,60.553,121.3,0.00599,0.424,0.308072888
1554780130507,60.599,121.3,0.00599,0.424,0.308072888
1554780130554,60.645,121.3,0.00599,0.424,0.308072888
1554780130600,60.691,121.3,0.00599,0.424,0.308072888
1554780130662,60.753,121.3,0.00602,0.424,0.309615824
1554780130709,60.8,121.3,0.00602,0.424,0.309615824
1554780130755,60.846,121.3,0.00602,0.424,0.309615824
1554780130801,60.892,121.3,0.00602,0.424,0.309615824
1554780130862,60.953,121.3,0.00605,0.424,0.31115876
1554780130908,60.999,121.3,0.00605,0.424,0.31115876
1554780130954,61.045,121.3,0.00605,0.424,0.31115876
1554780131000,61.091,121.3,0.00605,0.424,0.31115876
1554780131062,61.153,121.4,0.00599,0.425,0.30905405
1554780131109,61.2,121.4,0.00599,0.425,0.30905405
1554780131155,61.246,121.4,0.00599,0.425,0.30905405
1554780131201,61.292,121.4,0.00599,0.425,0.30905405
1554780131262,61.353,121.4,0.00598,0.425,0.3085381
1554780131308,61.399,121.4,0.00598,0.425,0.3085381
1554780131354,61.445,121.4,0.00598,0.425,0.3085381
1554780131400,61.491,121.4,0.00598,0.425,0.3085381
1554780131462,61.553,121.4,0.00595,0.424,0.30626792
1554780131508,61.599,121.4,0.00595,0.424,0.30626792
1554780131555,61.646,121.4,0.00595,0.424,0.30626792
1554780131601,61.692,121.4,0.00595,0.424,0.30626792
1554780131662,61.753,121.4,0.00602,0.422,0.308409416
1554780131708,61.799,121.4,0.00602,0.422,0.308409416
1554780131754,61.845,121.4,0.00602,0.422,0.308409416
1554780131800,61.891,121.4,0.00602,0.422,0.308409416
1554780131862,61.953,121.4,0.00601,0.423,0.308626722
1554780131908,61.999,121.4,0.00601,0.423,0.308626722
1554780131954,62.045,121.4,0.00601,0.423,0.308626722
1554780132001,62.092,121.4,0.00601,0.423,0.308626722
1554780132062,62.153,121.4,0.00595,0.422,0.30482326
1554780132108,62.199,121.4,0.00595,0.422,0.30482326
1554780132154,62.245,121.4,0.00595,0.422,0.30482326
1554780132200,62.291,121.4,0.00595,0.422,0.30482326
1554780132263,62.354,121.4,0.00595,0.423,0.30554559
1554780132308,62.399,121.4,0.00595,0.423,0.30554559
1554780132354,62.445,121.4,0.00595,0.423,0.30554559
1554780132400,62.491,121.4,0.00595,0.423,0.30554559
1554780132463,62.554,121.4,0.00596,0.419,0.303164936
1554780132509,62.6,121.4,0.00596,0.419,0.303164936
1554780132555,62.646,121.4,0.00596,0.419,0.303164936
1554780132601,62.692,121.4,0.00596,0.419,0.303164936
1554780132662,62.753,121.4,0.00596,0.419,0.303164936
1554780132708,62.799,121.4,0.00596,0.419,0.303164936
1554780132755,62.846,121.4,0.00596,0.419,0.303164936
1554780132801,62.892,121.4,0.00596,0.419,0.303164936
1554780132862,62.953,121.4,0.00596,0.421,0.304612024
1554780132908,62.999,121.4,0.00596,0.421,0.304612024
1554780132954,63.045,121.4,0.00596,0.421,0.304612024
1554780133000,63.091,121.4,0.00596,0.421,0.304612024
1554780133063,63.154,121.4,0.00592,0.423,0.304005024
1554780133109,63.2,121.4,0.00592,0.423,0.304005024
1554780133155,63.246,121.4,0.00592,0.423,0.304005024
1554780133201,63.292,121.4,0.00592,0.423,0.304005024
1554780133262,63.353,121.4,0.0059,0.424,0.30369424
1554780133308,63.399,121.4,0.0059,0.424,0.30369424
1554780133354,63.445,121.4,0.0059,0.424,0.30369424
1554780133400,63.491,121.4,0.0059,0.424,0.30369424
1554780133462,63.553,121.4,0.00593,0.425,0.30595835
1554780133508,63.599,121.4,0.00593,0.425,0.30595835
1554780133555,63.646,121.4,0.00593,0.425,0.30595835
1554780133601,63.692,121.4,0.00593,0.425,0.30595835
1554780133662,63.753,121.3,0.00596,0.421,0.304361108
1554780133708,63.799,121.3,0.00596,0.421,0.304361108
1554780133754,63.845,121.3,0.00596,0.421,0.304361108
1554780133800,63.891,121.3,0.00596,0.421,0.304361108
1554780133862,63.953,121.3,0.00602,0.423,0.308885598
1554780133908,63.999,121.3,0.00602,0.423,0.308885598
1554780133954,64.045,121.3,0.00602,0.423,0.308885598
1554780134000,64.091,121.3,0.00602,0.423,0.308885598
1554780134062,64.153,121.4,0.00598,0.425,0.3085381
1554780134108,64.2,121.4,0.00598,0.425,0.3085381
1554780134155,64.246,121.4,0.00598,0.425,0.3085381
1554780134201,64.292,121.4,0.00598,0.425,0.3085381
1554780134262,64.353,121.4,0.00601,0.42,0.30643788
1554780134308,64.399,121.4,0.00601,0.42,0.30643788
1554780134354,64.445,121.4,0.00601,0.42,0.30643788
1554780134400,64.491,121.4,0.00601,0.42,0.30643788
1554780134462,64.553,121.3,0.00599,0.422,0.306619714
1554780134508,64.599,121.3,0.00599,0.422,0.306619714
1554780134555,64.646,121.3,0.00599,0.422,0.306619714
1554780134601,64.692,121.3,0.00599,0.422,0.306619714
1554780134662,64.753,121.3,0.00604,0.422,0.309179144
1554780134708,64.799,121.3,0.00604,0.422,0.309179144
1554780134754,64.845,121.3,0.00604,0.422,0.309179144
1554780134800,64.891,121.3,0.00604,0.422,0.309179144
1554780134862,64.953,121.3,0.00608,0.422,0.311226688
1554780134908,64.999,121.3,0.00608,0.422,0.311226688
1554780134954,65.045,121.3,0.00608,0.422,0.311226688
1554780135000,65.091,121.3,0.00608,0.422,0.311226688
1554780135063,65.154,121.3,0.00603,0.42,0.30720438
1554780135109,65.2,121.3,0.00603,0.42,0.30720438
1554780135155,65.246,121.3,0.00603,0.42,0.30720438
1554780135201,65.292,121.3,0.00603,0.42,0.30720438
1554780135264,65.355,121.4,0.00601,0.422,0.307897108
1554780135310,65.401,121.4,0.00601,0.422,0.307897108
1554780135356,65.447,121.4,0.00601,0.422,0.307897108
1554780135402,65.494,121.4,0.00601,0.422,0.307897108
1554780135462,65.553,121.4,0.00599,0.423,0.307599678
1554780135508,65.599,121.4,0.00599,0.423,0.307599678
1554780135554,65.645,121.4,0.00599,0.423,0.307599678
1554780135601,65.692,121.4,0.00599,0.423,0.307599678
1554780135662,65.753,121.4,0.00598,0.422,0.306360184
1554780135708,65.799,121.4,0.00598,0.422,0.306360184
1554780135754,65.845,121.4,0.00598,0.422,0.306360184
1554780135800,65.891,121.4,0.00598,0.422,0.306360184
1554780135863,65.954,121.4,0.006,0.422,0.3073848
1554780135909,66.0,121.4,0.006,0.422,0.3073848
1554780135955,66.046,121.4,0.006,0.422,0.3073848
1554780136001,66.092,121.4,0.006,0.422,0.3073848
1554780136062,66.153,121.4,0.00604,0.421,0.308700776
1554780136108,66.199,121.4,0.00604,0.421,0.308700776
1554780136155,66.246,121.4,0.00604,0.421,0.308700776
1554780136201,66.292,121.4,0.00604,0.421,0.308700776
1554780136262,66.353,121.4,0.006,0.419,0.3051996
1554780136308,66.399,121.4,0.006,0.419,0.3051996
1554780136354,66.445,121.4,0.006,0.419,0.3051996
1554780136400,66.491,121.4,0.006,0.419,0.3051996
1554780136462,66.553,121.4,0.00598,0.421,0.305634212
1554780136508,66.599,121.4,0.00598,0.421,0.305634212
1554780136554,66.645,121.4,0.00598,0.421,0.305634212
1554780136601,66.692,121.4,0.00598,0.421,0.305634212
1554780136662,66.753,121.4,0.00597,0.423,0.306572634
1554780136708,66.799,121.4,0.00597,0.423,0.306572634
1554780136754,66.845,121.4,0.00597,0.423,0.306572634
1554780136800,66.891,121.4,0.00597,0.423,0.306572634
1554780136862,66.953,121.4,0.00598,0.423,0.307086156
1554780136908,66.999,121.4,0.00598,0.423,0.307086156
1554780136955,67.046,121.4,0.00598,0.423,0.307086156
1554780137001,67.092,121.4,0.00598,0.423,0.307086156
1554780137062,67.153,121.4,0.00594,0.423,0.305032068
1554780137108,67.199,121.4,0.00594,0.423,0.305032068
1554780137154,67.245,121.4,0.00594,0.423,0.305032068
1554780137200,67.291,121.4,0.00594,0.423,0.305032068
1554780137263,67.354,121.4,0.00595,0.421,0.30410093
You pressed Ctrl+C!
1554780137309,67.4,121.4,0.00595,0.421,0.30410093
