# Mon Apr 08 21:50:31 2019
abstime,time_stamp,volt,curr,pf,mul
1554785431908,0.08,121.2,0.00587,0.42,0.29880648
1554785431957,0.129,121.3,0.00565,0.418,0.28647421
1554785432003,0.175,121.3,0.00565,0.418,0.28647421
1554785432049,0.221,121.3,0.00565,0.418,0.28647421
1554785432095,0.267,121.3,0.00565,0.418,0.28647421
1554785432157,0.329,121.3,0.00563,0.417,0.284777223
1554785432202,0.374,121.3,0.00563,0.417,0.284777223
1554785432247,0.419,121.3,0.00563,0.417,0.284777223
1554785432293,0.465,121.3,0.00563,0.417,0.284777223
1554785432356,0.528,121.3,0.00565,0.419,0.287159555
1554785432401,0.573,121.3,0.00565,0.419,0.287159555
1554785432447,0.619,121.3,0.00565,0.419,0.287159555
1554785432493,0.665,121.3,0.00565,0.419,0.287159555
1554785432557,0.729,121.3,0.00566,0.417,0.286294686
1554785432603,0.775,121.3,0.00566,0.417,0.286294686
1554785432649,0.821,121.3,0.00566,0.417,0.286294686
1554785432695,0.867,121.3,0.00566,0.417,0.286294686
1554785432757,0.929,121.3,0.00567,0.42,0.28886382
1554785432803,0.975,121.3,0.00567,0.42,0.28886382
1554785432849,1.021,121.3,0.00567,0.42,0.28886382
1554785432895,1.068,121.3,0.00567,0.42,0.28886382
1554785432957,1.129,121.3,0.00567,0.42,0.28886382
1554785433003,1.175,121.3,0.00567,0.42,0.28886382
1554785433049,1.221,121.3,0.00567,0.42,0.28886382
1554785433095,1.267,121.3,0.00567,0.42,0.28886382
1554785433158,1.33,121.3,0.00563,0.419,0.286143061
1554785433204,1.376,121.3,0.00563,0.419,0.286143061
1554785433250,1.422,121.3,0.00563,0.419,0.286143061
1554785433296,1.468,121.3,0.00563,0.419,0.286143061
1554785433357,1.529,121.3,0.00566,0.418,0.286981244
1554785433403,1.575,121.3,0.00566,0.418,0.286981244
1554785433449,1.621,121.3,0.00566,0.418,0.286981244
1554785433495,1.667,121.3,0.00566,0.418,0.286981244
1554785433558,1.73,121.3,0.0057,0.418,0.28900938
1554785433604,1.776,121.3,0.0057,0.418,0.28900938
1554785433650,1.822,121.3,0.0057,0.418,0.28900938
1554785433696,1.868,121.3,0.0057,0.418,0.28900938
1554785433757,1.929,121.3,0.00571,0.42,0.29090166
1554785433803,1.975,121.3,0.00571,0.42,0.29090166
1554785433850,2.022,121.3,0.00571,0.42,0.29090166
1554785433896,2.068,121.3,0.00571,0.42,0.29090166
1554785433957,2.129,121.3,0.00568,0.42,0.28937328
1554785434003,2.175,121.3,0.00568,0.42,0.28937328
1554785434049,2.221,121.3,0.00568,0.42,0.28937328
1554785434095,2.267,121.3,0.00568,0.42,0.28937328
1554785434157,2.329,121.3,0.00568,0.419,0.288684296
1554785434203,2.375,121.3,0.00568,0.419,0.288684296
1554785434249,2.421,121.3,0.00568,0.419,0.288684296
1554785434295,2.467,121.3,0.00568,0.419,0.288684296
1554785434357,2.529,121.3,0.00565,0.421,0.288530245
1554785434403,2.575,121.3,0.00565,0.421,0.288530245
1554785434449,2.621,121.3,0.00565,0.421,0.288530245
1554785434495,2.667,121.3,0.00565,0.421,0.288530245
1554785434558,2.73,121.2,0.00565,0.421,0.28829238
1554785434604,2.776,121.2,0.00565,0.421,0.28829238
1554785434650,2.822,121.2,0.00565,0.421,0.28829238
1554785434696,2.868,121.2,0.00565,0.421,0.28829238
1554785434757,2.929,121.3,0.00567,0.419,0.288176049
1554785434803,2.975,121.3,0.00567,0.419,0.288176049
1554785434849,3.021,121.3,0.00567,0.419,0.288176049
1554785434895,3.067,121.3,0.00567,0.419,0.288176049
1554785434957,3.13,121.3,0.00569,0.419,0.289192543
1554785435004,3.176,121.3,0.00569,0.419,0.289192543
1554785435050,3.222,121.3,0.00569,0.419,0.289192543
1554785435096,3.268,121.3,0.00569,0.419,0.289192543
1554785435157,3.329,121.3,0.00564,0.42,0.28733544
1554785435203,3.375,121.3,0.00564,0.42,0.28733544
1554785435249,3.421,121.3,0.00564,0.42,0.28733544
1554785435295,3.467,121.3,0.00564,0.42,0.28733544
1554785435358,3.53,121.2,0.00562,0.419,0.285399336
1554785435404,3.576,121.2,0.00562,0.419,0.285399336
1554785435450,3.622,121.2,0.00562,0.419,0.285399336
1554785435496,3.668,121.2,0.00562,0.419,0.285399336
1554785435557,3.729,121.2,0.00564,0.419,0.286414992
1554785435603,3.775,121.2,0.00564,0.419,0.286414992
1554785435649,3.821,121.2,0.00564,0.419,0.286414992
1554785435696,3.868,121.2,0.00564,0.419,0.286414992
1554785435757,3.929,121.2,0.00565,0.422,0.28897716
1554785435803,3.975,121.2,0.00565,0.422,0.28897716
1554785435849,4.021,121.2,0.00565,0.422,0.28897716
1554785435895,4.067,121.2,0.00565,0.422,0.28897716
1554785435957,4.129,121.3,0.00561,0.421,0.286487553
1554785436003,4.175,121.3,0.00561,0.421,0.286487553
1554785436050,4.222,121.3,0.00561,0.421,0.286487553
1554785436097,4.269,121.3,0.00561,0.421,0.286487553
1554785436157,4.329,121.3,0.0056,0.421,0.28597688
1554785436202,4.374,121.3,0.0056,0.421,0.28597688
1554785436249,4.421,121.3,0.0056,0.421,0.28597688
1554785436295,4.467,121.3,0.0056,0.421,0.28597688
1554785436357,4.529,121.3,0.00562,0.421,0.286998226
1554785436403,4.575,121.3,0.00562,0.421,0.286998226
1554785436449,4.621,121.3,0.00562,0.421,0.286998226
1554785436496,4.668,121.3,0.00562,0.421,0.286998226
1554785436557,4.729,121.3,0.00563,0.42,0.28682598
1554785436603,4.775,121.3,0.00563,0.42,0.28682598
1554785436649,4.821,121.3,0.00563,0.42,0.28682598
1554785436695,4.867,121.3,0.00563,0.42,0.28682598
1554785436757,4.929,121.3,0.00568,0.421,0.290062264
1554785436804,4.976,121.3,0.00568,0.421,0.290062264
1554785436850,5.022,121.3,0.00568,0.421,0.290062264
1554785436896,5.068,121.3,0.00568,0.421,0.290062264
1554785436957,5.129,121.3,0.00571,0.419,0.290209037
1554785437003,5.175,121.3,0.00571,0.419,0.290209037
1554785437049,5.221,121.3,0.00571,0.419,0.290209037
1554785437095,5.267,121.3,0.00571,0.419,0.290209037
1554785437157,5.329,121.3,0.00571,0.414,0.286745922
1554785437204,5.376,121.3,0.00571,0.414,0.286745922
1554785437250,5.422,121.3,0.00571,0.414,0.286745922
1554785437296,5.468,121.3,0.00571,0.414,0.286745922
1554785437357,5.529,121.3,0.00568,0.42,0.28937328
1554785437403,5.575,121.3,0.00568,0.42,0.28937328
1554785437449,5.621,121.3,0.00568,0.42,0.28937328
1554785437495,5.667,121.3,0.00568,0.42,0.28937328
1554785437557,5.729,121.3,0.00567,0.42,0.28886382
1554785437603,5.775,121.3,0.00567,0.42,0.28886382
1554785437650,5.822,121.3,0.00567,0.42,0.28886382
1554785437696,5.868,121.3,0.00567,0.42,0.28886382
1554785437757,5.929,121.3,0.00571,0.417,0.288823791
1554785437803,5.975,121.3,0.00571,0.417,0.288823791
1554785437849,6.021,121.3,0.00571,0.417,0.288823791
1554785437895,6.067,121.3,0.00571,0.417,0.288823791
1554785437957,6.129,121.3,0.00569,0.42,0.28988274
1554785438004,6.176,121.3,0.00569,0.42,0.28988274
1554785438050,6.222,121.3,0.00569,0.42,0.28988274
1554785438096,6.268,121.3,0.00569,0.42,0.28988274
1554785438157,6.329,121.3,0.00571,0.421,0.291594283
1554785438203,6.375,121.3,0.00571,0.421,0.291594283
1554785438249,6.421,121.3,0.00571,0.421,0.291594283
1554785438295,6.467,121.3,0.00571,0.421,0.291594283
1554785438357,6.529,121.3,0.00567,0.42,0.28886382
1554785438403,6.575,121.3,0.00567,0.42,0.28886382
1554785438449,6.621,121.3,0.00567,0.42,0.28886382
1554785438495,6.667,121.3,0.00567,0.42,0.28886382
1554785438557,6.729,121.3,0.00566,0.42,0.28835436
1554785438603,6.775,121.3,0.00566,0.42,0.28835436
1554785438650,6.822,121.3,0.00566,0.42,0.28835436
1554785438696,6.868,121.3,0.00566,0.42,0.28835436
1554785438757,6.929,121.3,0.00567,0.422,0.290239362
1554785438803,6.975,121.3,0.00567,0.422,0.290239362
1554785438849,7.021,121.3,0.00567,0.422,0.290239362
1554785438895,7.067,121.3,0.00567,0.422,0.290239362
1554785438957,7.129,121.3,0.00563,0.422,0.288191818
1554785439003,7.175,121.3,0.00563,0.422,0.288191818
1554785439049,7.221,121.3,0.00563,0.422,0.288191818
1554785439095,7.267,121.3,0.00563,0.422,0.288191818
1554785439156,7.328,121.3,0.00564,0.418,0.285967176
1554785439202,7.374,121.3,0.00564,0.418,0.285967176
1554785439249,7.421,121.3,0.00564,0.418,0.285967176
1554785439295,7.467,121.3,0.00564,0.418,0.285967176
1554785439357,7.529,121.2,0.00565,0.418,0.28623804
1554785439403,7.575,121.2,0.00565,0.418,0.28623804
1554785439449,7.621,121.2,0.00565,0.418,0.28623804
1554785439495,7.667,121.2,0.00565,0.418,0.28623804
1554785439556,7.728,121.2,0.00562,0.421,0.286761624
1554785439602,7.775,121.2,0.00562,0.421,0.286761624
1554785439649,7.821,121.2,0.00562,0.421,0.286761624
1554785439695,7.867,121.2,0.00562,0.421,0.286761624
1554785439757,7.929,121.2,0.00557,0.422,0.284885448
1554785439803,7.975,121.2,0.00557,0.422,0.284885448
1554785439849,8.021,121.2,0.00557,0.422,0.284885448
1554785439895,8.067,121.2,0.00557,0.422,0.284885448
1554785439956,8.128,121.2,0.00557,0.422,0.284885448
1554785440003,8.175,121.2,0.00557,0.422,0.284885448
1554785440049,8.221,121.2,0.00557,0.422,0.284885448
1554785440095,8.267,121.2,0.00557,0.422,0.284885448
1554785440157,8.329,121.2,0.00559,0.421,0.285230868
1554785440203,8.375,121.2,0.00559,0.421,0.285230868
1554785440249,8.421,121.2,0.00559,0.421,0.285230868
1554785440295,8.467,121.2,0.00559,0.421,0.285230868
1554785440356,8.529,121.2,0.00557,0.422,0.284885448
1554785440403,8.575,121.2,0.00557,0.422,0.284885448
1554785440449,8.621,121.2,0.00557,0.422,0.284885448
1554785440495,8.667,121.2,0.00557,0.422,0.284885448
1554785440557,8.729,121.2,0.00559,0.422,0.285908376
1554785440603,8.775,121.2,0.00559,0.422,0.285908376
1554785440649,8.822,121.2,0.00559,0.422,0.285908376
1554785440696,8.868,121.2,0.00559,0.422,0.285908376
1554785440757,8.929,121.2,0.00565,0.425,0.2910315
1554785440803,8.975,121.2,0.00565,0.425,0.2910315
1554785440849,9.021,121.2,0.00565,0.425,0.2910315
1554785440895,9.067,121.2,0.00565,0.425,0.2910315
1554785440957,9.129,121.3,0.00561,0.423,0.287848539
1554785441003,9.175,121.3,0.00561,0.423,0.287848539
1554785441050,9.222,121.3,0.00561,0.423,0.287848539
1554785441096,9.268,121.3,0.00561,0.423,0.287848539
1554785441157,9.329,121.3,0.00563,0.421,0.287508899
1554785441203,9.375,121.3,0.00563,0.421,0.287508899
1554785441249,9.421,121.3,0.00563,0.421,0.287508899
1554785441295,9.467,121.3,0.00563,0.421,0.287508899
1554785441357,9.529,121.3,0.00566,0.421,0.289040918
1554785441403,9.575,121.3,0.00566,0.421,0.289040918
1554785441449,9.621,121.3,0.00566,0.421,0.289040918
1554785441496,9.668,121.3,0.00566,0.421,0.289040918
1554785441557,9.729,121.3,0.00569,0.42,0.28988274
1554785441603,9.775,121.3,0.00569,0.42,0.28988274
1554785441649,9.821,121.3,0.00569,0.42,0.28988274
1554785441695,9.867,121.3,0.00569,0.42,0.28988274
1554785441757,9.929,121.3,0.00567,0.422,0.290239362
1554785441803,9.975,121.3,0.00567,0.422,0.290239362
1554785441849,10.021,121.3,0.00567,0.422,0.290239362
1554785441895,10.067,121.3,0.00567,0.422,0.290239362
1554785441957,10.129,121.3,0.00566,0.423,0.290414034
1554785442003,10.175,121.3,0.00566,0.423,0.290414034
1554785442049,10.221,121.3,0.00566,0.423,0.290414034
1554785442097,10.269,121.3,0.00566,0.423,0.290414034
1554785442156,10.328,121.3,0.00566,0.423,0.290414034
1554785442202,10.374,121.3,0.00566,0.423,0.290414034
1554785442249,10.421,121.3,0.00566,0.423,0.290414034
1554785442295,10.467,121.3,0.00566,0.423,0.290414034
1554785442357,10.529,121.3,0.00562,0.422,0.287679932
1554785442403,10.575,121.3,0.00562,0.422,0.287679932
1554785442449,10.621,121.3,0.00562,0.422,0.287679932
1554785442496,10.668,121.3,0.00562,0.422,0.287679932
1554785442557,10.729,121.3,0.00563,0.425,0.290240575
1554785442603,10.775,121.3,0.00563,0.425,0.290240575
1554785442649,10.821,121.3,0.00563,0.425,0.290240575
1554785442695,10.868,121.3,0.00563,0.425,0.290240575
1554785442756,10.929,121.2,0.00563,0.422,0.287954232
1554785442803,10.975,121.2,0.00563,0.422,0.287954232
1554785442849,11.021,121.2,0.00563,0.422,0.287954232
1554785442895,11.067,121.2,0.00563,0.422,0.287954232
1554785442957,11.129,121.3,0.00564,0.423,0.289387836
1554785443003,11.175,121.3,0.00564,0.423,0.289387836
1554785443049,11.222,121.3,0.00564,0.423,0.289387836
1554785443096,11.268,121.3,0.00564,0.423,0.289387836
1554785443156,11.329,121.3,0.00563,0.423,0.288874737
1554785443203,11.375,121.3,0.00563,0.423,0.288874737
1554785443249,11.421,121.3,0.00563,0.423,0.288874737
1554785443295,11.467,121.3,0.00563,0.423,0.288874737
1554785443356,11.528,121.3,0.00559,0.424,0.287500408
1554785443402,11.574,121.3,0.00559,0.424,0.287500408
1554785443448,11.62,121.3,0.00559,0.424,0.287500408
1554785443494,11.666,121.3,0.00559,0.424,0.287500408
1554785443557,11.729,121.2,0.00561,0.42,0.28557144
1554785443603,11.775,121.2,0.00561,0.42,0.28557144
1554785443649,11.821,121.2,0.00561,0.42,0.28557144
1554785443695,11.867,121.2,0.00561,0.42,0.28557144
1554785443756,11.928,121.2,0.00564,0.418,0.285731424
1554785443802,11.974,121.2,0.00564,0.418,0.285731424
1554785443848,12.02,121.2,0.00564,0.418,0.285731424
1554785443895,12.067,121.2,0.00564,0.418,0.285731424
1554785443957,12.129,121.2,0.0056,0.423,0.28709856
1554785444003,12.175,121.2,0.0056,0.423,0.28709856
1554785444049,12.221,121.2,0.0056,0.423,0.28709856
1554785444095,12.267,121.2,0.0056,0.423,0.28709856
1554785444156,12.328,121.3,0.00555,0.423,0.284769945
1554785444202,12.374,121.3,0.00555,0.423,0.284769945
1554785444248,12.42,121.3,0.00555,0.423,0.284769945
1554785444294,12.466,121.3,0.00555,0.423,0.284769945
1554785444357,12.529,121.3,0.00559,0.422,0.286144274
1554785444403,12.575,121.3,0.00559,0.422,0.286144274
1554785444449,12.621,121.3,0.00559,0.422,0.286144274
1554785444495,12.667,121.3,0.00559,0.422,0.286144274
1554785444556,12.728,121.2,0.00559,0.423,0.286585884
1554785444602,12.774,121.2,0.00559,0.423,0.286585884
1554785444648,12.82,121.2,0.00559,0.423,0.286585884
1554785444694,12.867,121.2,0.00559,0.423,0.286585884
1554785444757,12.929,121.3,0.00562,0.422,0.287679932
1554785444803,12.975,121.3,0.00562,0.422,0.287679932
1554785444849,13.021,121.3,0.00562,0.422,0.287679932
1554785444895,13.067,121.3,0.00562,0.422,0.287679932
1554785444956,13.128,121.3,0.00564,0.425,0.2907561
1554785445002,13.174,121.3,0.00564,0.425,0.2907561
1554785445048,13.221,121.3,0.00564,0.425,0.2907561
1554785445095,13.267,121.3,0.00564,0.425,0.2907561
1554785445157,13.329,121.3,0.00562,0.423,0.288361638
1554785445203,13.375,121.3,0.00562,0.423,0.288361638
1554785445249,13.421,121.3,0.00562,0.423,0.288361638
1554785445295,13.467,121.3,0.00562,0.423,0.288361638
1554785445356,13.528,121.3,0.00561,0.423,0.287848539
1554785445402,13.574,121.3,0.00561,0.423,0.287848539
1554785445448,13.62,121.3,0.00561,0.423,0.287848539
1554785445494,13.666,121.3,0.00561,0.423,0.287848539
1554785445557,13.729,121.3,0.00559,0.426,0.288856542
1554785445603,13.775,121.3,0.00559,0.426,0.288856542
1554785445649,13.821,121.3,0.00559,0.426,0.288856542
1554785445696,13.868,121.3,0.00559,0.426,0.288856542
1554785445757,13.929,121.3,0.00566,0.424,0.291100592
1554785445803,13.975,121.3,0.00566,0.424,0.291100592
1554785445849,14.021,121.3,0.00566,0.424,0.291100592
1554785445895,14.067,121.3,0.00566,0.424,0.291100592
1554785445956,14.128,121.3,0.00567,0.423,0.290927133
1554785446003,14.175,121.3,0.00567,0.423,0.290927133
1554785446049,14.221,121.3,0.00567,0.423,0.290927133
1554785446095,14.267,121.3,0.00567,0.423,0.290927133
1554785446157,14.329,121.3,0.00569,0.419,0.289192543
1554785446203,14.375,121.3,0.00569,0.419,0.289192543
1554785446249,14.421,121.3,0.00569,0.419,0.289192543
1554785446295,14.467,121.3,0.00569,0.419,0.289192543
1554785446356,14.528,121.3,0.00565,0.422,0.28921559
1554785446402,14.574,121.3,0.00565,0.422,0.28921559
1554785446448,14.621,121.3,0.00565,0.422,0.28921559
1554785446495,14.667,121.3,0.00565,0.422,0.28921559
1554785446557,14.729,121.3,0.00559,0.425,0.288178475
1554785446603,14.775,121.3,0.00559,0.425,0.288178475
1554785446650,14.822,121.3,0.00559,0.425,0.288178475
1554785446696,14.868,121.3,0.00559,0.425,0.288178475
1554785446757,14.929,121.3,0.00565,0.422,0.28921559
1554785446803,14.975,121.3,0.00565,0.422,0.28921559
1554785446849,15.021,121.3,0.00565,0.422,0.28921559
1554785446895,15.067,121.3,0.00565,0.422,0.28921559
1554785446956,15.128,121.3,0.00561,0.423,0.287848539
1554785447002,15.174,121.3,0.00561,0.423,0.287848539
1554785447048,15.22,121.3,0.00561,0.423,0.287848539
1554785447094,15.266,121.3,0.00561,0.423,0.287848539
1554785447157,15.329,121.3,0.00558,0.425,0.28766295
1554785447203,15.375,121.3,0.00558,0.425,0.28766295
1554785447249,15.421,121.3,0.00558,0.425,0.28766295
1554785447295,15.467,121.3,0.00558,0.425,0.28766295
1554785447356,15.528,121.3,0.00559,0.421,0.285466207
1554785447402,15.574,121.3,0.00559,0.421,0.285466207
1554785447448,15.62,121.3,0.00559,0.421,0.285466207
1554785447495,15.667,121.3,0.00559,0.421,0.285466207
1554785447557,15.729,121.3,0.0056,0.423,0.28733544
1554785447603,15.775,121.3,0.0056,0.423,0.28733544
1554785447649,15.821,121.3,0.0056,0.423,0.28733544
1554785447696,15.868,121.3,0.0056,0.423,0.28733544
1554785447757,15.929,121.2,0.00559,0.422,0.285908376
1554785447803,15.975,121.2,0.00559,0.422,0.285908376
1554785447849,16.021,121.2,0.00559,0.422,0.285908376
1554785447895,16.067,121.2,0.00559,0.422,0.285908376
1554785447956,16.128,121.2,0.00561,0.422,0.286931304
1554785448002,16.174,121.2,0.00561,0.422,0.286931304
1554785448048,16.22,121.2,0.00561,0.422,0.286931304
1554785448094,16.266,121.2,0.00561,0.422,0.286931304
1554785448157,16.329,121.3,0.00559,0.42,0.28478814
1554785448203,16.375,121.3,0.00559,0.42,0.28478814
1554785448249,16.421,121.3,0.00559,0.42,0.28478814
1554785448295,16.467,121.3,0.00559,0.42,0.28478814
1554785448356,16.528,121.3,0.00559,0.421,0.285466207
1554785448402,16.574,121.3,0.00559,0.421,0.285466207
1554785448448,16.62,121.3,0.00559,0.421,0.285466207
1554785448494,16.666,121.3,0.00559,0.421,0.285466207
1554785448557,16.729,121.3,0.0056,0.421,0.28597688
1554785448603,16.775,121.3,0.0056,0.421,0.28597688
1554785448649,16.821,121.3,0.0056,0.421,0.28597688
1554785448695,16.867,121.3,0.0056,0.421,0.28597688
1554785448756,16.928,121.3,0.00564,0.422,0.288703704
1554785448802,16.974,121.3,0.00564,0.422,0.288703704
1554785448848,17.02,121.3,0.00564,0.422,0.288703704
1554785448894,17.067,121.3,0.00564,0.422,0.288703704
1554785448957,17.129,121.3,0.00563,0.422,0.288191818
1554785449003,17.175,121.3,0.00563,0.422,0.288191818
1554785449049,17.221,121.3,0.00563,0.422,0.288191818
1554785449095,17.267,121.3,0.00563,0.422,0.288191818
1554785449157,17.329,121.3,0.00566,0.422,0.289727476
1554785449203,17.375,121.3,0.00566,0.422,0.289727476
1554785449249,17.421,121.3,0.00566,0.422,0.289727476
1554785449295,17.467,121.3,0.00566,0.422,0.289727476
1554785449356,17.528,121.3,0.00565,0.421,0.288530245
1554785449402,17.574,121.3,0.00565,0.421,0.288530245
1554785449448,17.62,121.3,0.00565,0.421,0.288530245
1554785449494,17.666,121.3,0.00565,0.421,0.288530245
1554785449557,17.729,121.3,0.00563,0.421,0.287508899
1554785449603,17.775,121.3,0.00563,0.421,0.287508899
1554785449649,17.821,121.3,0.00563,0.421,0.287508899
1554785449695,17.867,121.3,0.00563,0.421,0.287508899
1554785449756,17.928,121.3,0.00566,0.423,0.290414034
1554785449803,17.975,121.3,0.00566,0.423,0.290414034
1554785449849,18.021,121.3,0.00566,0.423,0.290414034
1554785449895,18.067,121.3,0.00566,0.423,0.290414034
1554785449956,18.128,121.3,0.00569,0.421,0.290572937
1554785450002,18.174,121.3,0.00569,0.421,0.290572937
1554785450048,18.22,121.3,0.00569,0.421,0.290572937
1554785450094,18.266,121.3,0.00569,0.421,0.290572937
1554785450157,18.329,121.4,0.00572,0.417,0.289568136
1554785450203,18.375,121.4,0.00572,0.417,0.289568136
1554785450249,18.421,121.4,0.00572,0.417,0.289568136
1554785450295,18.467,121.4,0.00572,0.417,0.289568136
1554785450357,18.529,121.3,0.00566,0.42,0.28835436
1554785450403,18.575,121.3,0.00566,0.42,0.28835436
1554785450449,18.621,121.3,0.00566,0.42,0.28835436
1554785450495,18.667,121.3,0.00566,0.42,0.28835436
1554785450556,18.728,121.3,0.00563,0.423,0.288874737
1554785450602,18.775,121.3,0.00563,0.423,0.288874737
1554785450648,18.82,121.3,0.00563,0.423,0.288874737
1554785450695,18.867,121.3,0.00563,0.423,0.288874737
1554785450756,18.928,121.3,0.00565,0.422,0.28921559
1554785450802,18.974,121.3,0.00565,0.422,0.28921559
1554785450848,19.02,121.3,0.00565,0.422,0.28921559
1554785450894,19.066,121.3,0.00565,0.422,0.28921559
1554785450956,19.129,121.3,0.00562,0.422,0.287679932
1554785451003,19.175,121.3,0.00562,0.422,0.287679932
1554785451049,19.221,121.3,0.00562,0.422,0.287679932
1554785451095,19.267,121.3,0.00562,0.422,0.287679932
1554785451156,19.328,121.3,0.00563,0.424,0.289557656
1554785451202,19.374,121.3,0.00563,0.424,0.289557656
1554785451248,19.42,121.3,0.00563,0.424,0.289557656
1554785451294,19.466,121.3,0.00563,0.424,0.289557656
1554785451357,19.529,121.3,0.00558,0.423,0.286309242
1554785451402,19.574,121.3,0.00558,0.423,0.286309242
1554785451449,19.621,121.3,0.00558,0.423,0.286309242
1554785451495,19.667,121.3,0.00558,0.423,0.286309242
1554785451556,19.728,121.3,0.00554,0.427,0.286944854
1554785451602,19.774,121.3,0.00554,0.427,0.286944854
1554785451648,19.82,121.3,0.00554,0.427,0.286944854
1554785451694,19.866,121.3,0.00554,0.427,0.286944854
1554785451757,19.929,121.2,0.00557,0.423,0.285560532
1554785451803,19.975,121.2,0.00557,0.423,0.285560532
1554785451849,20.021,121.2,0.00557,0.423,0.285560532
1554785451895,20.067,121.2,0.00557,0.423,0.285560532
1554785451956,20.128,121.2,0.00557,0.426,0.287585784
1554785452002,20.174,121.2,0.00557,0.426,0.287585784
1554785452048,20.22,121.2,0.00557,0.426,0.287585784
1554785452094,20.266,121.2,0.00557,0.426,0.287585784
1554785452157,20.329,121.3,0.0056,0.423,0.28733544
1554785452203,20.375,121.3,0.0056,0.423,0.28733544
1554785452249,20.421,121.3,0.0056,0.423,0.28733544
1554785452295,20.467,121.3,0.0056,0.423,0.28733544
1554785452356,20.528,121.3,0.00558,0.422,0.285632388
1554785452402,20.574,121.3,0.00558,0.422,0.285632388
1554785452448,20.62,121.3,0.00558,0.422,0.285632388
1554785452494,20.666,121.3,0.00558,0.422,0.285632388
1554785452557,20.729,121.3,0.00561,0.419,0.285126567
1554785452603,20.775,121.3,0.00561,0.419,0.285126567
1554785452649,20.821,121.3,0.00561,0.419,0.285126567
1554785452695,20.867,121.3,0.00561,0.419,0.285126567
1554785452757,20.929,121.2,0.00559,0.424,0.287263392
1554785452803,20.975,121.2,0.00559,0.424,0.287263392
1554785452849,21.021,121.2,0.00559,0.424,0.287263392
1554785452895,21.067,121.2,0.00559,0.424,0.287263392
1554785452956,21.129,121.3,0.00563,0.424,0.289557656
1554785453003,21.175,121.3,0.00563,0.424,0.289557656
1554785453049,21.221,121.3,0.00563,0.424,0.289557656
1554785453095,21.267,121.3,0.00563,0.424,0.289557656
1554785453156,21.328,121.3,0.00566,0.421,0.289040918
1554785453202,21.374,121.3,0.00566,0.421,0.289040918
1554785453248,21.42,121.3,0.00566,0.421,0.289040918
1554785453294,21.466,121.3,0.00566,0.421,0.289040918
1554785453357,21.529,121.4,0.00563,0.423,0.289112886
1554785453403,21.575,121.4,0.00563,0.423,0.289112886
1554785453449,21.621,121.4,0.00563,0.423,0.289112886
1554785453496,21.668,121.4,0.00563,0.423,0.289112886
1554785453557,21.729,121.3,0.00566,0.421,0.289040918
1554785453603,21.775,121.3,0.00566,0.421,0.289040918
1554785453649,21.821,121.3,0.00566,0.421,0.289040918
1554785453695,21.867,121.3,0.00566,0.421,0.289040918
1554785453756,21.928,121.3,0.00569,0.423,0.291953331
1554785453803,21.975,121.3,0.00569,0.423,0.291953331
1554785453849,22.021,121.3,0.00569,0.423,0.291953331
1554785453895,22.067,121.3,0.00569,0.423,0.291953331
1554785453956,22.128,121.3,0.0057,0.42,0.2903922
1554785454002,22.174,121.3,0.0057,0.42,0.2903922
1554785454048,22.22,121.3,0.0057,0.42,0.2903922
1554785454094,22.266,121.3,0.0057,0.42,0.2903922
1554785454156,22.328,121.4,0.00568,0.422,0.290990944
1554785454203,22.375,121.4,0.00568,0.422,0.290990944
1554785454249,22.421,121.4,0.00568,0.422,0.290990944
1554785454295,22.467,121.4,0.00568,0.422,0.290990944
1554785454356,22.528,121.4,0.00567,0.423,0.291166974
1554785454402,22.574,121.4,0.00567,0.423,0.291166974
1554785454449,22.621,121.4,0.00567,0.423,0.291166974
1554785454495,22.667,121.4,0.00567,0.423,0.291166974
1554785454556,22.728,121.3,0.00562,0.421,0.286998226
1554785454602,22.774,121.3,0.00562,0.421,0.286998226
1554785454648,22.82,121.3,0.00562,0.421,0.286998226
1554785454694,22.866,121.3,0.00562,0.421,0.286998226
1554785454757,22.929,121.3,0.00569,0.418,0.288502346
1554785454803,22.975,121.3,0.00569,0.418,0.288502346
1554785454849,23.021,121.3,0.00569,0.418,0.288502346
1554785454896,23.068,121.3,0.00569,0.418,0.288502346
1554785454956,23.128,121.3,0.00564,0.42,0.28733544
1554785455002,23.174,121.3,0.00564,0.42,0.28733544
1554785455048,23.22,121.3,0.00564,0.42,0.28733544
1554785455094,23.266,121.3,0.00564,0.42,0.28733544
1554785455157,23.329,121.3,0.00562,0.423,0.288361638
1554785455203,23.375,121.3,0.00562,0.423,0.288361638
1554785455249,23.421,121.3,0.00562,0.423,0.288361638
1554785455295,23.467,121.3,0.00562,0.423,0.288361638
1554785455356,23.528,121.3,0.00561,0.421,0.286487553
1554785455403,23.575,121.3,0.00561,0.421,0.286487553
1554785455449,23.621,121.3,0.00561,0.421,0.286487553
1554785455495,23.667,121.3,0.00561,0.421,0.286487553
1554785455556,23.728,121.3,0.00563,0.419,0.286143061
1554785455602,23.774,121.3,0.00563,0.419,0.286143061
1554785455648,23.82,121.3,0.00563,0.419,0.286143061
1554785455694,23.866,121.3,0.00563,0.419,0.286143061
1554785455756,23.928,121.3,0.0056,0.422,0.28665616
1554785455802,23.974,121.3,0.0056,0.422,0.28665616
1554785455849,24.021,121.3,0.0056,0.422,0.28665616
1554785455895,24.067,121.3,0.0056,0.422,0.28665616
1554785455956,24.128,121.3,0.00561,0.421,0.286487553
1554785456002,24.174,121.3,0.00561,0.421,0.286487553
1554785456048,24.22,121.3,0.00561,0.421,0.286487553
1554785456094,24.266,121.3,0.00561,0.421,0.286487553
1554785456157,24.329,121.3,0.0056,0.422,0.28665616
1554785456203,24.375,121.3,0.0056,0.422,0.28665616
1554785456249,24.421,121.3,0.0056,0.422,0.28665616
1554785456295,24.467,121.3,0.0056,0.422,0.28665616
1554785456356,24.528,121.3,0.00559,0.422,0.286144274
1554785456402,24.574,121.3,0.00559,0.422,0.286144274
1554785456448,24.62,121.3,0.00559,0.422,0.286144274
1554785456494,24.666,121.3,0.00559,0.422,0.286144274
1554785456556,24.728,121.3,0.00559,0.422,0.286144274
1554785456602,24.774,121.3,0.00559,0.422,0.286144274
1554785456648,24.82,121.3,0.00559,0.422,0.286144274
1554785456694,24.866,121.3,0.00559,0.422,0.286144274
1554785456756,24.928,121.3,0.00561,0.424,0.288529032
1554785456802,24.974,121.3,0.00561,0.424,0.288529032
1554785456848,25.02,121.3,0.00561,0.424,0.288529032
1554785456894,25.066,121.3,0.00561,0.424,0.288529032
1554785456956,25.128,121.3,0.00562,0.423,0.288361638
1554785457001,25.173,121.3,0.00562,0.423,0.288361638
1554785457048,25.22,121.3,0.00562,0.423,0.288361638
1554785457094,25.266,121.3,0.00562,0.423,0.288361638
1554785457156,25.328,121.3,0.00565,0.42,0.2878449
1554785457202,25.374,121.3,0.00565,0.42,0.2878449
1554785457248,25.421,121.3,0.00565,0.42,0.2878449
1554785457295,25.467,121.3,0.00565,0.42,0.2878449
1554785457356,25.528,121.3,0.00564,0.421,0.288019572
1554785457402,25.574,121.3,0.00564,0.421,0.288019572
1554785457448,25.62,121.3,0.00564,0.421,0.288019572
1554785457494,25.666,121.3,0.00564,0.421,0.288019572
1554785457556,25.728,121.4,0.00561,0.422,0.287404788
1554785457602,25.774,121.4,0.00561,0.422,0.287404788
1554785457649,25.821,121.4,0.00561,0.422,0.287404788
1554785457696,25.868,121.4,0.00561,0.422,0.287404788
1554785457756,25.928,121.3,0.00566,0.422,0.289727476
1554785457802,25.974,121.3,0.00566,0.422,0.289727476
1554785457848,26.02,121.3,0.00566,0.422,0.289727476
1554785457894,26.066,121.3,0.00566,0.422,0.289727476
1554785457956,26.128,121.3,0.00568,0.421,0.290062264
1554785458002,26.174,121.3,0.00568,0.421,0.290062264
1554785458049,26.221,121.3,0.00568,0.421,0.290062264
1554785458095,26.267,121.3,0.00568,0.421,0.290062264
1554785458156,26.328,121.3,0.00567,0.421,0.289551591
1554785458202,26.374,121.3,0.00567,0.421,0.289551591
1554785458248,26.42,121.3,0.00567,0.421,0.289551591
1554785458294,26.466,121.3,0.00567,0.421,0.289551591
1554785458356,26.528,121.3,0.00567,0.42,0.28886382
1554785458402,26.574,121.3,0.00567,0.42,0.28886382
1554785458448,26.62,121.3,0.00567,0.42,0.28886382
1554785458494,26.666,121.3,0.00567,0.42,0.28886382
1554785458556,26.728,121.3,0.00563,0.423,0.288874737
1554785458603,26.775,121.3,0.00563,0.423,0.288874737
1554785458649,26.821,121.3,0.00563,0.423,0.288874737
1554785458695,26.867,121.3,0.00563,0.423,0.288874737
1554785458756,26.928,121.3,0.00562,0.423,0.288361638
1554785458802,26.974,121.3,0.00562,0.423,0.288361638
1554785458848,27.02,121.3,0.00562,0.423,0.288361638
1554785458894,27.066,121.3,0.00562,0.423,0.288361638
1554785458956,27.128,121.3,0.00563,0.422,0.288191818
1554785459002,27.174,121.3,0.00563,0.422,0.288191818
1554785459048,27.22,121.3,0.00563,0.422,0.288191818
1554785459094,27.266,121.3,0.00563,0.422,0.288191818
1554785459156,27.328,121.3,0.00563,0.422,0.288191818
1554785459202,27.374,121.3,0.00563,0.422,0.288191818
1554785459248,27.42,121.3,0.00563,0.422,0.288191818
1554785459294,27.466,121.3,0.00563,0.422,0.288191818
1554785459356,27.529,121.3,0.0056,0.42,0.2852976
1554785459403,27.575,121.3,0.0056,0.42,0.2852976
1554785459449,27.621,121.3,0.0056,0.42,0.2852976
1554785459495,27.667,121.3,0.0056,0.42,0.2852976
1554785459556,27.728,121.3,0.00562,0.419,0.285634814
1554785459602,27.774,121.3,0.00562,0.419,0.285634814
1554785459648,27.82,121.3,0.00562,0.419,0.285634814
1554785459694,27.866,121.3,0.00562,0.419,0.285634814
1554785459756,27.928,121.2,0.00561,0.419,0.284891508
1554785459801,27.973,121.2,0.00561,0.419,0.284891508
1554785459847,28.019,121.2,0.00561,0.419,0.284891508
1554785459894,28.066,121.2,0.00561,0.419,0.284891508
1554785459956,28.128,121.2,0.00561,0.421,0.286251372
1554785460002,28.174,121.2,0.00561,0.421,0.286251372
1554785460048,28.22,121.2,0.00561,0.421,0.286251372
1554785460094,28.266,121.2,0.00561,0.421,0.286251372
1554785460156,28.328,121.3,0.00558,0.422,0.285632388
1554785460202,28.374,121.3,0.00558,0.422,0.285632388
1554785460248,28.42,121.3,0.00558,0.422,0.285632388
1554785460294,28.466,121.3,0.00558,0.422,0.285632388
1554785460355,28.527,121.3,0.0056,0.424,0.28801472
1554785460402,28.574,121.3,0.0056,0.424,0.28801472
1554785460448,28.62,121.3,0.0056,0.424,0.28801472
1554785460494,28.666,121.3,0.0056,0.424,0.28801472
1554785460556,28.728,121.3,0.00557,0.421,0.284444861
1554785460602,28.774,121.3,0.00557,0.421,0.284444861
1554785460648,28.82,121.3,0.00557,0.421,0.284444861
1554785460694,28.866,121.3,0.00557,0.421,0.284444861
1554785460756,28.928,121.2,0.00563,0.422,0.287954232
1554785460801,28.973,121.2,0.00563,0.422,0.287954232
1554785460848,29.02,121.2,0.00563,0.422,0.287954232
1554785460894,29.066,121.2,0.00563,0.422,0.287954232
1554785460956,29.128,121.3,0.00564,0.424,0.290071968
1554785461002,29.174,121.3,0.00564,0.424,0.290071968
1554785461048,29.22,121.3,0.00564,0.424,0.290071968
1554785461094,29.266,121.3,0.00564,0.424,0.290071968
1554785461156,29.328,121.3,0.00565,0.422,0.28921559
1554785461202,29.375,121.3,0.00565,0.422,0.28921559
1554785461249,29.421,121.3,0.00565,0.422,0.28921559
1554785461295,29.467,121.3,0.00565,0.422,0.28921559
1554785461356,29.528,121.3,0.00565,0.421,0.288530245
1554785461402,29.574,121.3,0.00565,0.421,0.288530245
1554785461448,29.62,121.3,0.00565,0.421,0.288530245
1554785461494,29.666,121.3,0.00565,0.421,0.288530245
1554785461556,29.728,121.3,0.00563,0.424,0.289557656
1554785461602,29.774,121.3,0.00563,0.424,0.289557656
1554785461648,29.82,121.3,0.00563,0.424,0.289557656
1554785461694,29.866,121.3,0.00563,0.424,0.289557656
1554785461756,29.928,121.3,0.00568,0.423,0.291440232
1554785461801,29.973,121.3,0.00568,0.423,0.291440232
1554785461848,30.02,121.3,0.00568,0.423,0.291440232
1554785461894,30.066,121.3,0.00568,0.423,0.291440232
1554785461956,30.128,121.3,0.00573,0.423,0.294005727
1554785462002,30.174,121.3,0.00573,0.423,0.294005727
1554785462048,30.22,121.3,0.00573,0.423,0.294005727
1554785462094,30.266,121.3,0.00573,0.423,0.294005727
1554785462155,30.327,121.3,0.00569,0.422,0.291263134
1554785462201,30.373,121.3,0.00569,0.422,0.291263134
1554785462247,30.419,121.3,0.00569,0.422,0.291263134
1554785462294,30.466,121.3,0.00569,0.422,0.291263134
1554785462356,30.528,121.3,0.00566,0.42,0.28835436
1554785462402,30.574,121.3,0.00566,0.42,0.28835436
1554785462448,30.62,121.3,0.00566,0.42,0.28835436
1554785462494,30.666,121.3,0.00566,0.42,0.28835436
1554785462556,30.728,121.3,0.00562,0.422,0.287679932
1554785462601,30.773,121.3,0.00562,0.422,0.287679932
1554785462647,30.819,121.3,0.00562,0.422,0.287679932
1554785462694,30.866,121.3,0.00562,0.422,0.287679932
1554785462756,30.928,121.3,0.00561,0.424,0.288529032
1554785462802,30.974,121.3,0.00561,0.424,0.288529032
1554785462848,31.02,121.3,0.00561,0.424,0.288529032
1554785462894,31.066,121.3,0.00561,0.424,0.288529032
1554785462956,31.128,121.3,0.00564,0.42,0.28733544
1554785463002,31.174,121.3,0.00564,0.42,0.28733544
1554785463048,31.22,121.3,0.00564,0.42,0.28733544
1554785463094,31.266,121.3,0.00564,0.42,0.28733544
1554785463156,31.328,121.3,0.00562,0.424,0.289043344
1554785463202,31.374,121.3,0.00562,0.424,0.289043344
1554785463248,31.42,121.3,0.00562,0.424,0.289043344
1554785463294,31.466,121.3,0.00562,0.424,0.289043344
1554785463355,31.527,121.3,0.00559,0.424,0.287500408
1554785463401,31.573,121.3,0.00559,0.424,0.287500408
1554785463447,31.619,121.3,0.00559,0.424,0.287500408
1554785463493,31.666,121.3,0.00559,0.424,0.287500408
1554785463556,31.728,121.3,0.00556,0.424,0.285957472
1554785463602,31.774,121.3,0.00556,0.424,0.285957472
1554785463648,31.82,121.3,0.00556,0.424,0.285957472
1554785463694,31.866,121.3,0.00556,0.424,0.285957472
1554785463755,31.927,121.3,0.00558,0.423,0.286309242
1554785463801,31.973,121.3,0.00558,0.423,0.286309242
1554785463847,32.019,121.3,0.00558,0.423,0.286309242
1554785463893,32.065,121.3,0.00558,0.423,0.286309242
1554785463956,32.128,121.2,0.00555,0.422,0.28386252
1554785464002,32.174,121.2,0.00555,0.422,0.28386252
1554785464048,32.22,121.2,0.00555,0.422,0.28386252
1554785464094,32.266,121.2,0.00555,0.422,0.28386252
1554785464155,32.327,121.3,0.0056,0.421,0.28597688
1554785464201,32.373,121.3,0.0056,0.421,0.28597688
1554785464247,32.419,121.3,0.0056,0.421,0.28597688
1554785464294,32.466,121.3,0.0056,0.421,0.28597688
1554785464356,32.528,121.3,0.00565,0.421,0.288530245
1554785464402,32.574,121.3,0.00565,0.421,0.288530245
1554785464448,32.62,121.3,0.00565,0.421,0.288530245
1554785464494,32.666,121.3,0.00565,0.421,0.288530245
1554785464555,32.727,121.3,0.00559,0.421,0.285466207
1554785464601,32.773,121.3,0.00559,0.421,0.285466207
1554785464647,32.82,121.3,0.00559,0.421,0.285466207
1554785464694,32.866,121.3,0.00559,0.421,0.285466207
1554785464756,32.928,121.2,0.00561,0.424,0.288291168
1554785464802,32.974,121.2,0.00561,0.424,0.288291168
1554785464848,33.02,121.2,0.00561,0.424,0.288291168
1554785464894,33.066,121.2,0.00561,0.424,0.288291168
1554785464956,33.128,121.2,0.00563,0.422,0.287954232
1554785465002,33.174,121.2,0.00563,0.422,0.287954232
1554785465048,33.221,121.2,0.00563,0.422,0.287954232
1554785465095,33.267,121.2,0.00563,0.422,0.287954232
1554785465156,33.328,121.3,0.00569,0.421,0.290572937
1554785465202,33.374,121.3,0.00569,0.421,0.290572937
1554785465248,33.42,121.3,0.00569,0.421,0.290572937
1554785465294,33.466,121.3,0.00569,0.421,0.290572937
1554785465356,33.528,121.3,0.0057,0.422,0.29177502
1554785465403,33.575,121.3,0.0057,0.422,0.29177502
1554785465448,33.621,121.3,0.0057,0.422,0.29177502
1554785465495,33.667,121.3,0.0057,0.422,0.29177502
1554785465556,33.728,121.3,0.00565,0.421,0.288530245
1554785465602,33.774,121.3,0.00565,0.421,0.288530245
1554785465648,33.82,121.3,0.00565,0.421,0.288530245
1554785465694,33.866,121.3,0.00565,0.421,0.288530245
1554785465755,33.927,121.3,0.00566,0.419,0.287667802
1554785465801,33.973,121.3,0.00566,0.419,0.287667802
1554785465847,34.019,121.3,0.00566,0.419,0.287667802
1554785465893,34.065,121.3,0.00566,0.419,0.287667802
1554785465956,34.128,121.3,0.00569,0.423,0.291953331
1554785466002,34.174,121.3,0.00569,0.423,0.291953331
1554785466048,34.22,121.3,0.00569,0.423,0.291953331
1554785466094,34.266,121.3,0.00569,0.423,0.291953331
1554785466156,34.328,121.3,0.00567,0.423,0.290927133
1554785466202,34.374,121.3,0.00567,0.423,0.290927133
1554785466248,34.42,121.3,0.00567,0.423,0.290927133
1554785466295,34.467,121.3,0.00567,0.423,0.290927133
1554785466356,34.528,121.3,0.00567,0.423,0.290927133
1554785466402,34.574,121.3,0.00567,0.423,0.290927133
1554785466448,34.62,121.3,0.00567,0.423,0.290927133
1554785466494,34.666,121.3,0.00567,0.423,0.290927133
1554785466555,34.727,121.3,0.00565,0.422,0.28921559
1554785466602,34.774,121.3,0.00565,0.422,0.28921559
1554785466648,34.82,121.3,0.00565,0.422,0.28921559
1554785466694,34.866,121.3,0.00565,0.422,0.28921559
1554785466755,34.927,121.3,0.00566,0.421,0.289040918
1554785466801,34.973,121.3,0.00566,0.421,0.289040918
1554785466847,35.019,121.3,0.00566,0.421,0.289040918
1554785466893,35.065,121.3,0.00566,0.421,0.289040918
1554785466955,35.127,121.3,0.0056,0.421,0.28597688
1554785467002,35.174,121.3,0.0056,0.421,0.28597688
1554785467048,35.22,121.3,0.0056,0.421,0.28597688
1554785467094,35.266,121.3,0.0056,0.421,0.28597688
1554785467155,35.327,121.3,0.0056,0.424,0.28801472
1554785467201,35.373,121.3,0.0056,0.424,0.28801472
1554785467247,35.419,121.3,0.0056,0.424,0.28801472
1554785467293,35.465,121.3,0.0056,0.424,0.28801472
1554785467355,35.528,121.3,0.0056,0.421,0.28597688
1554785467402,35.574,121.3,0.0056,0.421,0.28597688
1554785467448,35.62,121.3,0.0056,0.421,0.28597688
1554785467494,35.666,121.3,0.0056,0.421,0.28597688
1554785467556,35.728,121.3,0.00563,0.42,0.28682598
1554785467602,35.774,121.3,0.00563,0.42,0.28682598
1554785467648,35.82,121.3,0.00563,0.42,0.28682598
1554785467694,35.866,121.3,0.00563,0.42,0.28682598
1554785467755,35.927,121.2,0.00563,0.419,0.285907164
1554785467801,35.974,121.2,0.00563,0.419,0.285907164
1554785467848,36.02,121.2,0.00563,0.419,0.285907164
1554785467894,36.066,121.2,0.00563,0.419,0.285907164
1554785467956,36.128,121.2,0.00561,0.42,0.28557144
1554785468002,36.174,121.2,0.00561,0.42,0.28557144
1554785468048,36.22,121.2,0.00561,0.42,0.28557144
1554785468094,36.266,121.2,0.00561,0.42,0.28557144
1554785468155,36.327,121.2,0.00562,0.422,0.287442768
1554785468202,36.374,121.2,0.00562,0.422,0.287442768
1554785468248,36.42,121.2,0.00562,0.422,0.287442768
1554785468294,36.466,121.2,0.00562,0.422,0.287442768
1554785468355,36.527,121.2,0.0056,0.421,0.28574112
1554785468401,36.573,121.2,0.0056,0.421,0.28574112
1554785468447,36.619,121.2,0.0056,0.421,0.28574112
1554785468493,36.665,121.2,0.0056,0.421,0.28574112
1554785468555,36.727,121.2,0.0056,0.422,0.28641984
1554785468601,36.773,121.2,0.0056,0.422,0.28641984
1554785468648,36.82,121.2,0.0056,0.422,0.28641984
1554785468694,36.866,121.2,0.0056,0.422,0.28641984
1554785468755,36.927,121.2,0.0056,0.424,0.28777728
1554785468801,36.973,121.2,0.0056,0.424,0.28777728
1554785468847,37.019,121.2,0.0056,0.424,0.28777728
1554785468893,37.065,121.2,0.0056,0.424,0.28777728
1554785468955,37.127,121.2,0.00564,0.422,0.288465696
1554785469001,37.173,121.2,0.00564,0.422,0.288465696
1554785469047,37.219,121.2,0.00564,0.422,0.288465696
1554785469093,37.265,121.2,0.00564,0.422,0.288465696
1554785469156,37.328,121.3,0.00571,0.42,0.29090166
1554785469202,37.374,121.3,0.00571,0.42,0.29090166
1554785469248,37.42,121.3,0.00571,0.42,0.29090166
1554785469294,37.466,121.3,0.00571,0.42,0.29090166
1554785469355,37.527,121.3,0.00566,0.421,0.289040918
1554785469401,37.573,121.3,0.00566,0.421,0.289040918
1554785469447,37.619,121.3,0.00566,0.421,0.289040918
1554785469493,37.665,121.3,0.00566,0.421,0.289040918
1554785469555,37.727,121.3,0.00565,0.424,0.29058628
1554785469601,37.773,121.3,0.00565,0.424,0.29058628
1554785469648,37.82,121.3,0.00565,0.424,0.29058628
1554785469694,37.866,121.3,0.00565,0.424,0.29058628
1554785469756,37.928,121.3,0.00564,0.422,0.288703704
1554785469802,37.974,121.3,0.00564,0.422,0.288703704
1554785469848,38.02,121.3,0.00564,0.422,0.288703704
1554785469894,38.066,121.3,0.00564,0.422,0.288703704
1554785469955,38.127,121.3,0.00567,0.422,0.290239362
1554785470001,38.174,121.3,0.00567,0.422,0.290239362
1554785470048,38.22,121.3,0.00567,0.422,0.290239362
1554785470094,38.266,121.3,0.00567,0.422,0.290239362
1554785470156,38.328,121.3,0.00568,0.423,0.291440232
1554785470202,38.374,121.3,0.00568,0.423,0.291440232
1554785470248,38.42,121.3,0.00568,0.423,0.291440232
1554785470294,38.466,121.3,0.00568,0.423,0.291440232
1554785470356,38.528,121.3,0.00564,0.424,0.290071968
1554785470402,38.574,121.3,0.00564,0.424,0.290071968
1554785470448,38.62,121.3,0.00564,0.424,0.290071968
1554785470494,38.666,121.3,0.00564,0.424,0.290071968
1554785470555,38.727,121.3,0.00563,0.423,0.288874737
1554785470601,38.773,121.3,0.00563,0.423,0.288874737
1554785470647,38.819,121.3,0.00563,0.423,0.288874737
1554785470693,38.865,121.3,0.00563,0.423,0.288874737
1554785470756,38.928,121.3,0.00559,0.425,0.288178475
1554785470802,38.974,121.3,0.00559,0.425,0.288178475
1554785470848,39.02,121.3,0.00559,0.425,0.288178475
1554785470894,39.066,121.3,0.00559,0.425,0.288178475
1554785470955,39.127,121.3,0.0056,0.422,0.28665616
1554785471001,39.173,121.3,0.0056,0.422,0.28665616
1554785471047,39.219,121.3,0.0056,0.422,0.28665616
1554785471093,39.265,121.3,0.0056,0.422,0.28665616
1554785471156,39.328,121.3,0.0056,0.422,0.28665616
1554785471202,39.374,121.3,0.0056,0.422,0.28665616
1554785471248,39.42,121.3,0.0056,0.422,0.28665616
1554785471294,39.466,121.3,0.0056,0.422,0.28665616
1554785471355,39.527,121.3,0.00564,0.421,0.288019572
1554785471401,39.573,121.3,0.00564,0.421,0.288019572
1554785471447,39.619,121.3,0.00564,0.421,0.288019572
1554785471494,39.666,121.3,0.00564,0.421,0.288019572
1554785471556,39.728,121.3,0.00564,0.419,0.286651308
1554785471602,39.774,121.3,0.00564,0.419,0.286651308
1554785471648,39.82,121.3,0.00564,0.419,0.286651308
1554785471694,39.866,121.3,0.00564,0.419,0.286651308
1554785471755,39.928,121.2,0.00559,0.42,0.28455336
1554785471802,39.974,121.2,0.00559,0.42,0.28455336
1554785471848,40.02,121.2,0.00559,0.42,0.28455336
1554785471894,40.066,121.2,0.00559,0.42,0.28455336
1554785471955,40.127,121.2,0.00556,0.423,0.285047856
1554785472001,40.173,121.2,0.00556,0.423,0.285047856
1554785472047,40.219,121.2,0.00556,0.423,0.285047856
1554785472093,40.265,121.2,0.00556,0.423,0.285047856
1554785472155,40.327,121.2,0.00562,0.423,0.288123912
1554785472201,40.373,121.2,0.00562,0.423,0.288123912
1554785472248,40.42,121.2,0.00562,0.423,0.288123912
1554785472294,40.466,121.2,0.00562,0.423,0.288123912
1554785472356,40.528,121.2,0.00562,0.421,0.286761624
1554785472402,40.574,121.2,0.00562,0.421,0.286761624
1554785472448,40.62,121.2,0.00562,0.421,0.286761624
1554785472494,40.666,121.2,0.00562,0.421,0.286761624
1554785472555,40.727,121.3,0.00563,0.422,0.288191818
1554785472601,40.773,121.3,0.00563,0.422,0.288191818
1554785472647,40.819,121.3,0.00563,0.422,0.288191818
1554785472694,40.866,121.3,0.00563,0.422,0.288191818
1554785472756,40.928,121.2,0.00564,0.42,0.28709856
1554785472802,40.974,121.2,0.00564,0.42,0.28709856
1554785472848,41.02,121.2,0.00564,0.42,0.28709856
1554785472895,41.067,121.2,0.00564,0.42,0.28709856
1554785472956,41.128,121.2,0.00564,0.419,0.286414992
1554785473002,41.174,121.2,0.00564,0.419,0.286414992
1554785473048,41.22,121.2,0.00564,0.419,0.286414992
1554785473094,41.266,121.2,0.00564,0.419,0.286414992
1554785473155,41.327,121.3,0.00569,0.42,0.28988274
1554785473201,41.373,121.3,0.00569,0.42,0.28988274
1554785473247,41.419,121.3,0.00569,0.42,0.28988274
1554785473294,41.466,121.3,0.00569,0.42,0.28988274
1554785473355,41.527,121.3,0.00568,0.419,0.288684296
1554785473401,41.573,121.3,0.00568,0.419,0.288684296
1554785473447,41.619,121.3,0.00568,0.419,0.288684296
1554785473493,41.665,121.3,0.00568,0.419,0.288684296
1554785473555,41.727,121.3,0.00568,0.422,0.290751248
1554785473601,41.773,121.3,0.00568,0.422,0.290751248
1554785473647,41.819,121.3,0.00568,0.422,0.290751248
1554785473693,41.865,121.3,0.00568,0.422,0.290751248
1554785473756,41.928,121.3,0.00572,0.419,0.290717284
1554785473802,41.974,121.3,0.00572,0.419,0.290717284
1554785473848,42.02,121.3,0.00572,0.419,0.290717284
1554785473894,42.066,121.3,0.00572,0.419,0.290717284
1554785473955,42.128,121.3,0.00571,0.42,0.29090166
1554785474002,42.174,121.3,0.00571,0.42,0.29090166
1554785474048,42.22,121.3,0.00571,0.42,0.29090166
1554785474094,42.266,121.3,0.00571,0.42,0.29090166
1554785474155,42.327,121.3,0.00566,0.423,0.290414034
1554785474201,42.373,121.3,0.00566,0.423,0.290414034
1554785474247,42.419,121.3,0.00566,0.423,0.290414034
1554785474294,42.466,121.3,0.00566,0.423,0.290414034
1554785474356,42.528,121.3,0.00566,0.422,0.289727476
1554785474402,42.574,121.3,0.00566,0.422,0.289727476
1554785474448,42.62,121.3,0.00566,0.422,0.289727476
1554785474494,42.666,121.3,0.00566,0.422,0.289727476
1554785474555,42.727,121.3,0.00565,0.421,0.288530245
1554785474602,42.774,121.3,0.00565,0.421,0.288530245
1554785474648,42.82,121.3,0.00565,0.421,0.288530245
1554785474693,42.865,121.3,0.00565,0.421,0.288530245
1554785474756,42.928,121.3,0.00564,0.421,0.288019572
1554785474802,42.974,121.3,0.00564,0.421,0.288019572
1554785474848,43.02,121.3,0.00564,0.421,0.288019572
1554785474894,43.067,121.3,0.00564,0.421,0.288019572
1554785474955,43.127,121.3,0.00561,0.422,0.287168046
1554785475001,43.173,121.3,0.00561,0.422,0.287168046
1554785475047,43.219,121.3,0.00561,0.422,0.287168046
1554785475094,43.266,121.3,0.00561,0.422,0.287168046
1554785475156,43.328,121.3,0.00562,0.421,0.286998226
1554785475202,43.374,121.3,0.00562,0.421,0.286998226
1554785475248,43.42,121.3,0.00562,0.421,0.286998226
1554785475294,43.466,121.3,0.00562,0.421,0.286998226
1554785475355,43.527,121.3,0.00561,0.422,0.287168046
1554785475401,43.573,121.3,0.00561,0.422,0.287168046
1554785475448,43.62,121.3,0.00561,0.422,0.287168046
1554785475494,43.666,121.3,0.00561,0.422,0.287168046
1554785475555,43.727,121.3,0.00557,0.421,0.284444861
1554785475601,43.773,121.3,0.00557,0.421,0.284444861
1554785475647,43.819,121.3,0.00557,0.421,0.284444861
1554785475693,43.865,121.3,0.00557,0.421,0.284444861
1554785475755,43.927,121.2,0.0056,0.423,0.28709856
1554785475801,43.973,121.2,0.0056,0.423,0.28709856
1554785475847,44.019,121.2,0.0056,0.423,0.28709856
1554785475893,44.065,121.2,0.0056,0.423,0.28709856
1554785475956,44.128,121.2,0.00559,0.42,0.28455336
1554785476002,44.174,121.2,0.00559,0.42,0.28455336
1554785476048,44.22,121.2,0.00559,0.42,0.28455336
1554785476094,44.266,121.2,0.00559,0.42,0.28455336
1554785476155,44.327,121.2,0.00565,0.419,0.28692282
1554785476201,44.373,121.2,0.00565,0.419,0.28692282
1554785476247,44.42,121.2,0.00565,0.419,0.28692282
1554785476294,44.466,121.2,0.00565,0.419,0.28692282
1554785476355,44.527,121.3,0.00562,0.422,0.287679932
1554785476401,44.573,121.3,0.00562,0.422,0.287679932
1554785476447,44.619,121.3,0.00562,0.422,0.287679932
1554785476493,44.665,121.3,0.00562,0.422,0.287679932
1554785476555,44.727,121.2,0.00561,0.421,0.286251372
1554785476601,44.773,121.2,0.00561,0.421,0.286251372
1554785476647,44.819,121.2,0.00561,0.421,0.286251372
1554785476694,44.866,121.2,0.00561,0.421,0.286251372
1554785476755,44.927,121.2,0.00561,0.421,0.286251372
1554785476801,44.973,121.2,0.00561,0.421,0.286251372
1554785476847,45.019,121.2,0.00561,0.421,0.286251372
1554785476893,45.065,121.2,0.00561,0.421,0.286251372
1554785476955,45.127,121.2,0.00562,0.42,0.28608048
1554785477001,45.173,121.2,0.00562,0.42,0.28608048
1554785477048,45.22,121.2,0.00562,0.42,0.28608048
1554785477094,45.266,121.2,0.00562,0.42,0.28608048
1554785477155,45.327,121.2,0.00566,0.421,0.288802632
1554785477201,45.373,121.2,0.00566,0.421,0.288802632
1554785477247,45.419,121.2,0.00566,0.421,0.288802632
1554785477293,45.465,121.2,0.00566,0.421,0.288802632
1554785477355,45.527,121.3,0.00566,0.425,0.29178715
1554785477401,45.573,121.3,0.00566,0.425,0.29178715
1554785477448,45.62,121.3,0.00566,0.425,0.29178715
1554785477494,45.666,121.3,0.00566,0.425,0.29178715
1554785477555,45.727,121.3,0.00566,0.421,0.289040918
1554785477600,45.772,121.3,0.00566,0.421,0.289040918
1554785477647,45.819,121.3,0.00566,0.421,0.289040918
1554785477693,45.865,121.3,0.00566,0.421,0.289040918
1554785477755,45.927,121.3,0.00567,0.422,0.290239362
1554785477801,45.973,121.3,0.00567,0.422,0.290239362
1554785477847,46.019,121.3,0.00567,0.422,0.290239362
1554785477894,46.066,121.3,0.00567,0.422,0.290239362
1554785477955,46.127,121.3,0.00565,0.422,0.28921559
1554785478001,46.173,121.3,0.00565,0.422,0.28921559
1554785478047,46.219,121.3,0.00565,0.422,0.28921559
1554785478093,46.265,121.3,0.00565,0.422,0.28921559
1554785478156,46.328,121.3,0.00567,0.421,0.289551591
1554785478202,46.374,121.3,0.00567,0.421,0.289551591
1554785478248,46.42,121.3,0.00567,0.421,0.289551591
1554785478294,46.466,121.3,0.00567,0.421,0.289551591
1554785478355,46.527,121.3,0.00569,0.421,0.290572937
1554785478401,46.573,121.3,0.00569,0.421,0.290572937
1554785478447,46.619,121.3,0.00569,0.421,0.290572937
1554785478493,46.665,121.3,0.00569,0.421,0.290572937
1554785478556,46.728,121.3,0.00568,0.421,0.290062264
1554785478602,46.774,121.3,0.00568,0.421,0.290062264
1554785478648,46.82,121.3,0.00568,0.421,0.290062264
1554785478694,46.866,121.3,0.00568,0.421,0.290062264
1554785478755,46.927,121.3,0.00561,0.419,0.285126567
1554785478800,46.972,121.3,0.00561,0.419,0.285126567
1554785478847,47.019,121.3,0.00561,0.419,0.285126567
1554785478893,47.065,121.3,0.00561,0.419,0.285126567
1554785478955,47.127,121.3,0.00562,0.421,0.286998226
1554785479001,47.173,121.3,0.00562,0.421,0.286998226
1554785479047,47.219,121.3,0.00562,0.421,0.286998226
1554785479094,47.266,121.3,0.00562,0.421,0.286998226
1554785479155,47.327,121.2,0.00565,0.422,0.28897716
1554785479201,47.373,121.2,0.00565,0.422,0.28897716
1554785479247,47.419,121.2,0.00565,0.422,0.28897716
1554785479293,47.465,121.2,0.00565,0.422,0.28897716
1554785479355,47.527,121.2,0.00562,0.42,0.28608048
1554785479401,47.573,121.2,0.00562,0.42,0.28608048
1554785479448,47.62,121.2,0.00562,0.42,0.28608048
1554785479494,47.666,121.2,0.00562,0.42,0.28608048
1554785479555,47.727,121.3,0.00565,0.42,0.2878449
1554785479601,47.773,121.3,0.00565,0.42,0.2878449
1554785479647,47.819,121.3,0.00565,0.42,0.2878449
1554785479693,47.865,121.3,0.00565,0.42,0.2878449
1554785479756,47.928,121.2,0.00558,0.422,0.285396912
1554785479802,47.974,121.2,0.00558,0.422,0.285396912
1554785479848,48.02,121.2,0.00558,0.422,0.285396912
1554785479894,48.066,121.2,0.00558,0.422,0.285396912
1554785479955,48.127,121.2,0.00554,0.422,0.283351056
1554785480001,48.173,121.2,0.00554,0.422,0.283351056
1554785480048,48.22,121.2,0.00554,0.422,0.283351056
1554785480094,48.266,121.2,0.00554,0.422,0.283351056
1554785480155,48.327,121.2,0.00558,0.421,0.284720616
1554785480201,48.373,121.2,0.00558,0.421,0.284720616
1554785480247,48.419,121.2,0.00558,0.421,0.284720616
1554785480293,48.466,121.2,0.00558,0.421,0.284720616
1554785480355,48.527,121.2,0.00558,0.425,0.2874258
1554785480400,48.573,121.2,0.00558,0.425,0.2874258
1554785480446,48.619,121.2,0.00558,0.425,0.2874258
1554785480493,48.665,121.2,0.00558,0.425,0.2874258
1554785480555,48.727,121.2,0.00561,0.423,0.287611236
1554785480601,48.773,121.2,0.00561,0.423,0.287611236
1554785480647,48.819,121.2,0.00561,0.423,0.287611236
1554785480693,48.865,121.2,0.00561,0.423,0.287611236
1554785480755,48.927,121.2,0.00566,0.422,0.289488624
1554785480800,48.972,121.2,0.00566,0.422,0.289488624
1554785480847,49.019,121.2,0.00566,0.422,0.289488624
1554785480893,49.065,121.2,0.00566,0.422,0.289488624
1554785480955,49.127,121.2,0.00562,0.421,0.286761624
1554785481001,49.173,121.2,0.00562,0.421,0.286761624
1554785481047,49.219,121.2,0.00562,0.421,0.286761624
1554785481093,49.265,121.2,0.00562,0.421,0.286761624
1554785481155,49.327,121.2,0.00562,0.425,0.2894862
1554785481201,49.373,121.2,0.00562,0.425,0.2894862
1554785481247,49.419,121.2,0.00562,0.425,0.2894862
1554785481294,49.466,121.2,0.00562,0.425,0.2894862
1554785481355,49.527,121.3,0.00561,0.425,0.289209525
1554785481401,49.573,121.3,0.00561,0.425,0.289209525
1554785481447,49.619,121.3,0.00561,0.425,0.289209525
1554785481493,49.665,121.3,0.00561,0.425,0.289209525
1554785481555,49.727,121.3,0.00563,0.426,0.290923494
1554785481601,49.773,121.3,0.00563,0.426,0.290923494
1554785481648,49.82,121.3,0.00563,0.426,0.290923494
1554785481694,49.866,121.3,0.00563,0.426,0.290923494
1554785481755,49.927,121.3,0.00563,0.423,0.288874737
1554785481801,49.973,121.3,0.00563,0.423,0.288874737
1554785481847,50.019,121.3,0.00563,0.423,0.288874737
1554785481893,50.065,121.3,0.00563,0.423,0.288874737
1554785481955,50.127,121.3,0.00565,0.425,0.291271625
1554785482000,50.172,121.3,0.00565,0.425,0.291271625
1554785482047,50.219,121.3,0.00565,0.425,0.291271625
1554785482093,50.265,121.3,0.00565,0.425,0.291271625
1554785482155,50.327,121.3,0.00565,0.422,0.28921559
1554785482202,50.374,121.3,0.00565,0.422,0.28921559
1554785482248,50.42,121.3,0.00565,0.422,0.28921559
1554785482294,50.466,121.3,0.00565,0.422,0.28921559
1554785482355,50.527,121.3,0.00566,0.424,0.291100592
1554785482401,50.573,121.3,0.00566,0.424,0.291100592
1554785482447,50.619,121.3,0.00566,0.424,0.291100592
1554785482493,50.665,121.3,0.00566,0.424,0.291100592
1554785482554,50.727,121.4,0.00566,0.422,0.289966328
1554785482601,50.773,121.4,0.00566,0.422,0.289966328
1554785482647,50.819,121.4,0.00566,0.422,0.289966328
1554785482693,50.865,121.4,0.00566,0.422,0.289966328
1554785482755,50.927,121.4,0.00564,0.422,0.288941712
1554785482801,50.973,121.4,0.00564,0.422,0.288941712
1554785482847,51.019,121.4,0.00564,0.422,0.288941712
1554785482894,51.066,121.4,0.00564,0.422,0.288941712
1554785482954,51.126,121.3,0.00568,0.415,0.28592836
1554785483000,51.172,121.3,0.00568,0.415,0.28592836
1554785483047,51.219,121.3,0.00568,0.415,0.28592836
1554785483093,51.265,121.3,0.00568,0.415,0.28592836
1554785483155,51.327,121.3,0.00566,0.419,0.287667802
1554785483201,51.373,121.3,0.00566,0.419,0.287667802
1554785483247,51.419,121.3,0.00566,0.419,0.287667802
1554785483294,51.466,121.3,0.00566,0.419,0.287667802
1554785483355,51.527,121.3,0.00563,0.42,0.28682598
1554785483400,51.572,121.3,0.00563,0.42,0.28682598
1554785483447,51.619,121.3,0.00563,0.42,0.28682598
1554785483493,51.665,121.3,0.00563,0.42,0.28682598
1554785483555,51.727,121.3,0.0056,0.421,0.28597688
1554785483601,51.773,121.3,0.0056,0.421,0.28597688
1554785483648,51.82,121.3,0.0056,0.421,0.28597688
1554785483693,51.865,121.3,0.0056,0.421,0.28597688
1554785483756,51.928,121.3,0.00556,0.421,0.283934188
1554785483803,51.975,121.3,0.00556,0.421,0.283934188
1554785483849,52.021,121.3,0.00556,0.421,0.283934188
1554785483895,52.067,121.3,0.00556,0.421,0.283934188
1554785483955,52.127,121.3,0.00558,0.423,0.286309242
1554785484001,52.173,121.3,0.00558,0.423,0.286309242
1554785484047,52.219,121.3,0.00558,0.423,0.286309242
1554785484093,52.265,121.3,0.00558,0.423,0.286309242
1554785484155,52.327,121.2,0.00562,0.419,0.285399336
1554785484201,52.373,121.2,0.00562,0.419,0.285399336
1554785484254,52.426,121.2,0.00562,0.419,0.285399336
1554785484300,52.472,121.2,0.00562,0.419,0.285399336
1554785484355,52.527,121.2,0.00564,0.418,0.285731424
1554785484401,52.573,121.2,0.00564,0.418,0.285731424
1554785484446,52.618,121.2,0.00564,0.418,0.285731424
1554785484492,52.664,121.2,0.00564,0.418,0.285731424
1554785484555,52.727,121.3,0.00564,0.419,0.286651308
1554785484601,52.773,121.3,0.00564,0.419,0.286651308
1554785484647,52.819,121.3,0.00564,0.419,0.286651308
1554785484693,52.865,121.3,0.00564,0.419,0.286651308
1554785484755,52.927,121.2,0.00562,0.421,0.286761624
1554785484801,52.973,121.2,0.00562,0.421,0.286761624
1554785484847,53.019,121.2,0.00562,0.421,0.286761624
1554785484893,53.065,121.2,0.00562,0.421,0.286761624
1554785484954,53.127,121.2,0.00564,0.42,0.28709856
1554785485001,53.173,121.2,0.00564,0.42,0.28709856
1554785485047,53.219,121.2,0.00564,0.42,0.28709856
1554785485093,53.265,121.2,0.00564,0.42,0.28709856
1554785485155,53.327,121.2,0.00568,0.418,0.287757888
1554785485201,53.373,121.2,0.00568,0.418,0.287757888
1554785485247,53.419,121.2,0.00568,0.418,0.287757888
1554785485293,53.465,121.2,0.00568,0.418,0.287757888
1554785485355,53.527,121.2,0.00569,0.421,0.290333388
1554785485401,53.573,121.2,0.00569,0.421,0.290333388
1554785485447,53.619,121.2,0.00569,0.421,0.290333388
1554785485494,53.666,121.2,0.00569,0.421,0.290333388
1554785485554,53.726,121.3,0.00564,0.426,0.291440232
1554785485600,53.772,121.3,0.00564,0.426,0.291440232
1554785485645,53.817,121.3,0.00564,0.426,0.291440232
1554785485691,53.863,121.3,0.00564,0.426,0.291440232
1554785485755,53.927,121.3,0.00565,0.424,0.29058628
1554785485801,53.973,121.3,0.00565,0.424,0.29058628
1554785485846,54.018,121.3,0.00565,0.424,0.29058628
1554785485892,54.064,121.3,0.00565,0.424,0.29058628
1554785485955,54.127,121.3,0.00565,0.423,0.289900935
1554785486000,54.172,121.3,0.00565,0.423,0.289900935
1554785486046,54.218,121.3,0.00565,0.423,0.289900935
1554785486091,54.263,121.3,0.00565,0.423,0.289900935
1554785486155,54.327,121.3,0.00565,0.423,0.289900935
1554785486201,54.373,121.3,0.00565,0.423,0.289900935
1554785486246,54.418,121.3,0.00565,0.423,0.289900935
1554785486291,54.463,121.3,0.00565,0.423,0.289900935
1554785486355,54.527,121.3,0.00566,0.423,0.290414034
1554785486400,54.572,121.3,0.00566,0.423,0.290414034
1554785486446,54.618,121.3,0.00566,0.423,0.290414034
1554785486492,54.664,121.3,0.00566,0.423,0.290414034
1554785486554,54.726,121.4,0.00565,0.424,0.29082584
1554785486600,54.772,121.4,0.00565,0.424,0.29082584
1554785486647,54.819,121.4,0.00565,0.424,0.29082584
1554785486693,54.865,121.4,0.00565,0.424,0.29082584
1554785486755,54.927,121.4,0.00562,0.423,0.288599364
1554785486801,54.973,121.4,0.00562,0.423,0.288599364
1554785486847,55.02,121.4,0.00562,0.423,0.288599364
1554785486894,55.066,121.4,0.00562,0.423,0.288599364
1554785486955,55.127,121.3,0.00558,0.424,0.286986096
1554785487001,55.173,121.3,0.00558,0.424,0.286986096
1554785487047,55.219,121.3,0.00558,0.424,0.286986096
1554785487093,55.265,121.3,0.00558,0.424,0.286986096
1554785487154,55.326,121.3,0.0056,0.426,0.28937328
1554785487200,55.372,121.3,0.0056,0.426,0.28937328
1554785487246,55.418,121.3,0.0056,0.426,0.28937328
1554785487292,55.464,121.3,0.0056,0.426,0.28937328
1554785487355,55.527,121.3,0.00563,0.42,0.28682598
1554785487401,55.573,121.3,0.00563,0.42,0.28682598
1554785487447,55.619,121.3,0.00563,0.42,0.28682598
1554785487493,55.665,121.3,0.00563,0.42,0.28682598
1554785487554,55.726,121.3,0.00557,0.423,0.285796143
1554785487600,55.772,121.3,0.00557,0.423,0.285796143
1554785487646,55.818,121.3,0.00557,0.423,0.285796143
1554785487693,55.865,121.3,0.00557,0.423,0.285796143
1554785487755,55.927,121.3,0.00555,0.422,0.28409673
1554785487801,55.973,121.3,0.00555,0.422,0.28409673
1554785487847,56.019,121.3,0.00555,0.422,0.28409673
1554785487893,56.065,121.3,0.00555,0.422,0.28409673
1554785487954,56.126,121.3,0.00556,0.422,0.284608616
1554785488000,56.172,121.3,0.00556,0.422,0.284608616
1554785488046,56.218,121.3,0.00556,0.422,0.284608616
1554785488092,56.264,121.3,0.00556,0.422,0.284608616
1554785488155,56.327,121.3,0.00555,0.422,0.28409673
1554785488201,56.373,121.3,0.00555,0.422,0.28409673
1554785488247,56.419,121.3,0.00555,0.422,0.28409673
1554785488293,56.465,121.3,0.00555,0.422,0.28409673
1554785488354,56.526,121.3,0.00562,0.423,0.288361638
1554785488400,56.572,121.3,0.00562,0.423,0.288361638
1554785488446,56.618,121.3,0.00562,0.423,0.288361638
1554785488492,56.664,121.3,0.00562,0.423,0.288361638
1554785488555,56.727,121.3,0.00562,0.422,0.287679932
1554785488601,56.773,121.3,0.00562,0.422,0.287679932
1554785488647,56.819,121.3,0.00562,0.422,0.287679932
1554785488693,56.865,121.3,0.00562,0.422,0.287679932
1554785488755,56.927,121.3,0.00562,0.421,0.286998226
1554785488801,56.973,121.3,0.00562,0.421,0.286998226
1554785488847,57.019,121.3,0.00562,0.421,0.286998226
1554785488893,57.065,121.3,0.00562,0.421,0.286998226
1554785488954,57.127,121.2,0.00561,0.421,0.286251372
1554785489001,57.173,121.2,0.00561,0.421,0.286251372
1554785489047,57.219,121.2,0.00561,0.421,0.286251372
1554785489093,57.265,121.2,0.00561,0.421,0.286251372
1554785489154,57.326,121.2,0.00561,0.424,0.288291168
1554785489200,57.372,121.2,0.00561,0.424,0.288291168
1554785489246,57.418,121.2,0.00561,0.424,0.288291168
1554785489292,57.464,121.2,0.00561,0.424,0.288291168
1554785489355,57.527,121.2,0.00562,0.423,0.288123912
1554785489401,57.573,121.2,0.00562,0.423,0.288123912
1554785489447,57.619,121.2,0.00562,0.423,0.288123912
1554785489493,57.665,121.2,0.00562,0.423,0.288123912
1554785489554,57.726,121.3,0.00571,0.422,0.292286906
1554785489600,57.772,121.3,0.00571,0.422,0.292286906
1554785489646,57.818,121.3,0.00571,0.422,0.292286906
1554785489692,57.864,121.3,0.00571,0.422,0.292286906
1554785489754,57.926,121.3,0.0057,0.423,0.29246643
1554785489801,57.973,121.3,0.0057,0.423,0.29246643
1554785489847,58.019,121.3,0.0057,0.423,0.29246643
1554785489893,58.065,121.3,0.0057,0.423,0.29246643
1554785489954,58.126,121.3,0.00565,0.425,0.291271625
1554785490000,58.172,121.3,0.00565,0.425,0.291271625
1554785490046,58.218,121.3,0.00565,0.425,0.291271625
1554785490092,58.264,121.3,0.00565,0.425,0.291271625
1554785490155,58.327,121.3,0.00566,0.423,0.290414034
1554785490201,58.373,121.3,0.00566,0.423,0.290414034
1554785490247,58.419,121.3,0.00566,0.423,0.290414034
1554785490293,58.465,121.3,0.00566,0.423,0.290414034
1554785490354,58.526,121.3,0.00566,0.424,0.291100592
1554785490400,58.572,121.3,0.00566,0.424,0.291100592
1554785490447,58.619,121.3,0.00566,0.424,0.291100592
1554785490493,58.665,121.3,0.00566,0.424,0.291100592
1554785490555,58.727,121.3,0.00565,0.423,0.289900935
1554785490601,58.773,121.3,0.00565,0.423,0.289900935
1554785490647,58.819,121.3,0.00565,0.423,0.289900935
1554785490693,58.865,121.3,0.00565,0.423,0.289900935
1554785490755,58.927,121.3,0.00564,0.421,0.288019572
1554785490801,58.973,121.3,0.00564,0.421,0.288019572
1554785490847,59.019,121.3,0.00564,0.421,0.288019572
1554785490893,59.065,121.3,0.00564,0.421,0.288019572
1554785490954,59.126,121.3,0.00561,0.422,0.287168046
1554785491000,59.172,121.3,0.00561,0.422,0.287168046
1554785491047,59.219,121.3,0.00561,0.422,0.287168046
1554785491093,59.265,121.3,0.00561,0.422,0.287168046
1554785491154,59.326,121.3,0.00559,0.424,0.287500408
1554785491200,59.372,121.3,0.00559,0.424,0.287500408
1554785491246,59.418,121.3,0.00559,0.424,0.287500408
1554785491292,59.464,121.3,0.00559,0.424,0.287500408
1554785491354,59.526,121.3,0.00557,0.423,0.285796143
1554785491400,59.573,121.3,0.00557,0.423,0.285796143
1554785491447,59.619,121.3,0.00557,0.423,0.285796143
1554785491493,59.665,121.3,0.00557,0.423,0.285796143
1554785491554,59.726,121.3,0.00558,0.424,0.286986096
1554785491600,59.772,121.3,0.00558,0.424,0.286986096
1554785491646,59.818,121.3,0.00558,0.424,0.286986096
1554785491692,59.864,121.3,0.00558,0.424,0.286986096
1554785491755,59.927,121.3,0.00561,0.419,0.285126567
1554785491801,59.973,121.3,0.00561,0.419,0.285126567
1554785491847,60.019,121.3,0.00561,0.419,0.285126567
1554785491893,60.065,121.3,0.00561,0.419,0.285126567
1554785491954,60.126,121.3,0.00556,0.421,0.283934188
1554785492000,60.172,121.3,0.00556,0.421,0.283934188
1554785492046,60.218,121.3,0.00556,0.421,0.283934188
1554785492092,60.264,121.3,0.00556,0.421,0.283934188
1554785492155,60.327,121.3,0.00559,0.424,0.287500408
1554785492201,60.373,121.3,0.00559,0.424,0.287500408
1554785492247,60.419,121.3,0.00559,0.424,0.287500408
1554785492293,60.465,121.3,0.00559,0.424,0.287500408
1554785492354,60.526,121.3,0.00558,0.422,0.285632388
1554785492400,60.572,121.3,0.00558,0.422,0.285632388
1554785492447,60.619,121.3,0.00558,0.422,0.285632388
1554785492493,60.665,121.3,0.00558,0.422,0.285632388
1554785492555,60.727,121.3,0.00563,0.422,0.288191818
1554785492601,60.773,121.3,0.00563,0.422,0.288191818
1554785492647,60.819,121.3,0.00563,0.422,0.288191818
1554785492693,60.865,121.3,0.00563,0.422,0.288191818
1554785492755,60.927,121.3,0.00559,0.421,0.285466207
1554785492801,60.973,121.3,0.00559,0.421,0.285466207
1554785492847,61.019,121.3,0.00559,0.421,0.285466207
1554785492893,61.065,121.3,0.00559,0.421,0.285466207
1554785492954,61.126,121.2,0.00561,0.423,0.287611236
1554785493000,61.172,121.2,0.00561,0.423,0.287611236
1554785493046,61.218,121.2,0.00561,0.423,0.287611236
1554785493092,61.264,121.2,0.00561,0.423,0.287611236
1554785493154,61.326,121.2,0.00563,0.422,0.287954232
1554785493200,61.372,121.2,0.00563,0.422,0.287954232
1554785493247,61.419,121.2,0.00563,0.422,0.287954232
1554785493293,61.465,121.2,0.00563,0.422,0.287954232
1554785493354,61.526,121.2,0.00712,0.435,0.37538064
1554785493400,61.572,121.2,0.00712,0.435,0.37538064
1554785493446,61.618,121.2,0.00712,0.435,0.37538064
1554785493492,61.664,121.2,0.00712,0.435,0.37538064
1554785493554,61.727,121.3,0.00727,0.436,0.384487036
1554785493601,61.773,121.3,0.00727,0.436,0.384487036
1554785493647,61.819,121.3,0.00727,0.436,0.384487036
1554785493693,61.865,121.3,0.00727,0.436,0.384487036
1554785493754,61.926,121.3,0.00728,0.436,0.385015904
1554785493800,61.972,121.3,0.00728,0.436,0.385015904
1554785493846,62.018,121.3,0.00728,0.436,0.385015904
1554785493892,62.064,121.3,0.00728,0.436,0.385015904
1554785493955,62.127,121.3,0.00735,0.431,0.384260205
1554785494001,62.173,121.3,0.00735,0.431,0.384260205
1554785494047,62.219,121.3,0.00735,0.431,0.384260205
1554785494093,62.265,121.3,0.00735,0.431,0.384260205
1554785494154,62.326,121.3,0.00728,0.433,0.382366712
1554785494200,62.372,121.3,0.00728,0.433,0.382366712
1554785494246,62.418,121.3,0.00728,0.433,0.382366712
1554785494293,62.465,121.3,0.00728,0.433,0.382366712
1554785494355,62.527,121.3,0.00725,0.437,0.384308725
1554785494401,62.573,121.3,0.00725,0.437,0.384308725
1554785494447,62.619,121.3,0.00725,0.437,0.384308725
1554785494493,62.665,121.3,0.00725,0.437,0.384308725
1554785494554,62.726,121.3,0.00726,0.437,0.384838806
1554785494600,62.772,121.3,0.00726,0.437,0.384838806
1554785494646,62.818,121.3,0.00726,0.437,0.384838806
1554785494692,62.864,121.3,0.00726,0.437,0.384838806
1554785494755,62.927,121.3,0.00726,0.434,0.382196892
1554785494801,62.973,121.3,0.00726,0.434,0.382196892
1554785494847,63.019,121.3,0.00726,0.434,0.382196892
1554785494893,63.065,121.3,0.00726,0.434,0.382196892
1554785494954,63.126,121.3,0.00723,0.436,0.382371564
1554785495000,63.172,121.3,0.00723,0.436,0.382371564
1554785495046,63.218,121.3,0.00723,0.436,0.382371564
1554785495092,63.264,121.3,0.00723,0.436,0.382371564
1554785495155,63.327,121.3,0.0072,0.435,0.3799116
1554785495201,63.373,121.3,0.0072,0.435,0.3799116
1554785495247,63.419,121.3,0.0072,0.435,0.3799116
1554785495293,63.465,121.3,0.0072,0.435,0.3799116
1554785495354,63.526,121.3,0.00671,0.431,0.350800813
1554785495401,63.573,121.3,0.00671,0.431,0.350800813
1554785495447,63.619,121.3,0.00671,0.431,0.350800813
1554785495493,63.665,121.3,0.00671,0.431,0.350800813
1554785495554,63.726,121.3,0.00664,0.429,0.345530328
1554785495599,63.772,121.3,0.00664,0.429,0.345530328
1554785495646,63.818,121.3,0.00664,0.429,0.345530328
1554785495692,63.864,121.3,0.00664,0.429,0.345530328
1554785495754,63.926,121.3,0.00661,0.432,0.346374576
1554785495800,63.972,121.3,0.00661,0.432,0.346374576
1554785495846,64.018,121.3,0.00661,0.432,0.346374576
1554785495893,64.065,121.3,0.00661,0.432,0.346374576
1554785495954,64.126,121.3,0.0066,0.429,0.34344882
1554785496000,64.172,121.3,0.0066,0.429,0.34344882
1554785496046,64.218,121.3,0.0066,0.429,0.34344882
1554785496092,64.264,121.3,0.0066,0.429,0.34344882
1554785496154,64.326,121.3,0.00663,0.429,0.345009951
1554785496200,64.372,121.3,0.00663,0.429,0.345009951
1554785496246,64.418,121.3,0.00663,0.429,0.345009951
1554785496293,64.465,121.3,0.00663,0.429,0.345009951
1554785496355,64.527,121.3,0.00663,0.431,0.346618389
1554785496401,64.573,121.3,0.00663,0.431,0.346618389
1554785496447,64.619,121.3,0.00663,0.431,0.346618389
1554785496493,64.665,121.3,0.00663,0.431,0.346618389
1554785496554,64.726,121.3,0.00664,0.432,0.347946624
1554785496601,64.773,121.3,0.00664,0.432,0.347946624
1554785496647,64.819,121.3,0.00664,0.432,0.347946624
1554785496693,64.865,121.3,0.00664,0.432,0.347946624
1554785496754,64.926,121.3,0.00664,0.431,0.347141192
1554785496799,64.971,121.3,0.00664,0.431,0.347141192
1554785496846,65.018,121.3,0.00664,0.431,0.347141192
1554785496892,65.064,121.3,0.00664,0.431,0.347141192
1554785496954,65.126,121.3,0.00662,0.431,0.346095586
1554785497000,65.172,121.3,0.00662,0.431,0.346095586
1554785497046,65.218,121.3,0.00662,0.431,0.346095586
1554785497092,65.264,121.3,0.00662,0.431,0.346095586
1554785497155,65.327,121.2,0.00662,0.432,0.346612608
1554785497201,65.373,121.2,0.00662,0.432,0.346612608
1554785497247,65.419,121.2,0.00662,0.432,0.346612608
1554785497293,65.465,121.2,0.00662,0.432,0.346612608
1554785497354,65.526,121.2,0.00668,0.431,0.348944496
1554785497400,65.572,121.2,0.00668,0.431,0.348944496
1554785497446,65.618,121.2,0.00668,0.431,0.348944496
1554785497492,65.664,121.2,0.00668,0.431,0.348944496
1554785497555,65.727,121.3,0.00669,0.433,0.351378201
1554785497601,65.773,121.3,0.00669,0.433,0.351378201
1554785497647,65.819,121.3,0.00669,0.433,0.351378201
1554785497693,65.865,121.3,0.00669,0.433,0.351378201
1554785497754,65.926,121.3,0.00671,0.43,0.34998689
1554785497800,65.972,121.3,0.00671,0.43,0.34998689
1554785497846,66.018,121.3,0.00671,0.43,0.34998689
1554785497892,66.064,121.3,0.00671,0.43,0.34998689
1554785497955,66.127,121.3,0.00673,0.43,0.35103007
1554785498001,66.173,121.3,0.00673,0.43,0.35103007
1554785498047,66.219,121.3,0.00673,0.43,0.35103007
1554785498093,66.265,121.3,0.00673,0.43,0.35103007
1554785498154,66.326,121.2,0.00674,0.429,0.350444952
1554785498200,66.372,121.2,0.00674,0.429,0.350444952
1554785498246,66.418,121.2,0.00674,0.429,0.350444952
1554785498292,66.464,121.2,0.00674,0.429,0.350444952
1554785498355,66.527,121.3,0.00671,0.43,0.34998689
1554785498401,66.573,121.3,0.00671,0.43,0.34998689
1554785498447,66.619,121.3,0.00671,0.43,0.34998689
1554785498493,66.665,121.3,0.00671,0.43,0.34998689
1554785498554,66.726,121.3,0.00669,0.431,0.349755207
1554785498600,66.772,121.3,0.00669,0.431,0.349755207
1554785498646,66.818,121.3,0.00669,0.431,0.349755207
1554785498692,66.864,121.3,0.00669,0.431,0.349755207
1554785498754,66.926,121.3,0.00668,0.431,0.349232404
1554785498800,66.972,121.3,0.00668,0.431,0.349232404
1554785498846,67.018,121.3,0.00668,0.431,0.349232404
1554785498893,67.065,121.3,0.00668,0.431,0.349232404
1554785498954,67.126,121.3,0.00665,0.431,0.347663995
1554785499000,67.172,121.3,0.00665,0.431,0.347663995
1554785499046,67.218,121.3,0.00665,0.431,0.347663995
1554785499092,67.264,121.3,0.00665,0.431,0.347663995
1554785499154,67.326,121.3,0.00666,0.429,0.346571082
1554785499201,67.373,121.3,0.00666,0.429,0.346571082
1554785499247,67.419,121.3,0.00666,0.429,0.346571082
1554785499293,67.465,121.3,0.00666,0.429,0.346571082
1554785499354,67.526,121.3,0.00664,0.43,0.34633576
1554785499400,67.572,121.3,0.00664,0.43,0.34633576
1554785499446,67.618,121.3,0.00664,0.43,0.34633576
1554785499492,67.664,121.3,0.00664,0.43,0.34633576
1554785499555,67.727,121.3,0.00665,0.431,0.347663995
1554785499601,67.773,121.3,0.00665,0.431,0.347663995
1554785499647,67.819,121.3,0.00665,0.431,0.347663995
1554785499693,67.865,121.3,0.00665,0.431,0.347663995
1554785499754,67.926,121.4,0.00664,0.427,0.344202992
1554785499800,67.972,121.4,0.00664,0.427,0.344202992
1554785499846,68.018,121.4,0.00664,0.427,0.344202992
1554785499892,68.064,121.4,0.00664,0.427,0.344202992
1554785499954,68.127,121.3,0.00661,0.43,0.34477099
1554785500001,68.173,121.3,0.00661,0.43,0.34477099
1554785500047,68.219,121.3,0.00661,0.43,0.34477099
1554785500093,68.265,121.3,0.00661,0.43,0.34477099
1554785500154,68.326,121.3,0.00664,0.427,0.343919464
1554785500201,68.373,121.3,0.00664,0.427,0.343919464
1554785500247,68.419,121.3,0.00664,0.427,0.343919464
1554785500293,68.465,121.3,0.00664,0.427,0.343919464
1554785500354,68.526,121.2,0.00665,0.426,0.34334748
1554785500400,68.572,121.2,0.00665,0.426,0.34334748
1554785500446,68.618,121.2,0.00665,0.426,0.34334748
1554785500492,68.664,121.2,0.00665,0.426,0.34334748
1554785500554,68.726,121.2,0.00669,0.429,0.347845212
1554785500600,68.772,121.2,0.00669,0.429,0.347845212
1554785500646,68.818,121.2,0.00669,0.429,0.347845212
1554785500692,68.864,121.2,0.00669,0.429,0.347845212
1554785500755,68.927,121.3,0.00665,0.429,0.346050705
1554785500801,68.973,121.3,0.00665,0.429,0.346050705
1554785500847,69.019,121.3,0.00665,0.429,0.346050705
1554785500893,69.065,121.3,0.00665,0.429,0.346050705
1554785500954,69.126,121.2,0.00665,0.428,0.34495944
1554785501000,69.172,121.2,0.00665,0.428,0.34495944
1554785501046,69.218,121.2,0.00665,0.428,0.34495944
1554785501092,69.264,121.2,0.00665,0.428,0.34495944
1554785501154,69.326,121.2,0.00667,0.429,0.346805316
1554785501201,69.373,121.2,0.00667,0.429,0.346805316
1554785501247,69.419,121.2,0.00667,0.429,0.346805316
1554785501293,69.465,121.2,0.00667,0.429,0.346805316
1554785501354,69.526,121.2,0.0067,0.43,0.3491772
1554785501400,69.572,121.2,0.0067,0.43,0.3491772
1554785501447,69.619,121.2,0.0067,0.43,0.3491772
1554785501493,69.665,121.2,0.0067,0.43,0.3491772
1554785501554,69.726,121.2,0.0067,0.429,0.34836516
1554785501600,69.772,121.2,0.0067,0.429,0.34836516
1554785501646,69.818,121.2,0.0067,0.429,0.34836516
1554785501692,69.864,121.2,0.0067,0.429,0.34836516
1554785501754,69.926,121.2,0.00673,0.429,0.349925004
1554785501799,69.972,121.2,0.00673,0.429,0.349925004
1554785501845,70.017,121.2,0.00673,0.429,0.349925004
1554785501891,70.063,121.2,0.00673,0.429,0.349925004
1554785501954,70.126,121.3,0.00669,0.431,0.349755207
1554785501999,70.172,121.3,0.00669,0.431,0.349755207
1554785502046,70.218,121.3,0.00669,0.431,0.349755207
1554785502092,70.264,121.3,0.00669,0.431,0.349755207
1554785502154,70.326,121.2,0.00672,0.429,0.349405056
1554785502200,70.372,121.2,0.00672,0.429,0.349405056
1554785502246,70.418,121.2,0.00672,0.429,0.349405056
1554785502293,70.465,121.2,0.00672,0.429,0.349405056
1554785502354,70.526,121.2,0.00676,0.428,0.350665536
1554785502400,70.572,121.2,0.00676,0.428,0.350665536
1554785502446,70.618,121.2,0.00676,0.428,0.350665536
1554785502492,70.664,121.2,0.00676,0.428,0.350665536
1554785502554,70.726,121.3,0.00671,0.43,0.34998689
1554785502600,70.772,121.3,0.00671,0.43,0.34998689
1554785502646,70.819,121.3,0.00671,0.43,0.34998689
1554785502693,70.865,121.3,0.00671,0.43,0.34998689
1554785502754,70.926,121.3,0.00669,0.431,0.349755207
1554785502800,70.972,121.3,0.00669,0.431,0.349755207
1554785502846,71.018,121.3,0.00669,0.431,0.349755207
1554785502892,71.064,121.3,0.00669,0.431,0.349755207
1554785502954,71.126,121.3,0.00665,0.43,0.34685735
1554785503000,71.172,121.3,0.00665,0.43,0.34685735
1554785503046,71.218,121.3,0.00665,0.43,0.34685735
1554785503093,71.265,121.3,0.00665,0.43,0.34685735
1554785503154,71.326,121.3,0.00666,0.432,0.348994656
1554785503200,71.372,121.3,0.00666,0.432,0.348994656
1554785503246,71.418,121.3,0.00666,0.432,0.348994656
1554785503292,71.464,121.3,0.00666,0.432,0.348994656
1554785503354,71.526,121.3,0.00665,0.431,0.347663995
1554785503401,71.573,121.3,0.00665,0.431,0.347663995
1554785503447,71.619,121.3,0.00665,0.431,0.347663995
1554785503493,71.665,121.3,0.00665,0.431,0.347663995
1554785503554,71.726,121.3,0.00663,0.432,0.347422608
1554785503600,71.772,121.3,0.00663,0.432,0.347422608
1554785503646,71.818,121.3,0.00663,0.432,0.347422608
1554785503692,71.864,121.3,0.00663,0.432,0.347422608
1554785503753,71.926,121.4,0.00663,0.431,0.346904142
1554785503799,71.971,121.4,0.00663,0.431,0.346904142
1554785503846,72.018,121.4,0.00663,0.431,0.346904142
1554785503892,72.064,121.4,0.00663,0.431,0.346904142
1554785503954,72.126,121.4,0.0066,0.43,0.3445332
1554785504000,72.172,121.4,0.0066,0.43,0.3445332
1554785504046,72.218,121.4,0.0066,0.43,0.3445332
1554785504092,72.264,121.4,0.0066,0.43,0.3445332
1554785504154,72.326,121.3,0.00661,0.432,0.346374576
1554785504200,72.372,121.3,0.00661,0.432,0.346374576
1554785504246,72.418,121.3,0.00661,0.432,0.346374576
1554785504292,72.464,121.3,0.00661,0.432,0.346374576
1554785504354,72.526,121.3,0.00664,0.43,0.34633576
1554785504400,72.572,121.3,0.00664,0.43,0.34633576
1554785504446,72.618,121.3,0.00664,0.43,0.34633576
1554785504492,72.664,121.3,0.00664,0.43,0.34633576
1554785504554,72.726,121.3,0.00665,0.429,0.346050705
1554785504600,72.773,121.3,0.00665,0.429,0.346050705
1554785504647,72.819,121.3,0.00665,0.429,0.346050705
1554785504693,72.865,121.3,0.00665,0.429,0.346050705
1554785504754,72.926,121.3,0.00665,0.431,0.347663995
1554785504800,72.972,121.3,0.00665,0.431,0.347663995
1554785504846,73.018,121.3,0.00665,0.431,0.347663995
1554785504892,73.064,121.3,0.00665,0.431,0.347663995
1554785504953,73.125,121.3,0.00667,0.431,0.348709601
1554785504999,73.171,121.3,0.00667,0.431,0.348709601
1554785505045,73.217,121.3,0.00667,0.431,0.348709601
1554785505092,73.264,121.3,0.00667,0.431,0.348709601
1554785505154,73.326,121.3,0.00665,0.43,0.34685735
1554785505200,73.372,121.3,0.00665,0.43,0.34685735
1554785505246,73.418,121.3,0.00665,0.43,0.34685735
1554785505292,73.464,121.3,0.00665,0.43,0.34685735
1554785505354,73.526,121.2,0.00668,0.431,0.348944496
1554785505400,73.572,121.2,0.00668,0.431,0.348944496
1554785505446,73.618,121.2,0.00668,0.431,0.348944496
1554785505493,73.665,121.2,0.00668,0.431,0.348944496
1554785505554,73.726,121.3,0.00671,0.43,0.34998689
You pressed Ctrl+C!
