# Mon Apr 08 21:42:55 2019
abstime,time_stamp,volt,curr,pf,mul
1554784975377,0.081,121.2,0.00622,0.428,0.322653792
1554784975424,0.128,121.2,0.00565,0.422,0.28897716
1554784975470,0.174,121.2,0.00565,0.422,0.28897716
1554784975516,0.22,121.2,0.00565,0.422,0.28897716
1554784975561,0.265,121.2,0.00565,0.422,0.28897716
1554784975607,0.311,121.2,0.00565,0.424,0.29034672
1554784975653,0.357,121.2,0.00565,0.424,0.29034672
1554784975699,0.403,121.2,0.00565,0.424,0.29034672
1554784975744,0.448,121.2,0.00565,0.424,0.29034672
1554784975798,0.502,121.2,0.00563,0.424,0.289318944
1554784975844,0.548,121.2,0.00563,0.424,0.289318944
1554784975889,0.593,121.2,0.00563,0.424,0.289318944
1554784975935,0.639,121.2,0.00563,0.424,0.289318944
1554784975999,0.703,121.2,0.00569,0.422,0.291023016
1554784976045,0.749,121.2,0.00569,0.422,0.291023016
1554784976091,0.795,121.2,0.00569,0.422,0.291023016
1554784976137,0.841,121.2,0.00569,0.422,0.291023016
1554784976198,0.902,121.2,0.00563,0.42,0.28658952
1554784976244,0.948,121.2,0.00563,0.42,0.28658952
1554784976290,0.994,121.2,0.00563,0.42,0.28658952
1554784976336,1.04,121.2,0.00563,0.42,0.28658952
1554784976399,1.103,121.2,0.00567,0.421,0.289312884
1554784976445,1.149,121.2,0.00567,0.421,0.289312884
1554784976491,1.195,121.2,0.00567,0.421,0.289312884
1554784976537,1.241,121.2,0.00567,0.421,0.289312884
1554784976598,1.302,121.3,0.00565,0.423,0.289900935
1554784976644,1.348,121.3,0.00565,0.423,0.289900935
1554784976690,1.394,121.3,0.00565,0.423,0.289900935
1554784976736,1.44,121.3,0.00565,0.423,0.289900935
1554784976798,1.502,121.3,0.00568,0.424,0.292129216
1554784976845,1.549,121.3,0.00568,0.424,0.292129216
1554784976891,1.595,121.3,0.00568,0.424,0.292129216
1554784976937,1.641,121.3,0.00568,0.424,0.292129216
1554784976998,1.702,121.3,0.00567,0.424,0.291614904
1554784977044,1.748,121.3,0.00567,0.424,0.291614904
1554784977090,1.794,121.3,0.00567,0.424,0.291614904
1554784977136,1.84,121.3,0.00567,0.424,0.291614904
1554784977198,1.902,121.3,0.00573,0.419,0.291225531
1554784977245,1.949,121.3,0.00573,0.419,0.291225531
1554784977291,1.995,121.3,0.00573,0.419,0.291225531
1554784977337,2.041,121.3,0.00573,0.419,0.291225531
1554784977398,2.102,121.3,0.00569,0.421,0.290572937
1554784977444,2.148,121.3,0.00569,0.421,0.290572937
1554784977490,2.194,121.3,0.00569,0.421,0.290572937
1554784977536,2.24,121.3,0.00569,0.421,0.290572937
1554784977599,2.303,121.3,0.00569,0.422,0.291263134
1554784977645,2.349,121.3,0.00569,0.422,0.291263134
1554784977691,2.395,121.3,0.00569,0.422,0.291263134
1554784977737,2.441,121.3,0.00569,0.422,0.291263134
1554784977798,2.502,121.3,0.0057,0.423,0.29246643
1554784977844,2.548,121.3,0.0057,0.423,0.29246643
1554784977890,2.595,121.3,0.0057,0.423,0.29246643
1554784977937,2.641,121.3,0.0057,0.423,0.29246643
1554784977998,2.702,121.3,0.00575,0.421,0.293636975
1554784978043,2.748,121.3,0.00575,0.421,0.293636975
1554784978090,2.794,121.3,0.00575,0.421,0.293636975
1554784978136,2.84,121.3,0.00575,0.421,0.293636975
1554784978198,2.902,121.2,0.00573,0.421,0.292374396
1554784978245,2.949,121.2,0.00573,0.421,0.292374396
1554784978291,2.995,121.2,0.00573,0.421,0.292374396
1554784978337,3.041,121.2,0.00573,0.421,0.292374396
1554784978398,3.102,121.2,0.00573,0.423,0.293763348
1554784978444,3.148,121.2,0.00573,0.423,0.293763348
1554784978490,3.194,121.2,0.00573,0.423,0.293763348
1554784978536,3.24,121.2,0.00573,0.423,0.293763348
1554784978598,3.302,121.2,0.00572,0.423,0.293250672
1554784978644,3.348,121.2,0.00572,0.423,0.293250672
1554784978690,3.394,121.2,0.00572,0.423,0.293250672
1554784978736,3.44,121.2,0.00572,0.423,0.293250672
1554784978798,3.502,121.2,0.00569,0.423,0.291712644
1554784978844,3.548,121.2,0.00569,0.423,0.291712644
1554784978891,3.595,121.2,0.00569,0.423,0.291712644
1554784978937,3.641,121.2,0.00569,0.423,0.291712644
1554784978998,3.702,121.2,0.00567,0.426,0.292748904
1554784979043,3.748,121.2,0.00567,0.426,0.292748904
1554784979090,3.794,121.2,0.00567,0.426,0.292748904
1554784979136,3.84,121.2,0.00567,0.426,0.292748904
1554784979198,3.902,121.2,0.00567,0.424,0.291374496
1554784979244,3.949,121.2,0.00567,0.424,0.291374496
1554784979291,3.995,121.2,0.00567,0.424,0.291374496
1554784979337,4.041,121.2,0.00567,0.424,0.291374496
1554784979398,4.102,121.2,0.00565,0.422,0.28897716
1554784979444,4.148,121.2,0.00565,0.422,0.28897716
1554784979490,4.194,121.2,0.00565,0.422,0.28897716
1554784979536,4.24,121.2,0.00565,0.422,0.28897716
1554784979598,4.302,121.2,0.00566,0.424,0.290860608
1554784979643,4.347,121.2,0.00566,0.424,0.290860608
1554784979689,4.393,121.2,0.00566,0.424,0.290860608
1554784979735,4.439,121.2,0.00566,0.424,0.290860608
1554784979798,4.502,121.2,0.0057,0.421,0.29084364
1554784979844,4.548,121.2,0.0057,0.421,0.29084364
1554784979890,4.594,121.2,0.0057,0.421,0.29084364
1554784979936,4.64,121.2,0.0057,0.421,0.29084364
1554784979998,4.702,121.2,0.00568,0.422,0.290511552
1554784980045,4.749,121.2,0.00568,0.422,0.290511552
1554784980091,4.795,121.2,0.00568,0.422,0.290511552
1554784980137,4.841,121.2,0.00568,0.422,0.290511552
1554784980198,4.902,121.2,0.00563,0.423,0.288636588
1554784980244,4.948,121.2,0.00563,0.423,0.288636588
1554784980290,4.994,121.2,0.00563,0.423,0.288636588
1554784980336,5.041,121.2,0.00563,0.423,0.288636588
1554784980397,5.102,121.2,0.00559,0.424,0.287263392
1554784980443,5.147,121.2,0.00559,0.424,0.287263392
1554784980489,5.194,121.2,0.00559,0.424,0.287263392
1554784980536,5.24,121.2,0.00559,0.424,0.287263392
1554784980598,5.302,121.2,0.00562,0.424,0.288805056
1554784980644,5.348,121.2,0.00562,0.424,0.288805056
1554784980690,5.394,121.2,0.00562,0.424,0.288805056
1554784980736,5.44,121.2,0.00562,0.424,0.288805056
1554784980797,5.501,121.2,0.00564,0.425,0.2905164
1554784980843,5.547,121.2,0.00564,0.425,0.2905164
1554784980889,5.593,121.2,0.00564,0.425,0.2905164
1554784980935,5.639,121.2,0.00564,0.425,0.2905164
1554784980998,5.702,121.3,0.00562,0.425,0.28972505
1554784981043,5.747,121.3,0.00562,0.425,0.28972505
1554784981089,5.793,121.3,0.00562,0.425,0.28972505
1554784981135,5.839,121.3,0.00562,0.425,0.28972505
1554784981198,5.902,121.3,0.00562,0.426,0.290406756
1554784981244,5.948,121.3,0.00562,0.426,0.290406756
1554784981290,5.994,121.3,0.00562,0.426,0.290406756
1554784981336,6.04,121.3,0.00562,0.426,0.290406756
1554784981397,6.101,121.2,0.00568,0.422,0.290511552
1554784981443,6.147,121.2,0.00568,0.422,0.290511552
1554784981489,6.193,121.2,0.00568,0.422,0.290511552
1554784981534,6.238,121.2,0.00568,0.422,0.290511552
1554784981598,6.302,121.3,0.00571,0.42,0.29090166
1554784981644,6.348,121.3,0.00571,0.42,0.29090166
1554784981690,6.394,121.3,0.00571,0.42,0.29090166
1554784981736,6.44,121.3,0.00571,0.42,0.29090166
1554784981798,6.502,121.2,0.00572,0.421,0.291864144
1554784981844,6.548,121.2,0.00572,0.421,0.291864144
1554784981890,6.594,121.2,0.00572,0.421,0.291864144
1554784981936,6.64,121.2,0.00572,0.421,0.291864144
1554784981997,6.701,121.2,0.00573,0.42,0.29167992
1554784982043,6.747,121.2,0.00573,0.42,0.29167992
1554784982089,6.793,121.2,0.00573,0.42,0.29167992
1554784982135,6.839,121.2,0.00573,0.42,0.29167992
1554784982198,6.902,121.2,0.0057,0.422,0.29153448
1554784982244,6.948,121.2,0.0057,0.422,0.29153448
1554784982290,6.994,121.2,0.0057,0.422,0.29153448
1554784982336,7.04,121.2,0.0057,0.422,0.29153448
1554784982398,7.102,121.2,0.0057,0.425,0.293607
1554784982444,7.149,121.2,0.0057,0.425,0.293607
1554784982491,7.195,121.2,0.0057,0.425,0.293607
1554784982537,7.241,121.2,0.0057,0.425,0.293607
1554784982598,7.302,121.2,0.00569,0.423,0.291712644
1554784982644,7.348,121.2,0.00569,0.423,0.291712644
1554784982690,7.394,121.2,0.00569,0.423,0.291712644
1554784982736,7.44,121.2,0.00569,0.423,0.291712644
1554784982797,7.501,121.2,0.00573,0.42,0.29167992
1554784982843,7.547,121.2,0.00573,0.42,0.29167992
1554784982889,7.593,121.2,0.00573,0.42,0.29167992
1554784982935,7.64,121.2,0.00573,0.42,0.29167992
1554784982998,7.702,121.2,0.00571,0.42,0.29066184
1554784983044,7.748,121.2,0.00571,0.42,0.29066184
1554784983090,7.794,121.2,0.00571,0.42,0.29066184
1554784983136,7.84,121.2,0.00571,0.42,0.29066184
1554784983197,7.901,121.2,0.00568,0.422,0.290511552
1554784983243,7.947,121.2,0.00568,0.422,0.290511552
1554784983289,7.993,121.2,0.00568,0.422,0.290511552
1554784983335,8.04,121.2,0.00568,0.422,0.290511552
1554784983398,8.102,121.2,0.00565,0.423,0.28966194
1554784983444,8.148,121.2,0.00565,0.423,0.28966194
1554784983490,8.194,121.2,0.00565,0.423,0.28966194
1554784983536,8.24,121.2,0.00565,0.423,0.28966194
1554784983597,8.301,121.2,0.00565,0.423,0.28966194
1554784983643,8.347,121.2,0.00565,0.423,0.28966194
1554784983689,8.393,121.2,0.00565,0.423,0.28966194
1554784983735,8.439,121.2,0.00565,0.423,0.28966194
1554784983797,8.501,121.2,0.00565,0.422,0.28897716
1554784983844,8.548,121.2,0.00565,0.422,0.28897716
1554784983890,8.594,121.2,0.00565,0.422,0.28897716
1554784983936,8.64,121.2,0.00565,0.422,0.28897716
1554784983997,8.701,121.2,0.00567,0.42,0.28862568
1554784984043,8.747,121.2,0.00567,0.42,0.28862568
1554784984089,8.793,121.2,0.00567,0.42,0.28862568
1554784984135,8.839,121.2,0.00567,0.42,0.28862568
1554784984197,8.901,121.2,0.00567,0.421,0.289312884
1554784984243,8.947,121.2,0.00567,0.421,0.289312884
1554784984290,8.994,121.2,0.00567,0.421,0.289312884
1554784984336,9.04,121.2,0.00567,0.421,0.289312884
1554784984398,9.102,121.2,0.00562,0.42,0.28608048
1554784984444,9.148,121.2,0.00562,0.42,0.28608048
1554784984490,9.194,121.2,0.00562,0.42,0.28608048
1554784984536,9.24,121.2,0.00562,0.42,0.28608048
1554784984597,9.301,121.3,0.00563,0.425,0.290240575
1554784984643,9.347,121.3,0.00563,0.425,0.290240575
1554784984689,9.393,121.3,0.00563,0.425,0.290240575
1554784984735,9.439,121.3,0.00563,0.425,0.290240575
1554784984798,9.502,121.2,0.00563,0.422,0.287954232
1554784984844,9.548,121.2,0.00563,0.422,0.287954232
1554784984890,9.594,121.2,0.00563,0.422,0.287954232
1554784984936,9.64,121.2,0.00563,0.422,0.287954232
1554784984997,9.701,121.2,0.00561,0.423,0.287611236
1554784985043,9.747,121.2,0.00561,0.423,0.287611236
1554784985089,9.793,121.2,0.00561,0.423,0.287611236
1554784985135,9.839,121.2,0.00561,0.423,0.287611236
1554784985198,9.902,121.2,0.00565,0.421,0.28829238
1554784985244,9.948,121.2,0.00565,0.421,0.28829238
1554784985290,9.994,121.2,0.00565,0.421,0.28829238
1554784985336,10.04,121.2,0.00565,0.421,0.28829238
1554784985397,10.101,121.1,0.00569,0.421,0.290093839
1554784985443,10.147,121.1,0.00569,0.421,0.290093839
1554784985489,10.193,121.1,0.00569,0.421,0.290093839
1554784985535,10.239,121.1,0.00569,0.421,0.290093839
1554784985597,10.301,121.1,0.00568,0.422,0.290271856
1554784985644,10.348,121.1,0.00568,0.422,0.290271856
1554784985690,10.394,121.1,0.00568,0.422,0.290271856
1554784985736,10.44,121.1,0.00568,0.422,0.290271856
1554784985797,10.501,121.2,0.0057,0.422,0.29153448
1554784985843,10.547,121.2,0.0057,0.422,0.29153448
1554784985889,10.593,121.2,0.0057,0.422,0.29153448
1554784985935,10.639,121.2,0.0057,0.422,0.29153448
1554784985998,10.702,121.2,0.00568,0.426,0.293265216
1554784986044,10.748,121.2,0.00568,0.426,0.293265216
1554784986090,10.794,121.2,0.00568,0.426,0.293265216
1554784986136,10.84,121.2,0.00568,0.426,0.293265216
1554784986197,10.901,121.2,0.0057,0.424,0.29291616
1554784986243,10.947,121.2,0.0057,0.424,0.29291616
1554784986289,10.993,121.2,0.0057,0.424,0.29291616
1554784986335,11.039,121.2,0.0057,0.424,0.29291616
1554784986397,11.102,121.2,0.00569,0.422,0.291023016
1554784986444,11.148,121.2,0.00569,0.422,0.291023016
1554784986490,11.194,121.2,0.00569,0.422,0.291023016
1554784986536,11.24,121.2,0.00569,0.422,0.291023016
1554784986597,11.301,121.2,0.00568,0.423,0.291199968
1554784986643,11.347,121.2,0.00568,0.423,0.291199968
1554784986689,11.393,121.2,0.00568,0.423,0.291199968
1554784986735,11.439,121.2,0.00568,0.423,0.291199968
1554784986798,11.502,121.2,0.0057,0.424,0.29291616
1554784986844,11.548,121.2,0.0057,0.424,0.29291616
1554784986890,11.594,121.2,0.0057,0.424,0.29291616
1554784986936,11.64,121.2,0.0057,0.424,0.29291616
1554784986997,11.701,121.2,0.00568,0.424,0.291888384
1554784987043,11.747,121.2,0.00568,0.424,0.291888384
1554784987089,11.793,121.2,0.00568,0.424,0.291888384
1554784987135,11.839,121.2,0.00568,0.424,0.291888384
1554784987198,11.902,121.3,0.00567,0.42,0.28886382
1554784987244,11.948,121.3,0.00567,0.42,0.28886382
1554784987290,11.994,121.3,0.00567,0.42,0.28886382
1554784987336,12.04,121.3,0.00567,0.42,0.28886382
1554784987397,12.101,121.2,0.00565,0.42,0.2876076
1554784987442,12.147,121.2,0.00565,0.42,0.2876076
1554784987488,12.193,121.2,0.00565,0.42,0.2876076
1554784987535,12.239,121.2,0.00565,0.42,0.2876076
1554784987597,12.301,121.2,0.00566,0.42,0.28811664
1554784987643,12.347,121.2,0.00566,0.42,0.28811664
1554784987689,12.393,121.2,0.00566,0.42,0.28811664
1554784987736,12.44,121.2,0.00566,0.42,0.28811664
1554784987797,12.501,121.2,0.00566,0.421,0.288802632
1554784987843,12.547,121.2,0.00566,0.421,0.288802632
1554784987888,12.592,121.2,0.00566,0.421,0.288802632
1554784987935,12.639,121.2,0.00566,0.421,0.288802632
1554784987997,12.701,121.2,0.00566,0.421,0.288802632
1554784988043,12.747,121.2,0.00566,0.421,0.288802632
1554784988089,12.793,121.2,0.00566,0.421,0.288802632
1554784988135,12.839,121.2,0.00566,0.421,0.288802632
1554784988198,12.902,121.3,0.00566,0.419,0.287667802
1554784988244,12.948,121.3,0.00566,0.419,0.287667802
1554784988290,12.994,121.3,0.00566,0.419,0.287667802
1554784988336,13.04,121.3,0.00566,0.419,0.287667802
1554784988397,13.101,121.3,0.00561,0.419,0.285126567
1554784988443,13.147,121.3,0.00561,0.419,0.285126567
1554784988489,13.193,121.3,0.00561,0.419,0.285126567
1554784988535,13.239,121.3,0.00561,0.419,0.285126567
1554784988597,13.302,121.2,0.00565,0.42,0.2876076
1554784988644,13.348,121.2,0.00565,0.42,0.2876076
1554784988690,13.394,121.2,0.00565,0.42,0.2876076
1554784988736,13.44,121.2,0.00565,0.42,0.2876076
1554784988797,13.501,121.2,0.00562,0.421,0.286761624
1554784988843,13.547,121.2,0.00562,0.421,0.286761624
1554784988889,13.593,121.2,0.00562,0.421,0.286761624
1554784988935,13.639,121.2,0.00562,0.421,0.286761624
1554784988997,13.701,121.3,0.00565,0.422,0.28921559
1554784989043,13.748,121.3,0.00565,0.422,0.28921559
1554784989091,13.795,121.3,0.00565,0.422,0.28921559
1554784989137,13.841,121.3,0.00565,0.422,0.28921559
1554784989197,13.901,121.3,0.00566,0.422,0.289727476
1554784989243,13.947,121.3,0.00566,0.422,0.289727476
1554784989289,13.993,121.3,0.00566,0.422,0.289727476
1554784989335,14.039,121.3,0.00566,0.422,0.289727476
1554784989397,14.101,121.3,0.00565,0.421,0.288530245
1554784989442,14.146,121.3,0.00565,0.421,0.288530245
1554784989489,14.193,121.3,0.00565,0.421,0.288530245
1554784989535,14.239,121.3,0.00565,0.421,0.288530245
1554784989597,14.301,121.2,0.00567,0.422,0.290000088
1554784989643,14.348,121.2,0.00567,0.422,0.290000088
1554784989689,14.393,121.2,0.00567,0.422,0.290000088
1554784989736,14.44,121.2,0.00567,0.422,0.290000088
1554784989797,14.501,121.2,0.0057,0.42,0.2901528
1554784989842,14.546,121.2,0.0057,0.42,0.2901528
1554784989888,14.592,121.2,0.0057,0.42,0.2901528
1554784989935,14.639,121.2,0.0057,0.42,0.2901528
1554784989997,14.701,121.2,0.0057,0.422,0.29153448
1554784990043,14.747,121.2,0.0057,0.422,0.29153448
1554784990089,14.793,121.2,0.0057,0.422,0.29153448
1554784990136,14.84,121.2,0.0057,0.422,0.29153448
1554784990197,14.901,121.3,0.00572,0.421,0.292104956
1554784990243,14.947,121.3,0.00572,0.421,0.292104956
1554784990289,14.993,121.3,0.00572,0.421,0.292104956
1554784990335,15.039,121.3,0.00572,0.421,0.292104956
1554784990397,15.101,121.3,0.00571,0.421,0.291594283
1554784990442,15.146,121.3,0.00571,0.421,0.291594283
1554784990488,15.193,121.3,0.00571,0.421,0.291594283
1554784990534,15.238,121.3,0.00571,0.421,0.291594283
1554784990597,15.301,121.2,0.00566,0.421,0.288802632
1554784990643,15.347,121.2,0.00566,0.421,0.288802632
1554784990689,15.393,121.2,0.00566,0.421,0.288802632
1554784990735,15.439,121.2,0.00566,0.421,0.288802632
1554784990797,15.501,121.2,0.00572,0.42,0.29117088
1554784990843,15.547,121.2,0.00572,0.42,0.29117088
1554784990890,15.594,121.2,0.00572,0.42,0.29117088
1554784990936,15.64,121.2,0.00572,0.42,0.29117088
1554784990997,15.701,121.2,0.0057,0.419,0.28946196
1554784991043,15.747,121.2,0.0057,0.419,0.28946196
1554784991089,15.793,121.2,0.0057,0.419,0.28946196
1554784991135,15.839,121.2,0.0057,0.419,0.28946196
1554784991196,15.9,121.2,0.00566,0.422,0.289488624
1554784991242,15.946,121.2,0.00566,0.422,0.289488624
1554784991289,15.993,121.2,0.00566,0.422,0.289488624
1554784991335,16.039,121.2,0.00566,0.422,0.289488624
1554784991397,16.101,121.2,0.00559,0.422,0.285908376
1554784991443,16.147,121.2,0.00559,0.422,0.285908376
1554784991489,16.194,121.2,0.00559,0.422,0.285908376
1554784991536,16.24,121.2,0.00559,0.422,0.285908376
1554784991597,16.301,121.2,0.00559,0.423,0.286585884
1554784991643,16.347,121.2,0.00559,0.423,0.286585884
1554784991689,16.393,121.2,0.00559,0.423,0.286585884
1554784991735,16.439,121.2,0.00559,0.423,0.286585884
1554784991796,16.5,121.2,0.0056,0.424,0.28777728
1554784991842,16.546,121.2,0.0056,0.424,0.28777728
1554784991888,16.592,121.2,0.0056,0.424,0.28777728
1554784991934,16.638,121.2,0.0056,0.424,0.28777728
1554784991997,16.701,121.2,0.00561,0.427,0.290330964
1554784992043,16.747,121.2,0.00561,0.427,0.290330964
1554784992090,16.794,121.2,0.00561,0.427,0.290330964
1554784992136,16.84,121.2,0.00561,0.427,0.290330964
1554784992196,16.9,121.3,0.0056,0.423,0.28733544
1554784992242,16.946,121.3,0.0056,0.423,0.28733544
1554784992288,16.992,121.3,0.0056,0.423,0.28733544
1554784992334,17.038,121.3,0.0056,0.423,0.28733544
1554784992397,17.101,121.3,0.00559,0.423,0.286822341
1554784992443,17.147,121.3,0.00559,0.423,0.286822341
1554784992489,17.193,121.3,0.00559,0.423,0.286822341
1554784992535,17.239,121.3,0.00559,0.423,0.286822341
1554784992596,17.3,121.2,0.00559,0.421,0.285230868
1554784992642,17.346,121.2,0.00559,0.421,0.285230868
1554784992688,17.392,121.2,0.00559,0.421,0.285230868
1554784992734,17.438,121.2,0.00559,0.421,0.285230868
1554784992797,17.501,121.2,0.00563,0.421,0.287271876
1554784992843,17.547,121.2,0.00563,0.421,0.287271876
1554784992889,17.593,121.2,0.00563,0.421,0.287271876
1554784992935,17.639,121.2,0.00563,0.421,0.287271876
1554784992996,17.7,121.3,0.00566,0.421,0.289040918
1554784993042,17.746,121.3,0.00566,0.421,0.289040918
1554784993088,17.792,121.3,0.00566,0.421,0.289040918
1554784993134,17.838,121.3,0.00566,0.421,0.289040918
1554784993197,17.901,121.3,0.00568,0.419,0.288684296
1554784993243,17.947,121.3,0.00568,0.419,0.288684296
1554784993289,17.993,121.3,0.00568,0.419,0.288684296
1554784993335,18.039,121.3,0.00568,0.419,0.288684296
1554784993396,18.1,121.3,0.00565,0.42,0.2878449
1554784993442,18.146,121.3,0.00565,0.42,0.2878449
1554784993488,18.192,121.3,0.00565,0.42,0.2878449
1554784993534,18.238,121.3,0.00565,0.42,0.2878449
1554784993596,18.3,121.2,0.00572,0.417,0.289091088
1554784993642,18.346,121.2,0.00572,0.417,0.289091088
1554784993689,18.393,121.2,0.00572,0.417,0.289091088
1554784993735,18.439,121.2,0.00572,0.417,0.289091088
1554784993796,18.5,121.2,0.00571,0.418,0.289277736
1554784993842,18.546,121.2,0.00571,0.418,0.289277736
1554784993888,18.592,121.2,0.00571,0.418,0.289277736
1554784993934,18.638,121.2,0.00571,0.418,0.289277736
1554784993996,18.7,121.2,0.0057,0.421,0.29084364
1554784994042,18.746,121.2,0.0057,0.421,0.29084364
1554784994088,18.792,121.2,0.0057,0.421,0.29084364
1554784994135,18.839,121.2,0.0057,0.421,0.29084364
1554784994197,18.901,121.2,0.00572,0.421,0.291864144
1554784994243,18.947,121.2,0.00572,0.421,0.291864144
1554784994289,18.993,121.2,0.00572,0.421,0.291864144
1554784994335,19.039,121.2,0.00572,0.421,0.291864144
1554784994396,19.1,121.2,0.0057,0.422,0.29153448
1554784994442,19.146,121.2,0.0057,0.422,0.29153448
1554784994489,19.193,121.2,0.0057,0.422,0.29153448
1554784994535,19.239,121.2,0.0057,0.422,0.29153448
1554784994596,19.3,121.2,0.00572,0.418,0.289784352
1554784994642,19.346,121.2,0.00572,0.418,0.289784352
1554784994688,19.392,121.2,0.00572,0.418,0.289784352
1554784994734,19.438,121.2,0.00572,0.418,0.289784352
1554784994796,19.5,121.2,0.00571,0.421,0.291353892
1554784994842,19.546,121.2,0.00571,0.421,0.291353892
1554784994888,19.592,121.2,0.00571,0.421,0.291353892
1554784994935,19.639,121.2,0.00571,0.421,0.291353892
1554784994996,19.7,121.2,0.00569,0.422,0.291023016
1554784995042,19.746,121.2,0.00569,0.422,0.291023016
1554784995088,19.792,121.2,0.00569,0.422,0.291023016
1554784995134,19.838,121.2,0.00569,0.422,0.291023016
1554784995197,19.901,121.2,0.00568,0.421,0.289823136
1554784995243,19.947,121.2,0.00568,0.421,0.289823136
1554784995289,19.993,121.2,0.00568,0.421,0.289823136
1554784995335,20.039,121.2,0.00568,0.421,0.289823136
1554784995396,20.1,121.2,0.00566,0.421,0.288802632
1554784995442,20.146,121.2,0.00566,0.421,0.288802632
1554784995488,20.192,121.2,0.00566,0.421,0.288802632
1554784995534,20.238,121.2,0.00566,0.421,0.288802632
1554784995596,20.3,121.2,0.00564,0.421,0.287782128
1554784995642,20.346,121.2,0.00564,0.421,0.287782128
1554784995689,20.393,121.2,0.00564,0.421,0.287782128
1554784995735,20.439,121.2,0.00564,0.421,0.287782128
1554784995796,20.5,121.1,0.00565,0.419,0.286686085
1554784995842,20.546,121.1,0.00565,0.419,0.286686085
1554784995888,20.592,121.1,0.00565,0.419,0.286686085
1554784995934,20.638,121.1,0.00565,0.419,0.286686085
1554784995996,20.7,121.2,0.00567,0.423,0.290687292
1554784996043,20.747,121.2,0.00567,0.423,0.290687292
1554784996089,20.793,121.2,0.00567,0.423,0.290687292
1554784996135,20.839,121.2,0.00567,0.423,0.290687292
1554784996196,20.9,121.2,0.00566,0.42,0.28811664
1554784996242,20.946,121.2,0.00566,0.42,0.28811664
1554784996288,20.992,121.2,0.00566,0.42,0.28811664
1554784996334,21.038,121.2,0.00566,0.42,0.28811664
1554784996397,21.101,121.2,0.00564,0.418,0.285731424
1554784996443,21.147,121.2,0.00564,0.418,0.285731424
1554784996489,21.193,121.2,0.00564,0.418,0.285731424
1554784996535,21.239,121.2,0.00564,0.418,0.285731424
1554784996597,21.301,121.2,0.00561,0.42,0.28557144
1554784996643,21.347,121.2,0.00561,0.42,0.28557144
1554784996689,21.393,121.2,0.00561,0.42,0.28557144
1554784996735,21.439,121.2,0.00561,0.42,0.28557144
1554784996796,21.5,121.2,0.00566,0.42,0.28811664
1554784996842,21.546,121.2,0.00566,0.42,0.28811664
1554784996888,21.592,121.2,0.00566,0.42,0.28811664
1554784996935,21.639,121.2,0.00566,0.42,0.28811664
1554784996996,21.7,121.2,0.00564,0.421,0.287782128
1554784997042,21.746,121.2,0.00564,0.421,0.287782128
1554784997088,21.792,121.2,0.00564,0.421,0.287782128
1554784997134,21.838,121.2,0.00564,0.421,0.287782128
1554784997196,21.9,121.2,0.00568,0.423,0.291199968
1554784997242,21.946,121.2,0.00568,0.423,0.291199968
1554784997289,21.993,121.2,0.00568,0.423,0.291199968
1554784997335,22.039,121.2,0.00568,0.423,0.291199968
1554784997396,22.1,121.3,0.00566,0.421,0.289040918
1554784997442,22.146,121.3,0.00566,0.421,0.289040918
1554784997488,22.192,121.3,0.00566,0.421,0.289040918
1554784997534,22.238,121.3,0.00566,0.421,0.289040918
1554784997595,22.3,121.2,0.00562,0.423,0.288123912
1554784997641,22.345,121.2,0.00562,0.423,0.288123912
1554784997687,22.391,121.2,0.00562,0.423,0.288123912
1554784997734,22.438,121.2,0.00562,0.423,0.288123912
1554784997796,22.5,121.2,0.00567,0.423,0.290687292
1554784997842,22.546,121.2,0.00567,0.423,0.290687292
1554784997888,22.592,121.2,0.00567,0.423,0.290687292
1554784997934,22.638,121.2,0.00567,0.423,0.290687292
1554784997996,22.7,121.3,0.00569,0.423,0.291953331
1554784998043,22.747,121.3,0.00569,0.423,0.291953331
1554784998089,22.793,121.3,0.00569,0.423,0.291953331
1554784998135,22.839,121.3,0.00569,0.423,0.291953331
1554784998196,22.9,121.3,0.00569,0.422,0.291263134
1554784998242,22.946,121.3,0.00569,0.422,0.291263134
1554784998289,22.993,121.3,0.00569,0.422,0.291263134
1554784998335,23.039,121.3,0.00569,0.422,0.291263134
1554784998396,23.1,121.2,0.00566,0.423,0.290174616
1554784998442,23.146,121.2,0.00566,0.423,0.290174616
1554784998488,23.192,121.2,0.00566,0.423,0.290174616
1554784998534,23.238,121.2,0.00566,0.423,0.290174616
1554784998596,23.3,121.2,0.0057,0.421,0.29084364
1554784998643,23.347,121.2,0.0057,0.421,0.29084364
1554784998689,23.393,121.2,0.0057,0.421,0.29084364
1554784998735,23.439,121.2,0.0057,0.421,0.29084364
1554784998796,23.5,121.2,0.00571,0.418,0.289277736
1554784998842,23.546,121.2,0.00571,0.418,0.289277736
1554784998888,23.592,121.2,0.00571,0.418,0.289277736
1554784998934,23.638,121.2,0.00571,0.418,0.289277736
1554784998996,23.7,121.2,0.00567,0.421,0.289312884
1554784999043,23.747,121.2,0.00567,0.421,0.289312884
1554784999089,23.793,121.2,0.00567,0.421,0.289312884
1554784999135,23.839,121.2,0.00567,0.421,0.289312884
1554784999196,23.9,121.2,0.00564,0.423,0.289149264
1554784999242,23.946,121.2,0.00564,0.423,0.289149264
1554784999288,23.992,121.2,0.00564,0.423,0.289149264
1554784999334,24.038,121.2,0.00564,0.423,0.289149264
1554784999395,24.099,121.2,0.0056,0.42,0.2850624
1554784999441,24.145,121.2,0.0056,0.42,0.2850624
1554784999487,24.191,121.2,0.0056,0.42,0.2850624
1554784999534,24.238,121.2,0.0056,0.42,0.2850624
1554784999599,24.303,121.1,0.00567,0.421,0.289074177
1554784999645,24.349,121.1,0.00567,0.421,0.289074177
1554784999691,24.395,121.1,0.00567,0.421,0.289074177
1554784999737,24.441,121.1,0.00567,0.421,0.289074177
1554784999795,24.5,121.1,0.00566,0.418,0.286508068
1554784999841,24.545,121.1,0.00566,0.418,0.286508068
1554784999887,24.591,121.1,0.00566,0.418,0.286508068
1554784999934,24.638,121.1,0.00566,0.418,0.286508068
1554784999996,24.7,121.2,0.00566,0.42,0.28811664
1554785000042,24.746,121.2,0.00566,0.42,0.28811664
1554785000088,24.792,121.2,0.00566,0.42,0.28811664
1554785000134,24.838,121.2,0.00566,0.42,0.28811664
1554785000195,24.899,121.2,0.00564,0.422,0.288465696
1554785000241,24.945,121.2,0.00564,0.422,0.288465696
1554785000288,24.992,121.2,0.00564,0.422,0.288465696
1554785000334,25.038,121.2,0.00564,0.422,0.288465696
1554785000396,25.1,121.3,0.00562,0.42,0.28631652
1554785000442,25.146,121.3,0.00562,0.42,0.28631652
1554785000488,25.192,121.3,0.00562,0.42,0.28631652
1554785000535,25.239,121.3,0.00562,0.42,0.28631652
1554785000596,25.3,121.2,0.00559,0.421,0.285230868
1554785000642,25.346,121.2,0.00559,0.421,0.285230868
1554785000688,25.392,121.2,0.00559,0.421,0.285230868
1554785000734,25.438,121.2,0.00559,0.421,0.285230868
1554785000795,25.499,121.2,0.00564,0.424,0.289832832
1554785000841,25.545,121.2,0.00564,0.424,0.289832832
1554785000887,25.591,121.2,0.00564,0.424,0.289832832
1554785000933,25.637,121.2,0.00564,0.424,0.289832832
1554785000996,25.7,121.3,0.00572,0.419,0.290717284
1554785001042,25.746,121.3,0.00572,0.419,0.290717284
1554785001088,25.792,121.3,0.00572,0.419,0.290717284
1554785001134,25.838,121.3,0.00572,0.419,0.290717284
1554785001195,25.899,121.3,0.00571,0.418,0.289516414
1554785001241,25.945,121.3,0.00571,0.418,0.289516414
1554785001287,25.991,121.3,0.00571,0.418,0.289516414
1554785001333,26.037,121.3,0.00571,0.418,0.289516414
1554785001396,26.1,121.3,0.00566,0.423,0.290414034
1554785001442,26.146,121.3,0.00566,0.423,0.290414034
1554785001488,26.192,121.3,0.00566,0.423,0.290414034
1554785001534,26.238,121.3,0.00566,0.423,0.290414034
1554785001595,26.299,121.3,0.00567,0.42,0.28886382
1554785001641,26.345,121.3,0.00567,0.42,0.28886382
1554785001687,26.391,121.3,0.00567,0.42,0.28886382
1554785001733,26.437,121.3,0.00567,0.42,0.28886382
1554785001796,26.5,121.3,0.0057,0.419,0.28970079
1554785001842,26.546,121.3,0.0057,0.419,0.28970079
1554785001888,26.592,121.3,0.0057,0.419,0.28970079
1554785001934,26.638,121.3,0.0057,0.419,0.28970079
1554785001995,26.699,121.3,0.00571,0.418,0.289516414
1554785002041,26.745,121.3,0.00571,0.418,0.289516414
1554785002088,26.792,121.3,0.00571,0.418,0.289516414
1554785002134,26.838,121.3,0.00571,0.418,0.289516414
1554785002196,26.9,121.3,0.00571,0.419,0.290209037
1554785002242,26.946,121.3,0.00571,0.419,0.290209037
1554785002288,26.992,121.3,0.00571,0.419,0.290209037
1554785002334,27.038,121.3,0.00571,0.419,0.290209037
1554785002395,27.099,121.2,0.00566,0.423,0.290174616
1554785002442,27.146,121.2,0.00566,0.423,0.290174616
1554785002488,27.192,121.2,0.00566,0.423,0.290174616
1554785002534,27.238,121.2,0.00566,0.423,0.290174616
1554785002600,27.304,121.2,0.00567,0.422,0.290000088
1554785002646,27.35,121.2,0.00567,0.422,0.290000088
1554785002692,27.396,121.2,0.00567,0.422,0.290000088
1554785002738,27.442,121.2,0.00567,0.422,0.290000088
1554785002795,27.499,121.2,0.00564,0.424,0.289832832
1554785002841,27.545,121.2,0.00564,0.424,0.289832832
1554785002887,27.591,121.2,0.00564,0.424,0.289832832
1554785002933,27.637,121.2,0.00564,0.424,0.289832832
1554785002996,27.7,121.2,0.00568,0.423,0.291199968
1554785003042,27.746,121.2,0.00568,0.423,0.291199968
1554785003088,27.792,121.2,0.00568,0.423,0.291199968
1554785003134,27.838,121.2,0.00568,0.423,0.291199968
1554785003197,27.901,121.2,0.00565,0.422,0.28897716
1554785003243,27.947,121.2,0.00565,0.422,0.28897716
1554785003289,27.993,121.2,0.00565,0.422,0.28897716
1554785003335,28.039,121.2,0.00565,0.422,0.28897716
1554785003395,28.099,121.2,0.00566,0.419,0.287430648
1554785003441,28.145,121.2,0.00566,0.419,0.287430648
1554785003487,28.191,121.2,0.00566,0.419,0.287430648
1554785003533,28.237,121.2,0.00566,0.419,0.287430648
1554785003595,28.299,121.1,0.00565,0.421,0.288054515
1554785003642,28.346,121.1,0.00565,0.421,0.288054515
1554785003688,28.392,121.1,0.00565,0.421,0.288054515
1554785003734,28.438,121.1,0.00565,0.421,0.288054515
1554785003795,28.499,121.1,0.00562,0.423,0.287886186
1554785003841,28.545,121.1,0.00562,0.423,0.287886186
1554785003887,28.591,121.1,0.00562,0.423,0.287886186
1554785003933,28.637,121.1,0.00562,0.423,0.287886186
1554785003996,28.7,121.1,0.00559,0.423,0.286349427
1554785004042,28.746,121.1,0.00559,0.423,0.286349427
1554785004088,28.792,121.1,0.00559,0.423,0.286349427
1554785004134,28.838,121.1,0.00559,0.423,0.286349427
1554785004195,28.899,121.2,0.00563,0.42,0.28658952
1554785004245,28.949,121.2,0.00563,0.42,0.28658952
1554785004291,28.995,121.2,0.00563,0.42,0.28658952
1554785004337,29.041,121.2,0.00563,0.42,0.28658952
1554785004395,29.099,121.2,0.00561,0.422,0.286931304
1554785004441,29.145,121.2,0.00561,0.422,0.286931304
1554785004488,29.192,121.2,0.00561,0.422,0.286931304
1554785004534,29.238,121.2,0.00561,0.422,0.286931304
1554785004596,29.3,121.2,0.0056,0.422,0.28641984
1554785004642,29.346,121.2,0.0056,0.422,0.28641984
1554785004688,29.392,121.2,0.0056,0.422,0.28641984
1554785004734,29.439,121.2,0.0056,0.422,0.28641984
1554785004796,29.5,121.2,0.00562,0.421,0.286761624
1554785004842,29.546,121.2,0.00562,0.421,0.286761624
1554785004888,29.592,121.2,0.00562,0.421,0.286761624
1554785004934,29.638,121.2,0.00562,0.421,0.286761624
1554785004995,29.699,121.2,0.00566,0.42,0.28811664
1554785005041,29.745,121.2,0.00566,0.42,0.28811664
1554785005087,29.791,121.2,0.00566,0.42,0.28811664
1554785005134,29.838,121.2,0.00566,0.42,0.28811664
1554785005196,29.9,121.2,0.00569,0.421,0.290333388
1554785005242,29.946,121.2,0.00569,0.421,0.290333388
1554785005288,29.992,121.2,0.00569,0.421,0.290333388
1554785005334,30.038,121.2,0.00569,0.421,0.290333388
1554785005395,30.099,121.3,0.00566,0.42,0.28835436
1554785005441,30.145,121.3,0.00566,0.42,0.28835436
1554785005487,30.191,121.3,0.00566,0.42,0.28835436
1554785005533,30.237,121.3,0.00566,0.42,0.28835436
1554785005595,30.299,121.3,0.00563,0.422,0.288191818
1554785005640,30.344,121.3,0.00563,0.422,0.288191818
1554785005686,30.39,121.3,0.00563,0.422,0.288191818
1554785005732,30.436,121.3,0.00563,0.422,0.288191818
1554785005796,30.5,121.3,0.00571,0.418,0.289516414
1554785005842,30.546,121.3,0.00571,0.418,0.289516414
1554785005887,30.591,121.3,0.00571,0.418,0.289516414
1554785005932,30.636,121.3,0.00571,0.418,0.289516414
1554785005995,30.699,121.3,0.00571,0.42,0.29090166
1554785006041,30.745,121.3,0.00571,0.42,0.29090166
1554785006087,30.791,121.3,0.00571,0.42,0.29090166
1554785006133,30.837,121.3,0.00571,0.42,0.29090166
1554785006195,30.899,121.3,0.00569,0.421,0.290572937
1554785006241,30.945,121.3,0.00569,0.421,0.290572937
1554785006287,30.991,121.3,0.00569,0.421,0.290572937
1554785006332,31.036,121.3,0.00569,0.421,0.290572937
1554785006395,31.099,121.3,0.00566,0.424,0.291100592
1554785006441,31.145,121.3,0.00566,0.424,0.291100592
1554785006487,31.191,121.3,0.00566,0.424,0.291100592
1554785006534,31.238,121.3,0.00566,0.424,0.291100592
1554785006595,31.299,121.2,0.00566,0.42,0.28811664
1554785006640,31.344,121.2,0.00566,0.42,0.28811664
1554785006687,31.391,121.2,0.00566,0.42,0.28811664
1554785006733,31.437,121.2,0.00566,0.42,0.28811664
1554785006795,31.499,121.2,0.00563,0.421,0.287271876
1554785006841,31.545,121.2,0.00563,0.421,0.287271876
1554785006888,31.592,121.2,0.00563,0.421,0.287271876
1554785006934,31.638,121.2,0.00563,0.421,0.287271876
1554785006995,31.699,121.2,0.00567,0.42,0.28862568
1554785007041,31.745,121.2,0.00567,0.42,0.28862568
1554785007087,31.791,121.2,0.00567,0.42,0.28862568
1554785007133,31.837,121.2,0.00567,0.42,0.28862568
1554785007195,31.899,121.2,0.00567,0.422,0.290000088
1554785007241,31.945,121.2,0.00567,0.422,0.290000088
1554785007287,31.991,121.2,0.00567,0.422,0.290000088
1554785007334,32.038,121.2,0.00567,0.422,0.290000088
1554785007395,32.099,121.2,0.00561,0.422,0.286931304
1554785007440,32.144,121.2,0.00561,0.422,0.286931304
1554785007487,32.191,121.2,0.00561,0.422,0.286931304
1554785007533,32.237,121.2,0.00561,0.422,0.286931304
1554785007595,32.299,121.1,0.00562,0.422,0.287205604
1554785007641,32.345,121.1,0.00562,0.422,0.287205604
1554785007687,32.391,121.1,0.00562,0.422,0.287205604
1554785007733,32.437,121.1,0.00562,0.422,0.287205604
1554785007794,32.498,121.1,0.00557,0.423,0.285324921
1554785007840,32.544,121.1,0.00557,0.423,0.285324921
1554785007886,32.59,121.1,0.00557,0.423,0.285324921
1554785007933,32.637,121.1,0.00557,0.423,0.285324921
1554785007995,32.699,121.1,0.00565,0.422,0.28873873
1554785008041,32.745,121.1,0.00565,0.422,0.28873873
1554785008087,32.791,121.1,0.00565,0.422,0.28873873
1554785008133,32.837,121.1,0.00565,0.422,0.28873873
1554785008194,32.898,121.1,0.00564,0.42,0.28686168
1554785008240,32.944,121.1,0.00564,0.42,0.28686168
1554785008286,32.99,121.1,0.00564,0.42,0.28686168
1554785008333,33.037,121.1,0.00564,0.42,0.28686168
1554785008395,33.099,121.1,0.00565,0.415,0.283949225
1554785008441,33.145,121.1,0.00565,0.415,0.283949225
1554785008487,33.191,121.1,0.00565,0.415,0.283949225
1554785008533,33.237,121.1,0.00565,0.415,0.283949225
1554785008595,33.299,121.2,0.00561,0.421,0.286251372
1554785008642,33.346,121.2,0.00561,0.421,0.286251372
1554785008688,33.392,121.2,0.00561,0.421,0.286251372
1554785008734,33.438,121.2,0.00561,0.421,0.286251372
1554785008795,33.499,121.1,0.00556,0.422,0.284139352
1554785008841,33.545,121.1,0.00556,0.422,0.284139352
1554785008887,33.591,121.1,0.00556,0.422,0.284139352
1554785008933,33.637,121.1,0.00556,0.422,0.284139352
1554785008995,33.699,121.1,0.00563,0.423,0.288398439
1554785009041,33.745,121.1,0.00563,0.423,0.288398439
1554785009088,33.792,121.1,0.00563,0.423,0.288398439
1554785009134,33.838,121.1,0.00563,0.423,0.288398439
1554785009195,33.899,121.2,0.00563,0.423,0.288636588
1554785009241,33.945,121.2,0.00563,0.423,0.288636588
1554785009287,33.991,121.2,0.00563,0.423,0.288636588
1554785009333,34.037,121.2,0.00563,0.423,0.288636588
1554785009394,34.098,121.3,0.00563,0.421,0.287508899
1554785009440,34.144,121.3,0.00563,0.421,0.287508899
1554785009486,34.19,121.3,0.00563,0.421,0.287508899
1554785009533,34.237,121.3,0.00563,0.421,0.287508899
1554785009595,34.299,121.2,0.00563,0.424,0.289318944
1554785009641,34.345,121.2,0.00563,0.424,0.289318944
1554785009687,34.391,121.2,0.00563,0.424,0.289318944
1554785009733,34.437,121.2,0.00563,0.424,0.289318944
1554785009794,34.498,121.2,0.00562,0.424,0.288805056
1554785009840,34.544,121.2,0.00562,0.424,0.288805056
1554785009886,34.59,121.2,0.00562,0.424,0.288805056
1554785009932,34.636,121.2,0.00562,0.424,0.288805056
1554785009995,34.699,121.2,0.00568,0.424,0.291888384
1554785010041,34.745,121.2,0.00568,0.424,0.291888384
1554785010087,34.791,121.2,0.00568,0.424,0.291888384
1554785010133,34.837,121.2,0.00568,0.424,0.291888384
1554785010194,34.898,121.2,0.00563,0.425,0.2900013
1554785010240,34.944,121.2,0.00563,0.425,0.2900013
1554785010286,34.99,121.2,0.00563,0.425,0.2900013
1554785010333,35.037,121.2,0.00563,0.425,0.2900013
1554785010395,35.099,121.2,0.00568,0.425,0.2925768
1554785010441,35.145,121.2,0.00568,0.425,0.2925768
1554785010487,35.191,121.2,0.00568,0.425,0.2925768
1554785010533,35.237,121.2,0.00568,0.425,0.2925768
1554785010594,35.298,121.2,0.00569,0.422,0.291023016
1554785010640,35.344,121.2,0.00569,0.422,0.291023016
1554785010686,35.39,121.2,0.00569,0.422,0.291023016
1554785010732,35.436,121.2,0.00569,0.422,0.291023016
1554785010795,35.499,121.2,0.0057,0.419,0.28946196
1554785010841,35.545,121.2,0.0057,0.419,0.28946196
1554785010887,35.591,121.2,0.0057,0.419,0.28946196
1554785010933,35.637,121.2,0.0057,0.419,0.28946196
1554785010994,35.698,121.2,0.00565,0.42,0.2876076
1554785011040,35.744,121.2,0.00565,0.42,0.2876076
1554785011086,35.79,121.2,0.00565,0.42,0.2876076
1554785011132,35.836,121.2,0.00565,0.42,0.2876076
1554785011195,35.899,121.2,0.00561,0.426,0.289651032
1554785011241,35.945,121.2,0.00561,0.426,0.289651032
1554785011287,35.991,121.2,0.00561,0.426,0.289651032
1554785011333,36.037,121.2,0.00561,0.426,0.289651032
1554785011394,36.098,121.1,0.00561,0.423,0.287373933
1554785011440,36.144,121.1,0.00561,0.423,0.287373933
1554785011486,36.19,121.1,0.00561,0.423,0.287373933
1554785011532,36.236,121.1,0.00561,0.423,0.287373933
1554785011595,36.299,121.1,0.00561,0.423,0.287373933
1554785011641,36.345,121.1,0.00561,0.423,0.287373933
1554785011687,36.391,121.1,0.00561,0.423,0.287373933
1554785011733,36.437,121.1,0.00561,0.423,0.287373933
1554785011794,36.498,121.1,0.00561,0.42,0.28533582
1554785011840,36.544,121.1,0.00561,0.42,0.28533582
1554785011886,36.59,121.1,0.00561,0.42,0.28533582
1554785011932,36.636,121.1,0.00561,0.42,0.28533582
1554785011995,36.699,121.1,0.00563,0.421,0.287034853
1554785012041,36.745,121.1,0.00563,0.421,0.287034853
1554785012087,36.791,121.1,0.00563,0.421,0.287034853
1554785012133,36.837,121.1,0.00563,0.421,0.287034853
1554785012194,36.898,121.1,0.0056,0.422,0.28618352
1554785012240,36.944,121.1,0.0056,0.422,0.28618352
1554785012286,36.99,121.1,0.0056,0.422,0.28618352
1554785012332,37.036,121.1,0.0056,0.422,0.28618352
1554785012395,37.099,121.1,0.00565,0.419,0.286686085
1554785012441,37.145,121.1,0.00565,0.419,0.286686085
1554785012487,37.191,121.1,0.00565,0.419,0.286686085
1554785012533,37.237,121.1,0.00565,0.419,0.286686085
1554785012594,37.298,121.2,0.0056,0.422,0.28641984
1554785012640,37.344,121.2,0.0056,0.422,0.28641984
1554785012687,37.391,121.2,0.0056,0.422,0.28641984
1554785012733,37.437,121.2,0.0056,0.422,0.28641984
1554785012794,37.498,121.2,0.00556,0.423,0.285047856
1554785012840,37.544,121.2,0.00556,0.423,0.285047856
1554785012886,37.59,121.2,0.00556,0.423,0.285047856
1554785012932,37.636,121.2,0.00556,0.423,0.285047856
1554785012994,37.698,121.1,0.00561,0.424,0.288053304
1554785013041,37.745,121.1,0.00561,0.424,0.288053304
1554785013087,37.791,121.1,0.00561,0.424,0.288053304
1554785013133,37.837,121.1,0.00561,0.424,0.288053304
1554785013194,37.898,121.2,0.00563,0.421,0.287271876
1554785013240,37.944,121.2,0.00563,0.421,0.287271876
1554785013286,37.99,121.2,0.00563,0.421,0.287271876
1554785013332,38.036,121.2,0.00563,0.421,0.287271876
1554785013395,38.099,121.2,0.00567,0.423,0.290687292
1554785013441,38.145,121.2,0.00567,0.423,0.290687292
1554785013487,38.191,121.2,0.00567,0.423,0.290687292
1554785013533,38.237,121.2,0.00567,0.423,0.290687292
1554785013594,38.298,121.2,0.00563,0.424,0.289318944
1554785013640,38.344,121.2,0.00563,0.424,0.289318944
1554785013686,38.39,121.2,0.00563,0.424,0.289318944
1554785013732,38.436,121.2,0.00563,0.424,0.289318944
1554785013794,38.498,121.2,0.00563,0.419,0.285907164
1554785013840,38.544,121.2,0.00563,0.419,0.285907164
1554785013887,38.591,121.2,0.00563,0.419,0.285907164
1554785013933,38.637,121.2,0.00563,0.419,0.285907164
1554785013994,38.698,121.2,0.00566,0.422,0.289488624
1554785014040,38.744,121.2,0.00566,0.422,0.289488624
1554785014086,38.79,121.2,0.00566,0.422,0.289488624
1554785014132,38.836,121.2,0.00566,0.422,0.289488624
1554785014194,38.898,121.2,0.00566,0.423,0.290174616
1554785014241,38.945,121.2,0.00566,0.423,0.290174616
1554785014287,38.991,121.2,0.00566,0.423,0.290174616
1554785014333,39.037,121.2,0.00566,0.423,0.290174616
1554785014394,39.098,121.2,0.00566,0.424,0.290860608
1554785014440,39.144,121.2,0.00566,0.424,0.290860608
1554785014486,39.19,121.2,0.00566,0.424,0.290860608
1554785014532,39.236,121.2,0.00566,0.424,0.290860608
1554785014594,39.298,121.2,0.00566,0.423,0.290174616
1554785014641,39.345,121.2,0.00566,0.423,0.290174616
1554785014687,39.391,121.2,0.00566,0.423,0.290174616
1554785014733,39.437,121.2,0.00566,0.423,0.290174616
1554785014794,39.498,121.3,0.00565,0.424,0.29058628
1554785014840,39.544,121.3,0.00565,0.424,0.29058628
1554785014886,39.59,121.3,0.00565,0.424,0.29058628
1554785014932,39.636,121.3,0.00565,0.424,0.29058628
1554785014994,39.698,121.2,0.0056,0.424,0.28777728
1554785015040,39.744,121.2,0.0056,0.424,0.28777728
1554785015087,39.791,121.2,0.0056,0.424,0.28777728
1554785015133,39.837,121.2,0.0056,0.424,0.28777728
1554785015194,39.898,121.3,0.00562,0.424,0.289043344
1554785015240,39.944,121.3,0.00562,0.424,0.289043344
1554785015286,39.99,121.3,0.00562,0.424,0.289043344
1554785015332,40.036,121.3,0.00562,0.424,0.289043344
1554785015394,40.098,121.2,0.00558,0.425,0.2874258
1554785015440,40.144,121.2,0.00558,0.425,0.2874258
1554785015487,40.191,121.2,0.00558,0.425,0.2874258
1554785015533,40.237,121.2,0.00558,0.425,0.2874258
1554785015594,40.298,121.2,0.0056,0.424,0.28777728
1554785015640,40.344,121.2,0.0056,0.424,0.28777728
1554785015686,40.39,121.2,0.0056,0.424,0.28777728
1554785015732,40.436,121.2,0.0056,0.424,0.28777728
1554785015794,40.498,121.1,0.00563,0.419,0.285671267
1554785015840,40.544,121.1,0.00563,0.419,0.285671267
1554785015886,40.59,121.1,0.00563,0.419,0.285671267
1554785015933,40.637,121.1,0.00563,0.419,0.285671267
1554785015994,40.698,121.1,0.00563,0.421,0.287034853
1554785016039,40.743,121.1,0.00563,0.421,0.287034853
1554785016086,40.79,121.1,0.00563,0.421,0.287034853
1554785016132,40.836,121.1,0.00563,0.421,0.287034853
1554785016194,40.898,121.2,0.00556,0.423,0.285047856
1554785016241,40.945,121.2,0.00556,0.423,0.285047856
1554785016287,40.991,121.2,0.00556,0.423,0.285047856
1554785016333,41.037,121.2,0.00556,0.423,0.285047856
1554785016394,41.098,121.2,0.00556,0.426,0.287069472
1554785016440,41.144,121.2,0.00556,0.426,0.287069472
1554785016486,41.19,121.2,0.00556,0.426,0.287069472
1554785016532,41.236,121.2,0.00556,0.426,0.287069472
1554785016595,41.299,121.1,0.00552,0.423,0.282763656
1554785016641,41.345,121.1,0.00552,0.423,0.282763656
1554785016687,41.391,121.1,0.00552,0.423,0.282763656
1554785016733,41.437,121.1,0.00552,0.423,0.282763656
1554785016794,41.498,121.1,0.00557,0.424,0.285999448
1554785016840,41.544,121.1,0.00557,0.424,0.285999448
1554785016886,41.59,121.1,0.00557,0.424,0.285999448
1554785016933,41.637,121.1,0.00557,0.424,0.285999448
1554785016994,41.698,121.1,0.00561,0.427,0.290091417
1554785017040,41.744,121.1,0.00561,0.427,0.290091417
1554785017086,41.79,121.1,0.00561,0.427,0.290091417
1554785017132,41.836,121.1,0.00561,0.427,0.290091417
1554785017194,41.898,121.1,0.00561,0.424,0.288053304
1554785017241,41.945,121.1,0.00561,0.424,0.288053304
1554785017286,41.99,121.1,0.00561,0.424,0.288053304
1554785017333,42.037,121.1,0.00561,0.424,0.288053304
1554785017394,42.098,121.2,0.00562,0.424,0.288805056
1554785017440,42.144,121.2,0.00562,0.424,0.288805056
1554785017486,42.19,121.2,0.00562,0.424,0.288805056
1554785017532,42.236,121.2,0.00562,0.424,0.288805056
1554785017593,42.297,121.2,0.00566,0.425,0.2915466
1554785017639,42.343,121.2,0.00566,0.425,0.2915466
1554785017685,42.389,121.2,0.00566,0.425,0.2915466
1554785017732,42.436,121.2,0.00566,0.425,0.2915466
1554785017794,42.498,121.2,0.00559,0.425,0.2879409
1554785017840,42.544,121.2,0.00559,0.425,0.2879409
1554785017886,42.59,121.2,0.00559,0.425,0.2879409
1554785017932,42.636,121.2,0.00559,0.425,0.2879409
1554785017993,42.697,121.2,0.00566,0.422,0.289488624
1554785018039,42.743,121.2,0.00566,0.422,0.289488624
1554785018086,42.79,121.2,0.00566,0.422,0.289488624
1554785018132,42.836,121.2,0.00566,0.422,0.289488624
1554785018195,42.899,121.2,0.0057,0.421,0.29084364
1554785018241,42.945,121.2,0.0057,0.421,0.29084364
1554785018287,42.991,121.2,0.0057,0.421,0.29084364
1554785018334,43.038,121.2,0.0057,0.421,0.29084364
1554785018395,43.099,121.2,0.00568,0.421,0.289823136
1554785018441,43.145,121.2,0.00568,0.421,0.289823136
1554785018487,43.191,121.2,0.00568,0.421,0.289823136
1554785018533,43.237,121.2,0.00568,0.421,0.289823136
1554785018594,43.298,121.2,0.00561,0.421,0.286251372
1554785018640,43.344,121.2,0.00561,0.421,0.286251372
1554785018686,43.39,121.2,0.00561,0.421,0.286251372
1554785018732,43.436,121.2,0.00561,0.421,0.286251372
1554785018794,43.498,121.2,0.00559,0.425,0.2879409
1554785018841,43.545,121.2,0.00559,0.425,0.2879409
1554785018887,43.591,121.2,0.00559,0.425,0.2879409
1554785018933,43.637,121.2,0.00559,0.425,0.2879409
1554785018994,43.698,121.2,0.00563,0.426,0.290683656
1554785019040,43.744,121.2,0.00563,0.426,0.290683656
1554785019086,43.79,121.2,0.00563,0.426,0.290683656
1554785019132,43.836,121.2,0.00563,0.426,0.290683656
1554785019195,43.899,121.2,0.00562,0.426,0.290167344
1554785019241,43.945,121.2,0.00562,0.426,0.290167344
1554785019287,43.991,121.2,0.00562,0.426,0.290167344
1554785019333,44.037,121.2,0.00562,0.426,0.290167344
1554785019394,44.098,121.2,0.00559,0.422,0.285908376
1554785019440,44.144,121.2,0.00559,0.422,0.285908376
1554785019486,44.19,121.2,0.00559,0.422,0.285908376
1554785019532,44.236,121.2,0.00559,0.422,0.285908376
1554785019594,44.298,121.2,0.0056,0.424,0.28777728
1554785019640,44.344,121.2,0.0056,0.424,0.28777728
1554785019686,44.39,121.2,0.0056,0.424,0.28777728
1554785019732,44.436,121.2,0.0056,0.424,0.28777728
1554785019795,44.499,121.2,0.00556,0.425,0.2863956
1554785019841,44.545,121.2,0.00556,0.425,0.2863956
1554785019887,44.591,121.2,0.00556,0.425,0.2863956
1554785019933,44.637,121.2,0.00556,0.425,0.2863956
1554785019994,44.698,121.2,0.00554,0.426,0.286036848
1554785020041,44.745,121.2,0.00554,0.426,0.286036848
1554785020087,44.791,121.2,0.00554,0.426,0.286036848
1554785020133,44.837,121.2,0.00554,0.426,0.286036848
1554785020194,44.898,121.2,0.00558,0.425,0.2874258
1554785020240,44.944,121.2,0.00558,0.425,0.2874258
1554785020286,44.99,121.2,0.00558,0.425,0.2874258
1554785020332,45.036,121.2,0.00558,0.425,0.2874258
1554785020394,45.098,121.2,0.00556,0.424,0.285721728
1554785020440,45.144,121.2,0.00556,0.424,0.285721728
1554785020485,45.189,121.2,0.00556,0.424,0.285721728
1554785020532,45.236,121.2,0.00556,0.424,0.285721728
1554785020594,45.298,121.1,0.00565,0.42,0.2873703
1554785020640,45.344,121.1,0.00565,0.42,0.2873703
1554785020686,45.39,121.1,0.00565,0.42,0.2873703
1554785020732,45.436,121.1,0.00565,0.42,0.2873703
1554785020794,45.498,121.2,0.00563,0.42,0.28658952
1554785020841,45.545,121.2,0.00563,0.42,0.28658952
1554785020887,45.591,121.2,0.00563,0.42,0.28658952
1554785020933,45.637,121.2,0.00563,0.42,0.28658952
1554785020994,45.698,121.1,0.00562,0.42,0.28584444
1554785021041,45.745,121.1,0.00562,0.42,0.28584444
1554785021087,45.791,121.1,0.00562,0.42,0.28584444
1554785021133,45.837,121.1,0.00562,0.42,0.28584444
1554785021194,45.898,121.1,0.00563,0.425,0.289762025
1554785021240,45.944,121.1,0.00563,0.425,0.289762025
1554785021286,45.99,121.1,0.00563,0.425,0.289762025
1554785021332,46.036,121.1,0.00563,0.425,0.289762025
1554785021393,46.097,121.1,0.00565,0.422,0.28873873
1554785021439,46.143,121.1,0.00565,0.422,0.28873873
1554785021486,46.19,121.1,0.00565,0.422,0.28873873
1554785021532,46.236,121.1,0.00565,0.422,0.28873873
1554785021594,46.298,121.2,0.00566,0.423,0.290174616
1554785021640,46.344,121.2,0.00566,0.423,0.290174616
1554785021686,46.39,121.2,0.00566,0.423,0.290174616
1554785021732,46.436,121.2,0.00566,0.423,0.290174616
1554785021793,46.497,121.2,0.00566,0.424,0.290860608
1554785021840,46.544,121.2,0.00566,0.424,0.290860608
1554785021886,46.59,121.2,0.00566,0.424,0.290860608
1554785021932,46.636,121.2,0.00566,0.424,0.290860608
1554785021994,46.698,121.2,0.00562,0.424,0.288805056
1554785022040,46.744,121.2,0.00562,0.424,0.288805056
1554785022086,46.79,121.2,0.00562,0.424,0.288805056
1554785022132,46.836,121.2,0.00562,0.424,0.288805056
1554785022194,46.898,121.2,0.00564,0.426,0.291199968
1554785022240,46.944,121.2,0.00564,0.426,0.291199968
1554785022286,46.99,121.2,0.00564,0.426,0.291199968
1554785022332,47.036,121.2,0.00564,0.426,0.291199968
1554785022393,47.097,121.3,0.00563,0.426,0.290923494
1554785022439,47.143,121.3,0.00563,0.426,0.290923494
1554785022485,47.189,121.3,0.00563,0.426,0.290923494
1554785022531,47.235,121.3,0.00563,0.426,0.290923494
1554785022593,47.297,121.3,0.00566,0.424,0.291100592
1554785022639,47.343,121.3,0.00566,0.424,0.291100592
1554785022685,47.389,121.3,0.00566,0.424,0.291100592
1554785022732,47.436,121.3,0.00566,0.424,0.291100592
1554785022793,47.497,121.3,0.00564,0.422,0.288703704
1554785022839,47.543,121.3,0.00564,0.422,0.288703704
1554785022884,47.588,121.3,0.00564,0.422,0.288703704
1554785022931,47.635,121.3,0.00564,0.422,0.288703704
1554785022993,47.697,121.2,0.00562,0.422,0.287442768
1554785023039,47.743,121.2,0.00562,0.422,0.287442768
1554785023085,47.789,121.2,0.00562,0.422,0.287442768
1554785023131,47.835,121.2,0.00562,0.422,0.287442768
1554785023194,47.898,121.2,0.00567,0.42,0.28862568
1554785023240,47.944,121.2,0.00567,0.42,0.28862568
1554785023286,47.99,121.2,0.00567,0.42,0.28862568
1554785023332,48.036,121.2,0.00567,0.42,0.28862568
1554785023393,48.097,121.2,0.00563,0.419,0.285907164
1554785023439,48.143,121.2,0.00563,0.419,0.285907164
1554785023485,48.189,121.2,0.00563,0.419,0.285907164
1554785023531,48.235,121.2,0.00563,0.419,0.285907164
1554785023593,48.297,121.2,0.0056,0.422,0.28641984
1554785023639,48.343,121.2,0.0056,0.422,0.28641984
1554785023686,48.39,121.2,0.0056,0.422,0.28641984
1554785023732,48.436,121.2,0.0056,0.422,0.28641984
1554785023793,48.497,121.2,0.00556,0.423,0.285047856
1554785023839,48.543,121.2,0.00556,0.423,0.285047856
1554785023885,48.589,121.2,0.00556,0.423,0.285047856
1554785023931,48.635,121.2,0.00556,0.423,0.285047856
1554785023993,48.697,121.2,0.0056,0.422,0.28641984
1554785024040,48.744,121.2,0.0056,0.422,0.28641984
1554785024086,48.79,121.2,0.0056,0.422,0.28641984
1554785024132,48.836,121.2,0.0056,0.422,0.28641984
1554785024193,48.897,121.2,0.00556,0.423,0.285047856
1554785024239,48.943,121.2,0.00556,0.423,0.285047856
1554785024285,48.989,121.2,0.00556,0.423,0.285047856
1554785024331,49.035,121.2,0.00556,0.423,0.285047856
1554785024393,49.097,121.2,0.00556,0.426,0.287069472
1554785024439,49.143,121.2,0.00556,0.426,0.287069472
1554785024485,49.189,121.2,0.00556,0.426,0.287069472
1554785024531,49.235,121.2,0.00556,0.426,0.287069472
1554785024593,49.297,121.2,0.00555,0.424,0.28520784
1554785024639,49.343,121.2,0.00555,0.424,0.28520784
1554785024685,49.389,121.2,0.00555,0.424,0.28520784
1554785024731,49.435,121.2,0.00555,0.424,0.28520784
1554785024793,49.497,121.2,0.00556,0.425,0.2863956
1554785024839,49.543,121.2,0.00556,0.425,0.2863956
1554785024885,49.589,121.2,0.00556,0.425,0.2863956
1554785024931,49.635,121.2,0.00556,0.425,0.2863956
1554785024994,49.698,121.1,0.00559,0.426,0.288380274
1554785025040,49.744,121.1,0.00559,0.426,0.288380274
1554785025086,49.79,121.1,0.00559,0.426,0.288380274
1554785025132,49.836,121.1,0.00559,0.426,0.288380274
1554785025193,49.897,121.1,0.00563,0.423,0.288398439
1554785025239,49.943,121.1,0.00563,0.423,0.288398439
1554785025286,49.99,121.1,0.00563,0.423,0.288398439
1554785025332,50.036,121.1,0.00563,0.423,0.288398439
1554785025393,50.097,121.2,0.00565,0.422,0.28897716
1554785025439,50.143,121.2,0.00565,0.422,0.28897716
1554785025485,50.189,121.2,0.00565,0.422,0.28897716
1554785025531,50.235,121.2,0.00565,0.422,0.28897716
1554785025593,50.297,121.2,0.00566,0.422,0.289488624
1554785025639,50.343,121.2,0.00566,0.422,0.289488624
1554785025686,50.39,121.2,0.00566,0.422,0.289488624
1554785025732,50.436,121.2,0.00566,0.422,0.289488624
1554785025793,50.497,121.2,0.00568,0.42,0.28913472
1554785025839,50.543,121.2,0.00568,0.42,0.28913472
1554785025885,50.589,121.2,0.00568,0.42,0.28913472
1554785025931,50.635,121.2,0.00568,0.42,0.28913472
1554785025993,50.697,121.2,0.00569,0.421,0.290333388
1554785026040,50.744,121.2,0.00569,0.421,0.290333388
1554785026086,50.79,121.2,0.00569,0.421,0.290333388
1554785026132,50.836,121.2,0.00569,0.421,0.290333388
1554785026193,50.897,121.2,0.00567,0.421,0.289312884
1554785026239,50.943,121.2,0.00567,0.421,0.289312884
1554785026285,50.989,121.2,0.00567,0.421,0.289312884
1554785026331,51.035,121.2,0.00567,0.421,0.289312884
1554785026394,51.098,121.3,0.00567,0.423,0.290927133
1554785026440,51.144,121.3,0.00567,0.423,0.290927133
1554785026486,51.19,121.3,0.00567,0.423,0.290927133
1554785026532,51.236,121.3,0.00567,0.423,0.290927133
1554785026593,51.297,121.3,0.00568,0.423,0.291440232
1554785026639,51.343,121.3,0.00568,0.423,0.291440232
1554785026685,51.389,121.3,0.00568,0.423,0.291440232
1554785026731,51.435,121.3,0.00568,0.423,0.291440232
1554785026792,51.496,121.3,0.00563,0.421,0.287508899
1554785026838,51.542,121.3,0.00563,0.421,0.287508899
1554785026884,51.588,121.3,0.00563,0.421,0.287508899
1554785026930,51.634,121.3,0.00563,0.421,0.287508899
1554785026992,51.697,121.3,0.00561,0.422,0.287168046
1554785027038,51.742,121.3,0.00561,0.422,0.287168046
1554785027084,51.788,121.3,0.00561,0.422,0.287168046
1554785027130,51.834,121.3,0.00561,0.422,0.287168046
1554785027193,51.897,121.3,0.00566,0.423,0.290414034
1554785027239,51.943,121.3,0.00566,0.423,0.290414034
1554785027285,51.989,121.3,0.00566,0.423,0.290414034
1554785027331,52.035,121.3,0.00566,0.423,0.290414034
1554785027392,52.096,121.3,0.00562,0.422,0.287679932
1554785027438,52.142,121.3,0.00562,0.422,0.287679932
1554785027485,52.189,121.3,0.00562,0.422,0.287679932
1554785027531,52.235,121.3,0.00562,0.422,0.287679932
1554785027593,52.297,121.3,0.00562,0.421,0.286998226
1554785027639,52.343,121.3,0.00562,0.421,0.286998226
1554785027685,52.389,121.3,0.00562,0.421,0.286998226
1554785027731,52.435,121.3,0.00562,0.421,0.286998226
1554785027792,52.496,121.2,0.00558,0.422,0.285396912
1554785027838,52.542,121.2,0.00558,0.422,0.285396912
1554785027884,52.588,121.2,0.00558,0.422,0.285396912
1554785027930,52.634,121.2,0.00558,0.422,0.285396912
1554785027993,52.697,121.2,0.00558,0.419,0.283368024
1554785028039,52.743,121.2,0.00558,0.419,0.283368024
1554785028085,52.789,121.2,0.00558,0.419,0.283368024
1554785028131,52.835,121.2,0.00558,0.419,0.283368024
1554785028193,52.897,121.1,0.00563,0.419,0.285671267
1554785028239,52.943,121.1,0.00563,0.419,0.285671267
1554785028285,52.989,121.1,0.00563,0.419,0.285671267
1554785028332,53.036,121.1,0.00563,0.419,0.285671267
1554785028393,53.097,121.2,0.00566,0.42,0.28811664
1554785028439,53.143,121.2,0.00566,0.42,0.28811664
1554785028485,53.189,121.2,0.00566,0.42,0.28811664
1554785028531,53.235,121.2,0.00566,0.42,0.28811664
1554785028592,53.296,121.2,0.00559,0.422,0.285908376
1554785028638,53.342,121.2,0.00559,0.422,0.285908376
1554785028684,53.388,121.2,0.00559,0.422,0.285908376
1554785028731,53.435,121.2,0.00559,0.422,0.285908376
1554785028793,53.497,121.2,0.00558,0.422,0.285396912
1554785028839,53.543,121.2,0.00558,0.422,0.285396912
1554785028885,53.589,121.2,0.00558,0.422,0.285396912
1554785028932,53.636,121.2,0.00558,0.422,0.285396912
1554785028993,53.697,121.2,0.00559,0.422,0.285908376
1554785029039,53.743,121.2,0.00559,0.422,0.285908376
1554785029085,53.789,121.2,0.00559,0.422,0.285908376
1554785029131,53.835,121.2,0.00559,0.422,0.285908376
1554785029192,53.896,121.1,0.00563,0.423,0.288398439
1554785029238,53.942,121.1,0.00563,0.423,0.288398439
1554785029284,53.988,121.1,0.00563,0.423,0.288398439
1554785029330,54.035,121.1,0.00563,0.423,0.288398439
1554785029393,54.097,121.2,0.00563,0.423,0.288636588
1554785029439,54.143,121.2,0.00563,0.423,0.288636588
1554785029485,54.189,121.2,0.00563,0.423,0.288636588
1554785029531,54.235,121.2,0.00563,0.423,0.288636588
1554785029592,54.296,121.2,0.00564,0.421,0.287782128
1554785029638,54.342,121.2,0.00564,0.421,0.287782128
1554785029684,54.388,121.2,0.00564,0.421,0.287782128
1554785029730,54.434,121.2,0.00564,0.421,0.287782128
1554785029793,54.497,121.2,0.00566,0.422,0.289488624
1554785029839,54.543,121.2,0.00566,0.422,0.289488624
1554785029885,54.589,121.2,0.00566,0.422,0.289488624
1554785029931,54.635,121.2,0.00566,0.422,0.289488624
1554785029992,54.696,121.2,0.00565,0.422,0.28897716
1554785030038,54.742,121.2,0.00565,0.422,0.28897716
1554785030084,54.788,121.2,0.00565,0.422,0.28897716
1554785030130,54.834,121.2,0.00565,0.422,0.28897716
1554785030193,54.897,121.2,0.00568,0.422,0.290511552
1554785030239,54.943,121.2,0.00568,0.422,0.290511552
1554785030285,54.989,121.2,0.00568,0.422,0.290511552
1554785030331,55.035,121.2,0.00568,0.422,0.290511552
1554785030392,55.096,121.2,0.00568,0.422,0.290511552
1554785030438,55.142,121.2,0.00568,0.422,0.290511552
1554785030485,55.189,121.2,0.00568,0.422,0.290511552
1554785030531,55.235,121.2,0.00568,0.422,0.290511552
1554785030593,55.297,121.3,0.00566,0.424,0.291100592
1554785030639,55.343,121.3,0.00566,0.424,0.291100592
1554785030685,55.389,121.3,0.00566,0.424,0.291100592
1554785030731,55.435,121.3,0.00566,0.424,0.291100592
1554785030792,55.496,121.3,0.00565,0.421,0.288530245
1554785030838,55.542,121.3,0.00565,0.421,0.288530245
1554785030884,55.588,121.3,0.00565,0.421,0.288530245
1554785030931,55.635,121.3,0.00565,0.421,0.288530245
1554785030993,55.697,121.3,0.00567,0.422,0.290239362
1554785031039,55.743,121.3,0.00567,0.422,0.290239362
1554785031085,55.789,121.3,0.00567,0.422,0.290239362
1554785031131,55.835,121.3,0.00567,0.422,0.290239362
1554785031193,55.897,121.3,0.0056,0.425,0.288694
1554785031238,55.942,121.3,0.0056,0.425,0.288694
1554785031285,55.989,121.3,0.0056,0.425,0.288694
1554785031331,56.035,121.3,0.0056,0.425,0.288694
1554785031393,56.097,121.3,0.00558,0.426,0.288339804
1554785031439,56.143,121.3,0.00558,0.426,0.288339804
1554785031485,56.189,121.3,0.00558,0.426,0.288339804
1554785031531,56.235,121.3,0.00558,0.426,0.288339804
1554785031592,56.296,121.3,0.00558,0.424,0.286986096
1554785031638,56.342,121.3,0.00558,0.424,0.286986096
1554785031684,56.388,121.3,0.00558,0.424,0.286986096
1554785031730,56.434,121.3,0.00558,0.424,0.286986096
1554785031793,56.497,121.3,0.00559,0.423,0.286822341
1554785031839,56.543,121.3,0.00559,0.423,0.286822341
1554785031885,56.589,121.3,0.00559,0.423,0.286822341
1554785031931,56.635,121.3,0.00559,0.423,0.286822341
1554785031992,56.696,121.2,0.00561,0.42,0.28557144
1554785032038,56.742,121.2,0.00561,0.42,0.28557144
1554785032084,56.788,121.2,0.00561,0.42,0.28557144
1554785032130,56.834,121.2,0.00561,0.42,0.28557144
1554785032193,56.897,121.2,0.00559,0.421,0.285230868
1554785032239,56.943,121.2,0.00559,0.421,0.285230868
1554785032285,56.989,121.2,0.00559,0.421,0.285230868
1554785032331,57.035,121.2,0.00559,0.421,0.285230868
1554785032392,57.096,121.2,0.0056,0.421,0.28574112
1554785032439,57.143,121.2,0.0056,0.421,0.28574112
1554785032485,57.189,121.2,0.0056,0.421,0.28574112
1554785032531,57.235,121.2,0.0056,0.421,0.28574112
1554785032592,57.296,121.2,0.00558,0.421,0.284720616
1554785032638,57.342,121.2,0.00558,0.421,0.284720616
1554785032684,57.388,121.2,0.00558,0.421,0.284720616
1554785032730,57.434,121.2,0.00558,0.421,0.284720616
1554785032792,57.496,121.2,0.00559,0.42,0.28455336
1554785032838,57.542,121.2,0.00559,0.42,0.28455336
1554785032884,57.588,121.2,0.00559,0.42,0.28455336
1554785032930,57.634,121.2,0.00559,0.42,0.28455336
1554785032993,57.697,121.1,0.0056,0.42,0.2848272
1554785033039,57.743,121.1,0.0056,0.42,0.2848272
1554785033085,57.789,121.1,0.0056,0.42,0.2848272
1554785033131,57.835,121.1,0.0056,0.42,0.2848272
1554785033192,57.896,121.1,0.00563,0.422,0.287716646
1554785033238,57.942,121.1,0.00563,0.422,0.287716646
1554785033284,57.988,121.1,0.00563,0.422,0.287716646
1554785033330,58.034,121.1,0.00563,0.422,0.287716646
1554785033393,58.097,121.1,0.00566,0.422,0.289249772
1554785033439,58.143,121.1,0.00566,0.422,0.289249772
1554785033485,58.189,121.1,0.00566,0.422,0.289249772
1554785033531,58.235,121.1,0.00566,0.422,0.289249772
1554785033592,58.296,121.2,0.00571,0.416,0.287893632
1554785033638,58.342,121.2,0.00571,0.416,0.287893632
1554785033684,58.388,121.2,0.00571,0.416,0.287893632
1554785033730,58.434,121.2,0.00571,0.416,0.287893632
1554785033792,58.496,121.1,0.00567,0.42,0.28838754
1554785033838,58.542,121.1,0.00567,0.42,0.28838754
1554785033885,58.589,121.1,0.00567,0.42,0.28838754
1554785033931,58.635,121.1,0.00567,0.42,0.28838754
1554785033992,58.696,121.1,0.00567,0.423,0.290447451
1554785034037,58.742,121.1,0.00567,0.423,0.290447451
1554785034084,58.788,121.1,0.00567,0.423,0.290447451
1554785034130,58.834,121.1,0.00567,0.423,0.290447451
1554785034192,58.896,121.1,0.00565,0.425,0.290791375
1554785034238,58.942,121.1,0.00565,0.425,0.290791375
1554785034284,58.988,121.1,0.00565,0.425,0.290791375
1554785034330,59.035,121.1,0.00565,0.425,0.290791375
1554785034392,59.096,121.2,0.00564,0.426,0.291199968
1554785034438,59.142,121.2,0.00564,0.426,0.291199968
1554785034484,59.188,121.2,0.00564,0.426,0.291199968
1554785034530,59.234,121.2,0.00564,0.426,0.291199968
1554785034592,59.296,121.2,0.0057,0.425,0.293607
1554785034638,59.342,121.2,0.0057,0.425,0.293607
1554785034684,59.389,121.2,0.0057,0.425,0.293607
1554785034731,59.435,121.2,0.0057,0.425,0.293607
1554785034792,59.496,121.3,0.00566,0.422,0.289727476
1554785034838,59.542,121.3,0.00566,0.422,0.289727476
1554785034884,59.588,121.3,0.00566,0.422,0.289727476
1554785034930,59.634,121.3,0.00566,0.422,0.289727476
1554785034992,59.697,121.3,0.00564,0.424,0.290071968
1554785035039,59.743,121.3,0.00564,0.424,0.290071968
1554785035085,59.789,121.3,0.00564,0.424,0.290071968
1554785035131,59.835,121.3,0.00564,0.424,0.290071968
1554785035192,59.896,121.2,0.00562,0.423,0.288123912
1554785035238,59.942,121.2,0.00562,0.423,0.288123912
1554785035284,59.988,121.2,0.00562,0.423,0.288123912
1554785035330,60.034,121.2,0.00562,0.423,0.288123912
1554785035393,60.097,121.3,0.00564,0.425,0.2907561
1554785035438,60.143,121.3,0.00564,0.425,0.2907561
1554785035485,60.189,121.3,0.00564,0.425,0.2907561
1554785035530,60.234,121.3,0.00564,0.425,0.2907561
1554785035592,60.296,121.3,0.00561,0.42,0.28580706
1554785035637,60.342,121.3,0.00561,0.42,0.28580706
1554785035684,60.388,121.3,0.00561,0.42,0.28580706
1554785035730,60.434,121.3,0.00561,0.42,0.28580706
1554785035792,60.496,121.3,0.00563,0.421,0.287508899
1554785035838,60.542,121.3,0.00563,0.421,0.287508899
1554785035884,60.588,121.3,0.00563,0.421,0.287508899
1554785035930,60.634,121.3,0.00563,0.421,0.287508899
1554785035992,60.696,121.3,0.00557,0.42,0.28376922
1554785036037,60.741,121.3,0.00557,0.42,0.28376922
1554785036084,60.788,121.3,0.00557,0.42,0.28376922
1554785036130,60.834,121.3,0.00557,0.42,0.28376922
1554785036192,60.896,121.2,0.00556,0.423,0.285047856
1554785036238,60.942,121.2,0.00556,0.423,0.285047856
1554785036284,60.989,121.2,0.00556,0.423,0.285047856
1554785036331,61.035,121.2,0.00556,0.423,0.285047856
1554785036392,61.096,121.2,0.00555,0.423,0.28453518
1554785036438,61.142,121.2,0.00555,0.423,0.28453518
1554785036484,61.188,121.2,0.00555,0.423,0.28453518
1554785036530,61.234,121.2,0.00555,0.423,0.28453518
1554785036592,61.296,121.2,0.00558,0.424,0.286749504
1554785036638,61.343,121.2,0.00558,0.424,0.286749504
1554785036685,61.389,121.2,0.00558,0.424,0.286749504
1554785036731,61.435,121.2,0.00558,0.424,0.286749504
1554785036792,61.496,121.2,0.00558,0.423,0.286073208
1554785036838,61.542,121.2,0.00558,0.423,0.286073208
1554785036884,61.588,121.2,0.00558,0.423,0.286073208
1554785036930,61.634,121.2,0.00558,0.423,0.286073208
1554785036992,61.696,121.2,0.00555,0.423,0.28453518
1554785037038,61.742,121.2,0.00555,0.423,0.28453518
1554785037084,61.789,121.2,0.00555,0.423,0.28453518
1554785037131,61.835,121.2,0.00555,0.423,0.28453518
1554785037192,61.896,121.2,0.00559,0.425,0.2879409
1554785037238,61.942,121.2,0.00559,0.425,0.2879409
1554785037284,61.988,121.2,0.00559,0.425,0.2879409
1554785037330,62.034,121.2,0.00559,0.425,0.2879409
1554785037392,62.096,121.1,0.00561,0.425,0.288732675
1554785037438,62.142,121.1,0.00561,0.425,0.288732675
1554785037484,62.188,121.1,0.00561,0.425,0.288732675
1554785037530,62.234,121.1,0.00561,0.425,0.288732675
1554785037591,62.295,121.2,0.00562,0.424,0.288805056
1554785037637,62.341,121.2,0.00562,0.424,0.288805056
1554785037683,62.387,121.2,0.00562,0.424,0.288805056
1554785037729,62.434,121.2,0.00562,0.424,0.288805056
1554785037792,62.496,121.1,0.00564,0.424,0.289593696
1554785037838,62.542,121.1,0.00564,0.424,0.289593696
1554785037884,62.588,121.1,0.00564,0.424,0.289593696
1554785037930,62.635,121.1,0.00564,0.424,0.289593696
1554785037991,62.696,121.2,0.00563,0.425,0.2900013
1554785038038,62.742,121.2,0.00563,0.425,0.2900013
1554785038084,62.788,121.2,0.00563,0.425,0.2900013
1554785038129,62.834,121.2,0.00563,0.425,0.2900013
1554785038192,62.896,121.2,0.00567,0.423,0.290687292
1554785038238,62.942,121.2,0.00567,0.423,0.290687292
1554785038284,62.988,121.2,0.00567,0.423,0.290687292
1554785038329,63.034,121.2,0.00567,0.423,0.290687292
1554785038392,63.096,121.2,0.00572,0.419,0.290477616
1554785038438,63.142,121.2,0.00572,0.419,0.290477616
1554785038484,63.188,121.2,0.00572,0.419,0.290477616
1554785038530,63.234,121.2,0.00572,0.419,0.290477616
1554785038591,63.295,121.2,0.00565,0.421,0.28829238
1554785038637,63.341,121.2,0.00565,0.421,0.28829238
1554785038684,63.388,121.2,0.00565,0.421,0.28829238
1554785038731,63.435,121.2,0.00565,0.421,0.28829238
1554785038792,63.496,121.2,0.00564,0.425,0.2905164
1554785038838,63.542,121.2,0.00564,0.425,0.2905164
1554785038884,63.588,121.2,0.00564,0.425,0.2905164
1554785038930,63.635,121.2,0.00564,0.425,0.2905164
1554785038991,63.696,121.2,0.00562,0.422,0.287442768
1554785039038,63.742,121.2,0.00562,0.422,0.287442768
1554785039084,63.788,121.2,0.00562,0.422,0.287442768
1554785039130,63.834,121.2,0.00562,0.422,0.287442768
1554785039192,63.896,121.2,0.00564,0.424,0.289832832
1554785039238,63.942,121.2,0.00564,0.424,0.289832832
1554785039284,63.988,121.2,0.00564,0.424,0.289832832
1554785039330,64.034,121.2,0.00564,0.424,0.289832832
1554785039391,64.096,121.2,0.00562,0.423,0.288123912
1554785039438,64.142,121.2,0.00562,0.423,0.288123912
1554785039484,64.188,121.2,0.00562,0.423,0.288123912
1554785039530,64.234,121.2,0.00562,0.423,0.288123912
1554785039591,64.295,121.3,0.00559,0.424,0.287500408
1554785039637,64.341,121.3,0.00559,0.424,0.287500408
1554785039683,64.387,121.3,0.00559,0.424,0.287500408
1554785039729,64.434,121.3,0.00559,0.424,0.287500408
1554785039792,64.496,121.3,0.00557,0.425,0.287147425
1554785039838,64.542,121.3,0.00557,0.425,0.287147425
1554785039884,64.588,121.3,0.00557,0.425,0.287147425
1554785039930,64.634,121.3,0.00557,0.425,0.287147425
1554785039992,64.696,121.3,0.00556,0.424,0.285957472
1554785040038,64.742,121.3,0.00556,0.424,0.285957472
1554785040084,64.788,121.3,0.00556,0.424,0.285957472
1554785040130,64.834,121.3,0.00556,0.424,0.285957472
1554785040191,64.895,121.2,0.00555,0.422,0.28386252
1554785040237,64.941,121.2,0.00555,0.422,0.28386252
1554785040283,64.987,121.2,0.00555,0.422,0.28386252
1554785040329,65.034,121.2,0.00555,0.422,0.28386252
1554785040392,65.096,121.2,0.00554,0.424,0.284693952
1554785040438,65.142,121.2,0.00554,0.424,0.284693952
1554785040484,65.188,121.2,0.00554,0.424,0.284693952
1554785040530,65.234,121.2,0.00554,0.424,0.284693952
1554785040591,65.295,121.2,0.00558,0.423,0.286073208
1554785040637,65.342,121.2,0.00558,0.423,0.286073208
1554785040684,65.388,121.2,0.00558,0.423,0.286073208
1554785040730,65.434,121.2,0.00558,0.423,0.286073208
1554785040792,65.496,121.2,0.00561,0.421,0.286251372
1554785040838,65.542,121.2,0.00561,0.421,0.286251372
1554785040884,65.588,121.2,0.00561,0.421,0.286251372
1554785040930,65.634,121.2,0.00561,0.421,0.286251372
1554785040991,65.696,121.1,0.00559,0.42,0.28431858
1554785041038,65.742,121.1,0.00559,0.42,0.28431858
1554785041084,65.788,121.1,0.00559,0.42,0.28431858
1554785041130,65.834,121.1,0.00559,0.42,0.28431858
1554785041191,65.895,121.1,0.0056,0.424,0.28753984
1554785041237,65.941,121.1,0.0056,0.424,0.28753984
1554785041283,65.987,121.1,0.0056,0.424,0.28753984
1554785041329,66.033,121.1,0.0056,0.424,0.28753984
1554785041391,66.096,121.1,0.00559,0.426,0.288380274
1554785041438,66.142,121.1,0.00559,0.426,0.288380274
1554785041484,66.188,121.1,0.00559,0.426,0.288380274
1554785041530,66.234,121.1,0.00559,0.426,0.288380274
1554785041591,66.295,121.1,0.00562,0.427,0.290608514
1554785041637,66.341,121.1,0.00562,0.427,0.290608514
1554785041684,66.388,121.1,0.00562,0.427,0.290608514
1554785041730,66.434,121.1,0.00562,0.427,0.290608514
1554785041791,66.495,121.1,0.0056,0.424,0.28753984
1554785041837,66.541,121.1,0.0056,0.424,0.28753984
1554785041883,66.587,121.1,0.0056,0.424,0.28753984
1554785041929,66.633,121.1,0.0056,0.424,0.28753984
1554785041991,66.695,121.1,0.00564,0.424,0.289593696
1554785042037,66.741,121.1,0.00564,0.424,0.289593696
1554785042084,66.788,121.1,0.00564,0.424,0.289593696
1554785042130,66.834,121.1,0.00564,0.424,0.289593696
1554785042191,66.895,121.1,0.00562,0.426,0.289927932
1554785042236,66.941,121.1,0.00562,0.426,0.289927932
1554785042282,66.987,121.1,0.00562,0.426,0.289927932
1554785042328,67.032,121.1,0.00562,0.426,0.289927932
1554785042391,67.095,121.1,0.00566,0.422,0.289249772
1554785042437,67.141,121.1,0.00566,0.422,0.289249772
1554785042483,67.187,121.1,0.00566,0.422,0.289249772
1554785042529,67.233,121.1,0.00566,0.422,0.289249772
1554785042591,67.295,121.2,0.00566,0.423,0.290174616
1554785042637,67.341,121.2,0.00566,0.423,0.290174616
1554785042683,67.387,121.2,0.00566,0.423,0.290174616
1554785042729,67.433,121.2,0.00566,0.423,0.290174616
1554785042791,67.495,121.2,0.00564,0.424,0.289832832
1554785042836,67.541,121.2,0.00564,0.424,0.289832832
1554785042882,67.587,121.2,0.00564,0.424,0.289832832
1554785042929,67.633,121.2,0.00564,0.424,0.289832832
1554785042991,67.695,121.2,0.00559,0.427,0.289295916
1554785043037,67.741,121.2,0.00559,0.427,0.289295916
1554785043083,67.787,121.2,0.00559,0.427,0.289295916
1554785043129,67.833,121.2,0.00559,0.427,0.289295916
1554785043192,67.896,121.2,0.0056,0.426,0.28913472
1554785043238,67.942,121.2,0.0056,0.426,0.28913472
1554785043284,67.988,121.2,0.0056,0.426,0.28913472
1554785043330,68.034,121.2,0.0056,0.426,0.28913472
1554785043391,68.095,121.2,0.00559,0.424,0.287263392
1554785043437,68.141,121.2,0.00559,0.424,0.287263392
1554785043483,68.187,121.2,0.00559,0.424,0.287263392
1554785043530,68.234,121.2,0.00559,0.424,0.287263392
1554785043591,68.295,121.2,0.00556,0.426,0.287069472
1554785043637,68.341,121.2,0.00556,0.426,0.287069472
1554785043683,68.387,121.2,0.00556,0.426,0.287069472
1554785043729,68.433,121.2,0.00556,0.426,0.287069472
1554785043792,68.496,121.2,0.0056,0.425,0.288456
1554785043838,68.542,121.2,0.0056,0.425,0.288456
1554785043884,68.588,121.2,0.0056,0.425,0.288456
1554785043930,68.634,121.2,0.0056,0.425,0.288456
1554785043991,68.695,121.2,0.00556,0.423,0.285047856
1554785044037,68.741,121.2,0.00556,0.423,0.285047856
1554785044083,68.787,121.2,0.00556,0.423,0.285047856
1554785044129,68.833,121.2,0.00556,0.423,0.285047856
1554785044191,68.896,121.2,0.00555,0.42,0.2825172
1554785044238,68.942,121.2,0.00555,0.42,0.2825172
1554785044284,68.988,121.2,0.00555,0.42,0.2825172
1554785044330,69.034,121.2,0.00555,0.42,0.2825172
1554785044391,69.095,121.2,0.00558,0.421,0.284720616
1554785044437,69.141,121.2,0.00558,0.421,0.284720616
1554785044483,69.187,121.2,0.00558,0.421,0.284720616
1554785044529,69.233,121.2,0.00558,0.421,0.284720616
1554785044591,69.295,121.2,0.00563,0.422,0.287954232
1554785044637,69.341,121.2,0.00563,0.422,0.287954232
1554785044683,69.387,121.2,0.00563,0.422,0.287954232
1554785044729,69.433,121.2,0.00563,0.422,0.287954232
1554785044791,69.495,121.2,0.00616,0.426,0.318048192
1554785044837,69.541,121.2,0.00616,0.426,0.318048192
1554785044884,69.588,121.2,0.00616,0.426,0.318048192
1554785044930,69.634,121.2,0.00616,0.426,0.318048192
1554785044991,69.695,121.2,0.0063,0.426,0.32527656
1554785045037,69.741,121.2,0.0063,0.426,0.32527656
1554785045083,69.787,121.2,0.0063,0.426,0.32527656
1554785045129,69.833,121.2,0.0063,0.426,0.32527656
1554785045191,69.896,121.1,0.00623,0.427,0.322151431
1554785045238,69.942,121.1,0.00623,0.427,0.322151431
1554785045284,69.988,121.1,0.00623,0.427,0.322151431
1554785045330,70.034,121.1,0.00623,0.427,0.322151431
1554785045391,70.095,121.1,0.00626,0.428,0.324460808
1554785045437,70.141,121.1,0.00626,0.428,0.324460808
You pressed Ctrl+C!
1554785045483,70.187,121.1,0.00626,0.428,0.324460808
