# Mon Apr 08 21:47:33 2019
abstime,time_stamp,volt,curr,pf,mul
1554785253213,0.08,121.2,0.0061,0.424,0.31347168
1554785253261,0.128,121.2,0.0061,0.424,0.31347168
1554785253307,0.174,121.2,0.0061,0.424,0.31347168
1554785253368,0.235,121.2,0.00579,0.423,0.296839404
1554785253413,0.28,121.2,0.00579,0.423,0.296839404
1554785253459,0.326,121.2,0.00579,0.423,0.296839404
1554785253503,0.371,121.2,0.00579,0.423,0.296839404
1554785253568,0.435,121.2,0.00582,0.418,0.294850512
1554785253613,0.48,121.2,0.00582,0.418,0.294850512
1554785253659,0.526,121.2,0.00582,0.418,0.294850512
1554785253704,0.571,121.2,0.00582,0.418,0.294850512
1554785253768,0.635,121.3,0.00585,0.416,0.29519568
1554785253814,0.681,121.3,0.00585,0.416,0.29519568
1554785253860,0.727,121.3,0.00585,0.416,0.29519568
1554785253906,0.773,121.3,0.00585,0.416,0.29519568
1554785253968,0.835,121.3,0.00578,0.419,0.293766766
1554785254015,0.882,121.3,0.00578,0.419,0.293766766
1554785254061,0.928,121.3,0.00578,0.419,0.293766766
1554785254107,0.974,121.3,0.00578,0.419,0.293766766
1554785254168,1.035,121.3,0.00574,0.419,0.291733778
1554785254214,1.081,121.3,0.00574,0.419,0.291733778
1554785254260,1.127,121.3,0.00574,0.419,0.291733778
1554785254306,1.173,121.3,0.00574,0.419,0.291733778
1554785254369,1.236,121.3,0.00571,0.422,0.292286906
1554785254415,1.282,121.3,0.00571,0.422,0.292286906
1554785254461,1.328,121.3,0.00571,0.422,0.292286906
1554785254507,1.374,121.3,0.00571,0.422,0.292286906
1554785254568,1.435,121.3,0.00574,0.419,0.291733778
1554785254614,1.481,121.3,0.00574,0.419,0.291733778
1554785254660,1.527,121.3,0.00574,0.419,0.291733778
1554785254706,1.573,121.3,0.00574,0.419,0.291733778
1554785254768,1.635,121.3,0.00575,0.422,0.29433445
1554785254814,1.681,121.3,0.00575,0.422,0.29433445
1554785254860,1.727,121.3,0.00575,0.422,0.29433445
1554785254907,1.774,121.3,0.00575,0.422,0.29433445
1554785254968,1.835,121.3,0.00574,0.418,0.291037516
1554785255014,1.881,121.3,0.00574,0.418,0.291037516
1554785255060,1.927,121.3,0.00574,0.418,0.291037516
1554785255106,1.973,121.3,0.00574,0.418,0.291037516
1554785255168,2.035,121.3,0.00575,0.42,0.2929395
1554785255215,2.082,121.3,0.00575,0.42,0.2929395
1554785255261,2.128,121.3,0.00575,0.42,0.2929395
1554785255307,2.174,121.3,0.00575,0.42,0.2929395
1554785255368,2.235,121.3,0.00567,0.418,0.287488278
1554785255414,2.281,121.3,0.00567,0.418,0.287488278
1554785255460,2.327,121.3,0.00567,0.418,0.287488278
1554785255506,2.373,121.3,0.00567,0.418,0.287488278
1554785255568,2.435,121.2,0.00573,0.42,0.29167992
1554785255614,2.481,121.2,0.00573,0.42,0.29167992
1554785255661,2.528,121.2,0.00573,0.42,0.29167992
1554785255707,2.574,121.2,0.00573,0.42,0.29167992
1554785255768,2.635,121.2,0.00574,0.422,0.293580336
1554785255814,2.681,121.2,0.00574,0.422,0.293580336
1554785255860,2.727,121.2,0.00574,0.422,0.293580336
1554785255906,2.773,121.2,0.00574,0.422,0.293580336
1554785255968,2.835,121.3,0.00577,0.419,0.293258519
1554785256014,2.881,121.3,0.00577,0.419,0.293258519
1554785256060,2.927,121.3,0.00577,0.419,0.293258519
1554785256106,2.973,121.3,0.00577,0.419,0.293258519
1554785256169,3.036,121.2,0.00573,0.418,0.290290968
1554785256215,3.082,121.2,0.00573,0.418,0.290290968
1554785256261,3.128,121.2,0.00573,0.418,0.290290968
1554785256307,3.174,121.2,0.00573,0.418,0.290290968
1554785256368,3.235,121.2,0.00571,0.421,0.291353892
1554785256414,3.281,121.2,0.00571,0.421,0.291353892
1554785256460,3.327,121.2,0.00571,0.421,0.291353892
1554785256506,3.373,121.2,0.00571,0.421,0.291353892
1554785256569,3.436,121.2,0.00571,0.421,0.291353892
1554785256615,3.482,121.2,0.00571,0.421,0.291353892
1554785256661,3.528,121.2,0.00571,0.421,0.291353892
1554785256707,3.574,121.2,0.00571,0.421,0.291353892
1554785256768,3.635,121.2,0.00575,0.422,0.2940918
1554785256814,3.681,121.2,0.00575,0.422,0.2940918
1554785256860,3.728,121.2,0.00575,0.422,0.2940918
1554785256907,3.774,121.2,0.00575,0.422,0.2940918
1554785256968,3.835,121.2,0.00576,0.422,0.294603264
1554785257013,3.881,121.2,0.00576,0.422,0.294603264
1554785257060,3.927,121.2,0.00576,0.422,0.294603264
1554785257106,3.973,121.2,0.00576,0.422,0.294603264
1554785257168,4.035,121.3,0.00578,0.422,0.295870108
1554785257214,4.081,121.3,0.00578,0.422,0.295870108
1554785257260,4.127,121.3,0.00578,0.422,0.295870108
1554785257306,4.173,121.3,0.00578,0.422,0.295870108
1554785257368,4.235,121.3,0.00577,0.42,0.29395842
1554785257414,4.281,121.3,0.00577,0.42,0.29395842
1554785257460,4.327,121.3,0.00577,0.42,0.29395842
1554785257506,4.373,121.3,0.00577,0.42,0.29395842
1554785257568,4.435,121.2,0.00574,0.424,0.294971712
1554785257614,4.481,121.2,0.00574,0.424,0.294971712
1554785257660,4.527,121.2,0.00574,0.424,0.294971712
1554785257706,4.574,121.2,0.00574,0.424,0.294971712
1554785257768,4.635,121.2,0.00577,0.425,0.2972127
1554785257814,4.681,121.2,0.00577,0.425,0.2972127
1554785257860,4.727,121.2,0.00577,0.425,0.2972127
1554785257906,4.773,121.2,0.00577,0.425,0.2972127
1554785257968,4.835,121.3,0.00574,0.424,0.295215088
1554785258014,4.882,121.3,0.00574,0.424,0.295215088
1554785258061,4.928,121.3,0.00574,0.424,0.295215088
1554785258107,4.974,121.3,0.00574,0.424,0.295215088
1554785258168,5.035,121.3,0.00578,0.418,0.293065652
1554785258214,5.081,121.3,0.00578,0.418,0.293065652
1554785258260,5.127,121.3,0.00578,0.418,0.293065652
1554785258306,5.173,121.3,0.00578,0.418,0.293065652
1554785258368,5.235,121.3,0.00574,0.42,0.29243004
1554785258413,5.281,121.3,0.00574,0.42,0.29243004
1554785258460,5.327,121.3,0.00574,0.42,0.29243004
1554785258506,5.373,121.3,0.00574,0.42,0.29243004
1554785258568,5.435,121.3,0.00571,0.42,0.29090166
1554785258614,5.481,121.3,0.00571,0.42,0.29090166
1554785258660,5.527,121.3,0.00571,0.42,0.29090166
1554785258707,5.574,121.3,0.00571,0.42,0.29090166
1554785258768,5.635,121.3,0.00572,0.422,0.292798792
1554785258813,5.681,121.3,0.00572,0.422,0.292798792
1554785258860,5.727,121.3,0.00572,0.422,0.292798792
1554785258906,5.773,121.3,0.00572,0.422,0.292798792
1554785258968,5.835,121.3,0.0057,0.42,0.2903922
1554785259014,5.881,121.3,0.0057,0.42,0.2903922
1554785259060,5.927,121.3,0.0057,0.42,0.2903922
1554785259106,5.974,121.3,0.0057,0.42,0.2903922
1554785259168,6.035,121.3,0.00566,0.422,0.289727476
1554785259213,6.08,121.3,0.00566,0.422,0.289727476
1554785259259,6.126,121.3,0.00566,0.422,0.289727476
1554785259305,6.173,121.3,0.00566,0.422,0.289727476
1554785259368,6.235,121.3,0.00564,0.423,0.289387836
1554785259414,6.281,121.3,0.00564,0.423,0.289387836
1554785259460,6.327,121.3,0.00564,0.423,0.289387836
1554785259506,6.373,121.3,0.00564,0.423,0.289387836
1554785259568,6.435,121.3,0.00566,0.42,0.28835436
1554785259614,6.481,121.3,0.00566,0.42,0.28835436
1554785259660,6.527,121.3,0.00566,0.42,0.28835436
1554785259706,6.573,121.3,0.00566,0.42,0.28835436
1554785259768,6.635,121.3,0.00567,0.423,0.290927133
1554785259814,6.681,121.3,0.00567,0.423,0.290927133
1554785259860,6.727,121.3,0.00567,0.423,0.290927133
1554785259907,6.774,121.3,0.00567,0.423,0.290927133
1554785259968,6.835,121.3,0.00566,0.423,0.290414034
1554785260014,6.881,121.3,0.00566,0.423,0.290414034
1554785260060,6.927,121.3,0.00566,0.423,0.290414034
1554785260106,6.973,121.3,0.00566,0.423,0.290414034
1554785260167,7.034,121.3,0.00571,0.423,0.292979529
1554785260213,7.08,121.3,0.00571,0.423,0.292979529
1554785260259,7.126,121.3,0.00571,0.423,0.292979529
1554785260305,7.173,121.3,0.00571,0.423,0.292979529
1554785260368,7.235,121.2,0.00574,0.419,0.291493272
1554785260414,7.281,121.2,0.00574,0.419,0.291493272
1554785260460,7.327,121.2,0.00574,0.419,0.291493272
1554785260506,7.373,121.2,0.00574,0.419,0.291493272
1554785260567,7.434,121.2,0.00575,0.418,0.2913042
1554785260613,7.481,121.2,0.00575,0.418,0.2913042
1554785260660,7.527,121.2,0.00575,0.418,0.2913042
1554785260706,7.573,121.2,0.00575,0.418,0.2913042
1554785260768,7.635,121.2,0.00575,0.422,0.2940918
1554785260814,7.681,121.2,0.00575,0.422,0.2940918
1554785260860,7.727,121.2,0.00575,0.422,0.2940918
1554785260906,7.773,121.2,0.00575,0.422,0.2940918
1554785260967,7.834,121.2,0.00575,0.424,0.2954856
1554785261013,7.88,121.2,0.00575,0.424,0.2954856
1554785261059,7.926,121.2,0.00575,0.424,0.2954856
1554785261105,7.972,121.2,0.00575,0.424,0.2954856
1554785261168,8.035,121.2,0.00574,0.422,0.293580336
1554785261214,8.081,121.2,0.00574,0.422,0.293580336
1554785261260,8.127,121.2,0.00574,0.422,0.293580336
1554785261306,8.173,121.2,0.00574,0.422,0.293580336
1554785261367,8.234,121.2,0.00573,0.425,0.2951523
1554785261413,8.28,121.2,0.00573,0.425,0.2951523
1554785261459,8.326,121.2,0.00573,0.425,0.2951523
1554785261505,8.372,121.2,0.00573,0.425,0.2951523
1554785261567,8.434,121.2,0.00569,0.425,0.2930919
1554785261613,8.48,121.2,0.00569,0.425,0.2930919
1554785261659,8.526,121.2,0.00569,0.425,0.2930919
1554785261705,8.572,121.2,0.00569,0.425,0.2930919
1554785261767,8.634,121.2,0.00573,0.425,0.2951523
1554785261813,8.68,121.2,0.00573,0.425,0.2951523
1554785261859,8.726,121.2,0.00573,0.425,0.2951523
1554785261905,8.772,121.2,0.00573,0.425,0.2951523
1554785261967,8.834,121.2,0.00572,0.423,0.293250672
1554785262014,8.881,121.2,0.00572,0.423,0.293250672
1554785262060,8.927,121.2,0.00572,0.423,0.293250672
1554785262106,8.973,121.2,0.00572,0.423,0.293250672
1554785262168,9.035,121.3,0.00573,0.424,0.294700776
1554785262214,9.081,121.3,0.00573,0.424,0.294700776
1554785262260,9.127,121.3,0.00573,0.424,0.294700776
1554785262306,9.173,121.3,0.00573,0.424,0.294700776
1554785262367,9.234,121.3,0.0057,0.424,0.29315784
1554785262413,9.28,121.3,0.0057,0.424,0.29315784
1554785262460,9.327,121.3,0.0057,0.424,0.29315784
1554785262506,9.373,121.3,0.0057,0.424,0.29315784
1554785262568,9.435,121.3,0.00574,0.419,0.291733778
1554785262614,9.481,121.3,0.00574,0.419,0.291733778
1554785262660,9.528,121.3,0.00574,0.419,0.291733778
1554785262707,9.574,121.3,0.00574,0.419,0.291733778
1554785262768,9.635,121.2,0.00572,0.422,0.292557408
1554785262814,9.681,121.2,0.00572,0.422,0.292557408
1554785262860,9.727,121.2,0.00572,0.422,0.292557408
1554785262906,9.773,121.2,0.00572,0.422,0.292557408
1554785262967,9.834,121.3,0.00568,0.423,0.291440232
1554785263013,9.88,121.3,0.00568,0.423,0.291440232
1554785263060,9.927,121.3,0.00568,0.423,0.291440232
1554785263106,9.973,121.3,0.00568,0.423,0.291440232
1554785263167,10.034,121.3,0.00566,0.423,0.290414034
1554785263213,10.08,121.3,0.00566,0.423,0.290414034
1554785263259,10.126,121.3,0.00566,0.423,0.290414034
1554785263305,10.172,121.3,0.00566,0.423,0.290414034
1554785263367,10.234,121.3,0.00561,0.424,0.288529032
1554785263413,10.28,121.3,0.00561,0.424,0.288529032
1554785263460,10.327,121.3,0.00561,0.424,0.288529032
1554785263506,10.373,121.3,0.00561,0.424,0.288529032
1554785263568,10.435,121.3,0.00566,0.424,0.291100592
1554785263614,10.481,121.3,0.00566,0.424,0.291100592
1554785263660,10.527,121.3,0.00566,0.424,0.291100592
1554785263706,10.573,121.3,0.00566,0.424,0.291100592
1554785263767,10.634,121.3,0.00569,0.423,0.291953331
1554785263813,10.68,121.3,0.00569,0.423,0.291953331
1554785263859,10.726,121.3,0.00569,0.423,0.291953331
1554785263906,10.773,121.3,0.00569,0.423,0.291953331
1554785263968,10.835,121.3,0.00569,0.423,0.291953331
1554785264014,10.881,121.3,0.00569,0.423,0.291953331
1554785264060,10.927,121.3,0.00569,0.423,0.291953331
1554785264106,10.973,121.3,0.00569,0.423,0.291953331
1554785264168,11.035,121.3,0.00571,0.421,0.291594283
1554785264214,11.081,121.3,0.00571,0.421,0.291594283
1554785264260,11.127,121.3,0.00571,0.421,0.291594283
1554785264306,11.173,121.3,0.00571,0.421,0.291594283
1554785264367,11.234,121.2,0.00569,0.423,0.291712644
1554785264413,11.28,121.2,0.00569,0.423,0.291712644
1554785264459,11.326,121.2,0.00569,0.423,0.291712644
1554785264505,11.372,121.2,0.00569,0.423,0.291712644
1554785264568,11.435,121.2,0.00574,0.421,0.292884648
1554785264614,11.481,121.2,0.00574,0.421,0.292884648
1554785264660,11.527,121.2,0.00574,0.421,0.292884648
1554785264706,11.573,121.2,0.00574,0.421,0.292884648
1554785264767,11.634,121.2,0.00578,0.421,0.294925656
1554785264813,11.68,121.2,0.00578,0.421,0.294925656
1554785264859,11.726,121.2,0.00578,0.421,0.294925656
1554785264905,11.772,121.2,0.00578,0.421,0.294925656
1554785264967,11.834,121.2,0.00573,0.423,0.293763348
1554785265014,11.881,121.2,0.00573,0.423,0.293763348
1554785265060,11.927,121.2,0.00573,0.423,0.293763348
1554785265106,11.973,121.2,0.00573,0.423,0.293763348
1554785265167,12.034,121.2,0.00571,0.424,0.293430048
1554785265213,12.08,121.2,0.00571,0.424,0.293430048
1554785265259,12.126,121.2,0.00571,0.424,0.293430048
1554785265305,12.172,121.2,0.00571,0.424,0.293430048
1554785265367,12.234,121.2,0.00571,0.425,0.2941221
1554785265414,12.281,121.2,0.00571,0.425,0.2941221
1554785265460,12.327,121.2,0.00571,0.425,0.2941221
1554785265506,12.373,121.2,0.00571,0.425,0.2941221
1554785265567,12.434,121.2,0.00575,0.426,0.2968794
1554785265613,12.48,121.2,0.00575,0.426,0.2968794
1554785265659,12.526,121.2,0.00575,0.426,0.2968794
1554785265705,12.572,121.2,0.00575,0.426,0.2968794
1554785265768,12.635,121.2,0.00575,0.422,0.2940918
1554785265814,12.681,121.2,0.00575,0.422,0.2940918
1554785265860,12.727,121.2,0.00575,0.422,0.2940918
1554785265906,12.773,121.2,0.00575,0.422,0.2940918
1554785265967,12.834,121.2,0.00576,0.425,0.2966976
1554785266013,12.88,121.2,0.00576,0.425,0.2966976
1554785266059,12.926,121.2,0.00576,0.425,0.2966976
1554785266105,12.972,121.2,0.00576,0.425,0.2966976
1554785266168,13.035,121.3,0.00576,0.421,0.294147648
1554785266214,13.081,121.3,0.00576,0.421,0.294147648
1554785266260,13.127,121.3,0.00576,0.421,0.294147648
1554785266306,13.173,121.3,0.00576,0.421,0.294147648
1554785266367,13.234,121.3,0.00576,0.421,0.294147648
1554785266413,13.28,121.3,0.00576,0.421,0.294147648
1554785266459,13.326,121.3,0.00576,0.421,0.294147648
1554785266506,13.373,121.3,0.00576,0.421,0.294147648
1554785266567,13.434,121.3,0.00572,0.418,0.290023448
1554785266612,13.479,121.3,0.00572,0.418,0.290023448
1554785266658,13.525,121.3,0.00572,0.418,0.290023448
1554785266705,13.572,121.3,0.00572,0.418,0.290023448
1554785266767,13.634,121.3,0.00579,0.418,0.293572686
1554785266813,13.68,121.3,0.00579,0.418,0.293572686
1554785266859,13.726,121.3,0.00579,0.418,0.293572686
1554785266905,13.772,121.3,0.00579,0.418,0.293572686
1554785266967,13.834,121.3,0.00572,0.421,0.292104956
1554785267013,13.88,121.3,0.00572,0.421,0.292104956
1554785267059,13.926,121.3,0.00572,0.421,0.292104956
1554785267106,13.973,121.3,0.00572,0.421,0.292104956
1554785267167,14.034,121.3,0.00569,0.423,0.291953331
1554785267212,14.079,121.3,0.00569,0.423,0.291953331
1554785267259,14.126,121.3,0.00569,0.423,0.291953331
1554785267306,14.173,121.3,0.00569,0.423,0.291953331
1554785267367,14.234,121.3,0.00567,0.424,0.291614904
1554785267413,14.28,121.3,0.00567,0.424,0.291614904
1554785267459,14.326,121.3,0.00567,0.424,0.291614904
1554785267505,14.372,121.3,0.00567,0.424,0.291614904
1554785267567,14.434,121.3,0.00567,0.421,0.289551591
1554785267612,14.479,121.3,0.00567,0.421,0.289551591
1554785267658,14.525,121.3,0.00567,0.421,0.289551591
1554785267704,14.571,121.3,0.00567,0.421,0.289551591
1554785267767,14.634,121.2,0.0057,0.419,0.28946196
1554785267813,14.68,121.2,0.0057,0.419,0.28946196
1554785267859,14.726,121.2,0.0057,0.419,0.28946196
1554785267905,14.772,121.2,0.0057,0.419,0.28946196
1554785267967,14.834,121.3,0.00573,0.421,0.292615629
1554785268013,14.88,121.3,0.00573,0.421,0.292615629
1554785268059,14.926,121.3,0.00573,0.421,0.292615629
1554785268106,14.973,121.3,0.00573,0.421,0.292615629
1554785268167,15.034,121.3,0.00571,0.423,0.292979529
1554785268213,15.08,121.3,0.00571,0.423,0.292979529
1554785268259,15.126,121.3,0.00571,0.423,0.292979529
1554785268305,15.172,121.3,0.00571,0.423,0.292979529
1554785268367,15.234,121.2,0.00574,0.421,0.292884648
1554785268414,15.281,121.2,0.00574,0.421,0.292884648
1554785268460,15.327,121.2,0.00574,0.421,0.292884648
1554785268506,15.373,121.2,0.00574,0.421,0.292884648
1554785268567,15.434,121.2,0.00574,0.423,0.294276024
1554785268613,15.48,121.2,0.00574,0.423,0.294276024
1554785268659,15.526,121.2,0.00574,0.423,0.294276024
1554785268705,15.572,121.2,0.00574,0.423,0.294276024
1554785268767,15.634,121.2,0.0058,0.42,0.2952432
1554785268813,15.68,121.2,0.0058,0.42,0.2952432
1554785268860,15.727,121.2,0.0058,0.42,0.2952432
1554785268906,15.773,121.2,0.0058,0.42,0.2952432
1554785268967,15.834,121.2,0.00579,0.421,0.295435908
1554785269013,15.88,121.2,0.00579,0.421,0.295435908
1554785269059,15.926,121.2,0.00579,0.421,0.295435908
1554785269105,15.972,121.2,0.00579,0.421,0.295435908
1554785269167,16.034,121.2,0.00576,0.422,0.294603264
1554785269213,16.08,121.2,0.00576,0.422,0.294603264
1554785269259,16.126,121.2,0.00576,0.422,0.294603264
1554785269305,16.172,121.2,0.00576,0.422,0.294603264
1554785269366,16.234,121.2,0.00576,0.422,0.294603264
1554785269412,16.279,121.2,0.00576,0.422,0.294603264
1554785269458,16.325,121.2,0.00576,0.422,0.294603264
1554785269505,16.372,121.2,0.00576,0.422,0.294603264
1554785269567,16.434,121.2,0.00574,0.424,0.294971712
1554785269613,16.48,121.2,0.00574,0.424,0.294971712
1554785269659,16.526,121.2,0.00574,0.424,0.294971712
1554785269705,16.572,121.2,0.00574,0.424,0.294971712
1554785269767,16.634,121.2,0.00577,0.424,0.296513376
1554785269813,16.68,121.2,0.00577,0.424,0.296513376
1554785269859,16.726,121.2,0.00577,0.424,0.296513376
1554785269905,16.772,121.2,0.00577,0.424,0.296513376
1554785269966,16.833,121.3,0.00576,0.423,0.295545024
1554785270013,16.88,121.3,0.00576,0.423,0.295545024
1554785270059,16.926,121.3,0.00576,0.423,0.295545024
1554785270106,16.973,121.3,0.00576,0.423,0.295545024
1554785270167,17.034,121.3,0.00573,0.422,0.293310678
1554785270213,17.08,121.3,0.00573,0.422,0.293310678
1554785270259,17.126,121.3,0.00573,0.422,0.293310678
1554785270305,17.172,121.3,0.00573,0.422,0.293310678
1554785270367,17.234,121.3,0.00569,0.422,0.291263134
1554785270413,17.28,121.3,0.00569,0.422,0.291263134
1554785270459,17.326,121.3,0.00569,0.422,0.291263134
1554785270505,17.372,121.3,0.00569,0.422,0.291263134
1554785270567,17.434,121.3,0.00569,0.424,0.292643528
1554785270613,17.48,121.3,0.00569,0.424,0.292643528
1554785270659,17.526,121.3,0.00569,0.424,0.292643528
1554785270706,17.573,121.3,0.00569,0.424,0.292643528
1554785270767,17.634,121.3,0.00573,0.421,0.292615629
1554785270813,17.68,121.3,0.00573,0.421,0.292615629
1554785270859,17.726,121.3,0.00573,0.421,0.292615629
1554785270905,17.772,121.3,0.00573,0.421,0.292615629
1554785270966,17.833,121.3,0.00574,0.422,0.293822564
1554785271012,17.879,121.3,0.00574,0.422,0.293822564
1554785271058,17.925,121.3,0.00574,0.422,0.293822564
1554785271104,17.971,121.3,0.00574,0.422,0.293822564
1554785271166,18.033,121.3,0.00567,0.425,0.292302675
1554785271213,18.08,121.3,0.00567,0.425,0.292302675
1554785271259,18.126,121.3,0.00567,0.425,0.292302675
1554785271305,18.172,121.3,0.00567,0.425,0.292302675
1554785271367,18.234,121.3,0.00566,0.423,0.290414034
1554785271413,18.28,121.3,0.00566,0.423,0.290414034
1554785271459,18.326,121.3,0.00566,0.423,0.290414034
1554785271505,18.372,121.3,0.00566,0.423,0.290414034
1554785271566,18.433,121.3,0.00563,0.424,0.289557656
1554785271612,18.479,121.3,0.00563,0.424,0.289557656
1554785271659,18.526,121.3,0.00563,0.424,0.289557656
1554785271705,18.572,121.3,0.00563,0.424,0.289557656
1554785271767,18.634,121.2,0.0057,0.422,0.29153448
1554785271813,18.68,121.2,0.0057,0.422,0.29153448
1554785271859,18.726,121.2,0.0057,0.422,0.29153448
1554785271905,18.772,121.2,0.0057,0.422,0.29153448
1554785271966,18.833,121.2,0.0057,0.422,0.29153448
1554785272012,18.879,121.2,0.0057,0.422,0.29153448
1554785272058,18.925,121.2,0.0057,0.422,0.29153448
1554785272104,18.971,121.2,0.0057,0.422,0.29153448
1554785272167,19.034,121.2,0.00572,0.424,0.293943936
1554785272213,19.08,121.2,0.00572,0.424,0.293943936
1554785272259,19.126,121.2,0.00572,0.424,0.293943936
1554785272305,19.172,121.2,0.00572,0.424,0.293943936
1554785272367,19.234,121.3,0.00573,0.423,0.294005727
1554785272413,19.28,121.3,0.00573,0.423,0.294005727
1554785272459,19.326,121.3,0.00573,0.423,0.294005727
1554785272505,19.372,121.3,0.00573,0.423,0.294005727
1554785272566,19.433,121.3,0.00571,0.422,0.292286906
1554785272612,19.479,121.3,0.00571,0.422,0.292286906
1554785272658,19.525,121.3,0.00571,0.422,0.292286906
1554785272705,19.572,121.3,0.00571,0.422,0.292286906
1554785272767,19.634,121.2,0.00576,0.421,0.293905152
1554785272813,19.68,121.2,0.00576,0.421,0.293905152
1554785272859,19.726,121.2,0.00576,0.421,0.293905152
1554785272905,19.772,121.2,0.00576,0.421,0.293905152
1554785272966,19.833,121.2,0.00577,0.42,0.29371608
1554785273012,19.879,121.2,0.00577,0.42,0.29371608
1554785273058,19.925,121.2,0.00577,0.42,0.29371608
1554785273104,19.971,121.2,0.00577,0.42,0.29371608
1554785273167,20.034,121.2,0.00574,0.424,0.294971712
1554785273213,20.08,121.2,0.00574,0.424,0.294971712
1554785273259,20.126,121.2,0.00574,0.424,0.294971712
1554785273305,20.172,121.2,0.00574,0.424,0.294971712
1554785273366,20.233,121.2,0.00577,0.422,0.295114728
1554785273412,20.279,121.2,0.00577,0.422,0.295114728
1554785273458,20.325,121.2,0.00577,0.422,0.295114728
1554785273504,20.371,121.2,0.00577,0.422,0.295114728
1554785273567,20.434,121.2,0.00575,0.426,0.2968794
1554785273613,20.48,121.2,0.00575,0.426,0.2968794
1554785273659,20.526,121.2,0.00575,0.426,0.2968794
1554785273705,20.572,121.2,0.00575,0.426,0.2968794
1554785273766,20.633,121.2,0.00576,0.422,0.294603264
1554785273813,20.68,121.2,0.00576,0.422,0.294603264
1554785273859,20.726,121.2,0.00576,0.422,0.294603264
1554785273905,20.772,121.2,0.00576,0.422,0.294603264
1554785273966,20.833,121.2,0.00573,0.421,0.292374396
1554785274012,20.879,121.2,0.00573,0.421,0.292374396
1554785274058,20.925,121.2,0.00573,0.421,0.292374396
1554785274104,20.971,121.2,0.00573,0.421,0.292374396
1554785274167,21.034,121.2,0.00576,0.423,0.295301376
1554785274213,21.08,121.2,0.00576,0.423,0.295301376
1554785274259,21.126,121.2,0.00576,0.423,0.295301376
1554785274305,21.172,121.2,0.00576,0.423,0.295301376
1554785274366,21.233,121.2,0.00573,0.422,0.293068872
1554785274412,21.279,121.2,0.00573,0.422,0.293068872
1554785274458,21.325,121.2,0.00573,0.422,0.293068872
1554785274504,21.371,121.2,0.00573,0.422,0.293068872
1554785274566,21.433,121.3,0.0057,0.424,0.29315784
1554785274612,21.479,121.3,0.0057,0.424,0.29315784
1554785274658,21.525,121.3,0.0057,0.424,0.29315784
1554785274704,21.571,121.3,0.0057,0.424,0.29315784
1554785274766,21.633,121.3,0.00572,0.421,0.292104956
1554785274812,21.679,121.3,0.00572,0.421,0.292104956
1554785274858,21.725,121.3,0.00572,0.421,0.292104956
1554785274905,21.772,121.3,0.00572,0.421,0.292104956
1554785274966,21.833,121.3,0.00573,0.42,0.29192058
1554785275012,21.879,121.3,0.00573,0.42,0.29192058
1554785275058,21.925,121.3,0.00573,0.42,0.29192058
1554785275104,21.971,121.3,0.00573,0.42,0.29192058
1554785275166,22.033,121.3,0.00563,0.426,0.290923494
1554785275212,22.079,121.3,0.00563,0.426,0.290923494
1554785275259,22.126,121.3,0.00563,0.426,0.290923494
1554785275305,22.172,121.3,0.00563,0.426,0.290923494
1554785275366,22.233,121.3,0.00565,0.424,0.29058628
1554785275412,22.279,121.3,0.00565,0.424,0.29058628
1554785275458,22.325,121.3,0.00565,0.424,0.29058628
1554785275504,22.371,121.3,0.00565,0.424,0.29058628
1554785275567,22.434,121.3,0.00566,0.423,0.290414034
1554785275613,22.48,121.3,0.00566,0.423,0.290414034
1554785275659,22.526,121.3,0.00566,0.423,0.290414034
1554785275705,22.572,121.3,0.00566,0.423,0.290414034
1554785275766,22.633,121.3,0.00565,0.423,0.289900935
1554785275812,22.679,121.3,0.00565,0.423,0.289900935
1554785275858,22.725,121.3,0.00565,0.423,0.289900935
1554785275905,22.772,121.3,0.00565,0.423,0.289900935
1554785275966,22.833,121.3,0.00568,0.423,0.291440232
1554785276011,22.878,121.3,0.00568,0.423,0.291440232
1554785276057,22.924,121.3,0.00568,0.423,0.291440232
1554785276104,22.971,121.3,0.00568,0.423,0.291440232
1554785276166,23.033,121.3,0.00569,0.422,0.291263134
1554785276212,23.079,121.3,0.00569,0.422,0.291263134
1554785276258,23.125,121.3,0.00569,0.422,0.291263134
1554785276304,23.171,121.3,0.00569,0.422,0.291263134
1554785276366,23.233,121.3,0.00572,0.423,0.293492628
1554785276411,23.278,121.3,0.00572,0.423,0.293492628
1554785276458,23.325,121.3,0.00572,0.423,0.293492628
1554785276504,23.371,121.3,0.00572,0.423,0.293492628
1554785276566,23.433,121.3,0.00568,0.424,0.292129216
1554785276612,23.479,121.3,0.00568,0.424,0.292129216
1554785276658,23.525,121.3,0.00568,0.424,0.292129216
1554785276704,23.571,121.3,0.00568,0.424,0.292129216
1554785276766,23.633,121.2,0.00577,0.418,0.292317432
1554785276811,23.678,121.2,0.00577,0.418,0.292317432
1554785276858,23.725,121.2,0.00577,0.418,0.292317432
1554785276904,23.771,121.2,0.00577,0.418,0.292317432
1554785276966,23.833,121.2,0.00571,0.423,0.292737996
1554785277012,23.879,121.2,0.00571,0.423,0.292737996
1554785277058,23.925,121.2,0.00571,0.423,0.292737996
1554785277105,23.972,121.2,0.00571,0.423,0.292737996
1554785277165,24.032,121.2,0.00576,0.426,0.297395712
1554785277211,24.078,121.2,0.00576,0.426,0.297395712
1554785277258,24.125,121.2,0.00576,0.426,0.297395712
1554785277303,24.17,121.2,0.00576,0.426,0.297395712
1554785277366,24.233,121.3,0.00576,0.422,0.294846336
1554785277412,24.279,121.3,0.00576,0.422,0.294846336
1554785277458,24.325,121.3,0.00576,0.422,0.294846336
1554785277504,24.371,121.3,0.00576,0.422,0.294846336
1554785277565,24.432,121.2,0.00573,0.424,0.294457824
1554785277611,24.478,121.2,0.00573,0.424,0.294457824
1554785277658,24.525,121.2,0.00573,0.424,0.294457824
1554785277704,24.571,121.2,0.00573,0.424,0.294457824
1554785277766,24.633,121.2,0.00574,0.423,0.294276024
1554785277812,24.679,121.2,0.00574,0.423,0.294276024
1554785277858,24.725,121.2,0.00574,0.423,0.294276024
1554785277904,24.771,121.2,0.00574,0.423,0.294276024
1554785277965,24.832,121.2,0.00579,0.419,0.294032412
1554785278011,24.878,121.2,0.00579,0.419,0.294032412
1554785278057,24.924,121.2,0.00579,0.419,0.294032412
1554785278104,24.971,121.2,0.00579,0.419,0.294032412
1554785278166,25.033,121.2,0.00576,0.421,0.293905152
1554785278212,25.079,121.2,0.00576,0.421,0.293905152
1554785278258,25.125,121.2,0.00576,0.421,0.293905152
1554785278304,25.171,121.2,0.00576,0.421,0.293905152
1554785278365,25.232,121.3,0.00572,0.422,0.292798792
1554785278412,25.279,121.3,0.00572,0.422,0.292798792
1554785278458,25.325,121.3,0.00572,0.422,0.292798792
1554785278504,25.371,121.3,0.00572,0.422,0.292798792
1554785278566,25.433,121.3,0.00575,0.421,0.293636975
1554785278612,25.479,121.3,0.00575,0.421,0.293636975
1554785278658,25.525,121.3,0.00575,0.421,0.293636975
1554785278704,25.571,121.3,0.00575,0.421,0.293636975
1554785278765,25.632,121.2,0.00574,0.419,0.291493272
1554785278811,25.678,121.2,0.00574,0.419,0.291493272
1554785278858,25.725,121.2,0.00574,0.419,0.291493272
1554785278904,25.771,121.2,0.00574,0.419,0.291493272
1554785278966,25.833,121.3,0.00568,0.422,0.290751248
1554785279012,25.879,121.3,0.00568,0.422,0.290751248
1554785279059,25.926,121.3,0.00568,0.422,0.290751248
1554785279104,25.971,121.3,0.00568,0.422,0.290751248
1554785279165,26.032,121.3,0.00568,0.424,0.292129216
1554785279211,26.078,121.3,0.00568,0.424,0.292129216
1554785279257,26.124,121.3,0.00568,0.424,0.292129216
1554785279303,26.17,121.3,0.00568,0.424,0.292129216
1554785279365,26.232,121.3,0.00569,0.422,0.291263134
1554785279411,26.278,121.3,0.00569,0.422,0.291263134
1554785279457,26.324,121.3,0.00569,0.422,0.291263134
1554785279503,26.37,121.3,0.00569,0.422,0.291263134
1554785279566,26.433,121.3,0.00566,0.423,0.290414034
1554785279612,26.479,121.3,0.00566,0.423,0.290414034
1554785279658,26.525,121.3,0.00566,0.423,0.290414034
1554785279704,26.571,121.3,0.00566,0.423,0.290414034
1554785279765,26.632,121.3,0.00569,0.423,0.291953331
1554785279811,26.678,121.3,0.00569,0.423,0.291953331
1554785279858,26.725,121.3,0.00569,0.423,0.291953331
1554785279904,26.771,121.3,0.00569,0.423,0.291953331
1554785279966,26.833,121.3,0.00569,0.421,0.290572937
1554785280012,26.879,121.3,0.00569,0.421,0.290572937
1554785280058,26.925,121.3,0.00569,0.421,0.290572937
1554785280104,26.971,121.3,0.00569,0.421,0.290572937
1554785280165,27.032,121.3,0.00572,0.423,0.293492628
1554785280212,27.079,121.3,0.00572,0.423,0.293492628
1554785280258,27.125,121.3,0.00572,0.423,0.293492628
1554785280305,27.172,121.3,0.00572,0.423,0.293492628
1554785280366,27.233,121.3,0.00573,0.422,0.293310678
1554785280412,27.279,121.3,0.00573,0.422,0.293310678
1554785280458,27.325,121.3,0.00573,0.422,0.293310678
1554785280505,27.372,121.3,0.00573,0.422,0.293310678
1554785280566,27.433,121.3,0.00575,0.419,0.292242025
1554785280612,27.479,121.3,0.00575,0.419,0.292242025
1554785280658,27.525,121.3,0.00575,0.419,0.292242025
1554785280704,27.571,121.3,0.00575,0.419,0.292242025
1554785280765,27.632,121.3,0.00574,0.422,0.293822564
1554785280811,27.678,121.3,0.00574,0.422,0.293822564
1554785280857,27.724,121.3,0.00574,0.422,0.293822564
1554785280903,27.77,121.3,0.00574,0.422,0.293822564
1554785280966,27.833,121.2,0.00571,0.423,0.292737996
1554785281012,27.879,121.2,0.00571,0.423,0.292737996
1554785281058,27.925,121.2,0.00571,0.423,0.292737996
1554785281104,27.971,121.2,0.00571,0.423,0.292737996
1554785281165,28.032,121.2,0.00575,0.425,0.2961825
1554785281211,28.078,121.2,0.00575,0.425,0.2961825
1554785281257,28.124,121.2,0.00575,0.425,0.2961825
1554785281304,28.171,121.2,0.00575,0.425,0.2961825
1554785281366,28.233,121.3,0.00573,0.423,0.294005727
1554785281412,28.279,121.3,0.00573,0.423,0.294005727
1554785281458,28.325,121.3,0.00573,0.423,0.294005727
1554785281504,28.371,121.3,0.00573,0.423,0.294005727
1554785281565,28.432,121.3,0.00573,0.426,0.296090874
1554785281611,28.478,121.3,0.00573,0.426,0.296090874
1554785281657,28.524,121.3,0.00573,0.426,0.296090874
1554785281703,28.57,121.3,0.00573,0.426,0.296090874
1554785281765,28.632,121.2,0.00571,0.425,0.2941221
1554785281811,28.678,121.2,0.00571,0.425,0.2941221
1554785281857,28.724,121.2,0.00571,0.425,0.2941221
1554785281903,28.77,121.2,0.00571,0.425,0.2941221
1554785281965,28.832,121.2,0.00571,0.428,0.296198256
1554785282011,28.878,121.2,0.00571,0.428,0.296198256
1554785282057,28.924,121.2,0.00571,0.428,0.296198256
1554785282104,28.971,121.2,0.00571,0.428,0.296198256
1554785282166,29.033,121.2,0.00573,0.424,0.294457824
1554785282212,29.079,121.2,0.00573,0.424,0.294457824
1554785282258,29.125,121.2,0.00573,0.424,0.294457824
1554785282304,29.171,121.2,0.00573,0.424,0.294457824
1554785282365,29.232,121.3,0.00574,0.422,0.293822564
1554785282412,29.279,121.3,0.00574,0.422,0.293822564
1554785282458,29.325,121.3,0.00574,0.422,0.293822564
1554785282504,29.371,121.3,0.00574,0.422,0.293822564
1554785282565,29.432,121.3,0.00573,0.422,0.293310678
1554785282611,29.478,121.3,0.00573,0.422,0.293310678
1554785282658,29.525,121.3,0.00573,0.422,0.293310678
1554785282704,29.571,121.3,0.00573,0.422,0.293310678
1554785282766,29.633,121.3,0.00567,0.422,0.290239362
1554785282812,29.679,121.3,0.00567,0.422,0.290239362
1554785282858,29.725,121.3,0.00567,0.422,0.290239362
1554785282904,29.771,121.3,0.00567,0.422,0.290239362
1554785282965,29.832,121.2,0.00571,0.423,0.292737996
1554785283011,29.878,121.2,0.00571,0.423,0.292737996
1554785283057,29.924,121.2,0.00571,0.423,0.292737996
1554785283103,29.97,121.2,0.00571,0.423,0.292737996
1554785283166,30.033,121.2,0.00571,0.423,0.292737996
1554785283212,30.079,121.2,0.00571,0.423,0.292737996
1554785283258,30.125,121.2,0.00571,0.423,0.292737996
1554785283304,30.171,121.2,0.00571,0.423,0.292737996
1554785283365,30.232,121.3,0.00568,0.422,0.290751248
1554785283411,30.278,121.3,0.00568,0.422,0.290751248
1554785283457,30.324,121.3,0.00568,0.422,0.290751248
1554785283503,30.37,121.3,0.00568,0.422,0.290751248
1554785283566,30.433,121.3,0.00569,0.421,0.290572937
1554785283612,30.479,121.3,0.00569,0.421,0.290572937
1554785283658,30.525,121.3,0.00569,0.421,0.290572937
1554785283704,30.571,121.3,0.00569,0.421,0.290572937
1554785283765,30.632,121.3,0.0057,0.421,0.29108361
1554785283811,30.678,121.3,0.0057,0.421,0.29108361
1554785283857,30.724,121.3,0.0057,0.421,0.29108361
1554785283903,30.77,121.3,0.0057,0.421,0.29108361
1554785283966,30.833,121.2,0.00571,0.421,0.291353892
1554785284012,30.879,121.2,0.00571,0.421,0.291353892
1554785284058,30.925,121.2,0.00571,0.421,0.291353892
1554785284104,30.971,121.2,0.00571,0.421,0.291353892
1554785284165,31.032,121.3,0.00574,0.422,0.293822564
1554785284211,31.078,121.3,0.00574,0.422,0.293822564
1554785284257,31.124,121.3,0.00574,0.422,0.293822564
1554785284304,31.171,121.3,0.00574,0.422,0.293822564
1554785284365,31.232,121.3,0.00576,0.42,0.29344896
1554785284410,31.277,121.3,0.00576,0.42,0.29344896
1554785284457,31.324,121.3,0.00576,0.42,0.29344896
1554785284503,31.37,121.3,0.00576,0.42,0.29344896
1554785284565,31.432,121.3,0.00571,0.419,0.290209037
1554785284611,31.478,121.3,0.00571,0.419,0.290209037
1554785284657,31.524,121.3,0.00571,0.419,0.290209037
1554785284703,31.57,121.3,0.00571,0.419,0.290209037
1554785284766,31.633,121.3,0.0057,0.424,0.29315784
1554785284812,31.679,121.3,0.0057,0.424,0.29315784
1554785284858,31.725,121.3,0.0057,0.424,0.29315784
1554785284904,31.771,121.3,0.0057,0.424,0.29315784
1554785284965,31.832,121.3,0.00576,0.423,0.295545024
1554785285011,31.878,121.3,0.00576,0.423,0.295545024
1554785285057,31.924,121.3,0.00576,0.423,0.295545024
1554785285103,31.97,121.3,0.00576,0.423,0.295545024
1554785285166,32.033,121.3,0.00578,0.422,0.295870108
1554785285212,32.079,121.3,0.00578,0.422,0.295870108
1554785285258,32.125,121.3,0.00578,0.422,0.295870108
1554785285304,32.171,121.3,0.00578,0.422,0.295870108
1554785285365,32.232,121.3,0.00579,0.422,0.296381994
1554785285410,32.277,121.3,0.00579,0.422,0.296381994
1554785285457,32.324,121.3,0.00579,0.422,0.296381994
1554785285503,32.37,121.3,0.00579,0.422,0.296381994
1554785285565,32.432,121.3,0.00576,0.421,0.294147648
1554785285611,32.478,121.3,0.00576,0.421,0.294147648
1554785285657,32.524,121.3,0.00576,0.421,0.294147648
1554785285703,32.57,121.3,0.00576,0.421,0.294147648
1554785285766,32.633,121.3,0.00576,0.421,0.294147648
1554785285812,32.679,121.3,0.00576,0.421,0.294147648
1554785285858,32.725,121.3,0.00576,0.421,0.294147648
1554785285904,32.771,121.3,0.00576,0.421,0.294147648
1554785285965,32.832,121.3,0.00576,0.421,0.294147648
1554785286011,32.878,121.3,0.00576,0.421,0.294147648
1554785286057,32.924,121.3,0.00576,0.421,0.294147648
1554785286103,32.97,121.3,0.00576,0.421,0.294147648
1554785286166,33.033,121.3,0.00576,0.423,0.295545024
1554785286212,33.079,121.3,0.00576,0.423,0.295545024
1554785286258,33.125,121.3,0.00576,0.423,0.295545024
1554785286304,33.171,121.3,0.00576,0.423,0.295545024
1554785286365,33.232,121.3,0.00577,0.418,0.292558618
1554785286411,33.278,121.3,0.00577,0.418,0.292558618
1554785286457,33.324,121.3,0.00577,0.418,0.292558618
1554785286503,33.37,121.3,0.00577,0.418,0.292558618
1554785286565,33.432,121.3,0.00571,0.421,0.291594283
1554785286610,33.477,121.3,0.00571,0.421,0.291594283
1554785286656,33.523,121.3,0.00571,0.421,0.291594283
1554785286703,33.57,121.3,0.00571,0.421,0.291594283
1554785286765,33.632,121.3,0.00568,0.422,0.290751248
1554785286811,33.678,121.3,0.00568,0.422,0.290751248
1554785286857,33.724,121.3,0.00568,0.422,0.290751248
1554785286903,33.77,121.3,0.00568,0.422,0.290751248
1554785286964,33.831,121.3,0.00568,0.423,0.291440232
1554785287010,33.877,121.3,0.00568,0.423,0.291440232
1554785287056,33.923,121.3,0.00568,0.423,0.291440232
1554785287102,33.969,121.3,0.00568,0.423,0.291440232
1554785287165,34.032,121.3,0.00568,0.421,0.290062264
1554785287211,34.078,121.3,0.00568,0.421,0.290062264
1554785287257,34.124,121.3,0.00568,0.421,0.290062264
1554785287303,34.17,121.3,0.00568,0.421,0.290062264
1554785287365,34.232,121.3,0.00567,0.423,0.290927133
1554785287412,34.279,121.3,0.00567,0.423,0.290927133
1554785287458,34.325,121.3,0.00567,0.423,0.290927133
1554785287504,34.371,121.3,0.00567,0.423,0.290927133
1554785287565,34.432,121.3,0.00567,0.423,0.290927133
1554785287611,34.478,121.3,0.00567,0.423,0.290927133
1554785287657,34.524,121.3,0.00567,0.423,0.290927133
1554785287703,34.57,121.3,0.00567,0.423,0.290927133
1554785287765,34.632,121.3,0.00566,0.423,0.290414034
1554785287811,34.678,121.3,0.00566,0.423,0.290414034
1554785287857,34.724,121.3,0.00566,0.423,0.290414034
1554785287903,34.77,121.3,0.00566,0.423,0.290414034
1554785287965,34.832,121.2,0.00565,0.424,0.29034672
1554785288011,34.878,121.2,0.00565,0.424,0.29034672
1554785288057,34.924,121.2,0.00565,0.424,0.29034672
1554785288104,34.971,121.2,0.00565,0.424,0.29034672
1554785288165,35.032,121.3,0.00574,0.422,0.293822564
1554785288211,35.078,121.3,0.00574,0.422,0.293822564
1554785288257,35.124,121.3,0.00574,0.422,0.293822564
1554785288303,35.17,121.3,0.00574,0.422,0.293822564
1554785288365,35.232,121.3,0.00574,0.422,0.293822564
1554785288411,35.278,121.3,0.00574,0.422,0.293822564
1554785288457,35.324,121.3,0.00574,0.422,0.293822564
1554785288503,35.37,121.3,0.00574,0.422,0.293822564
1554785288565,35.432,121.3,0.00569,0.424,0.292643528
1554785288611,35.478,121.3,0.00569,0.424,0.292643528
1554785288657,35.524,121.3,0.00569,0.424,0.292643528
1554785288703,35.57,121.3,0.00569,0.424,0.292643528
1554785288764,35.631,121.3,0.00572,0.424,0.294186464
1554785288810,35.677,121.3,0.00572,0.424,0.294186464
1554785288856,35.723,121.3,0.00572,0.424,0.294186464
1554785288902,35.769,121.3,0.00572,0.424,0.294186464
1554785288965,35.832,121.3,0.00577,0.421,0.294658321
1554785289011,35.878,121.3,0.00577,0.421,0.294658321
1554785289057,35.924,121.3,0.00577,0.421,0.294658321
1554785289103,35.97,121.3,0.00577,0.421,0.294658321
1554785289164,36.031,121.3,0.00579,0.422,0.296381994
1554785289210,36.077,121.3,0.00579,0.422,0.296381994
1554785289256,36.123,121.3,0.00579,0.422,0.296381994
1554785289302,36.169,121.3,0.00579,0.422,0.296381994
1554785289365,36.232,121.3,0.00582,0.421,0.297211686
1554785289410,36.277,121.3,0.00582,0.421,0.297211686
1554785289457,36.324,121.3,0.00582,0.421,0.297211686
1554785289503,36.37,121.3,0.00582,0.421,0.297211686
1554785289565,36.432,121.3,0.00578,0.42,0.29446788
1554785289611,36.478,121.3,0.00578,0.42,0.29446788
1554785289657,36.524,121.3,0.00578,0.42,0.29446788
1554785289703,36.57,121.3,0.00578,0.42,0.29446788
1554785289764,36.631,121.3,0.00576,0.423,0.295545024
1554785289810,36.677,121.3,0.00576,0.423,0.295545024
1554785289856,36.723,121.3,0.00576,0.423,0.295545024
1554785289903,36.77,121.3,0.00576,0.423,0.295545024
1554785289965,36.832,121.2,0.00575,0.42,0.292698
1554785290011,36.878,121.2,0.00575,0.42,0.292698
1554785290057,36.924,121.2,0.00575,0.42,0.292698
1554785290104,36.971,121.2,0.00575,0.42,0.292698
1554785290165,37.032,121.2,0.00578,0.418,0.292824048
1554785290211,37.078,121.2,0.00578,0.418,0.292824048
1554785290257,37.124,121.2,0.00578,0.418,0.292824048
1554785290303,37.17,121.2,0.00578,0.418,0.292824048
1554785290364,37.231,121.3,0.00573,0.421,0.292615629
1554785290410,37.277,121.3,0.00573,0.421,0.292615629
1554785290456,37.323,121.3,0.00573,0.421,0.292615629
1554785290503,37.37,121.3,0.00573,0.421,0.292615629
1554785290565,37.432,121.3,0.00572,0.422,0.292798792
1554785290611,37.478,121.3,0.00572,0.422,0.292798792
1554785290657,37.524,121.3,0.00572,0.422,0.292798792
1554785290703,37.57,121.3,0.00572,0.422,0.292798792
1554785290764,37.631,121.2,0.00571,0.42,0.29066184
1554785290810,37.677,121.2,0.00571,0.42,0.29066184
1554785290856,37.723,121.2,0.00571,0.42,0.29066184
1554785290902,37.769,121.2,0.00571,0.42,0.29066184
1554785290965,37.832,121.2,0.00573,0.421,0.292374396
1554785291011,37.878,121.2,0.00573,0.421,0.292374396
1554785291057,37.924,121.2,0.00573,0.421,0.292374396
1554785291103,37.97,121.2,0.00573,0.421,0.292374396
1554785291164,38.031,121.2,0.0057,0.421,0.29084364
1554785291210,38.077,121.2,0.0057,0.421,0.29084364
1554785291256,38.123,121.2,0.0057,0.421,0.29084364
1554785291302,38.169,121.2,0.0057,0.421,0.29084364
1554785291364,38.231,121.3,0.00571,0.422,0.292286906
1554785291411,38.278,121.3,0.00571,0.422,0.292286906
1554785291457,38.324,121.3,0.00571,0.422,0.292286906
1554785291503,38.37,121.3,0.00571,0.422,0.292286906
1554785291564,38.431,121.3,0.00571,0.42,0.29090166
1554785291610,38.477,121.3,0.00571,0.42,0.29090166
1554785291656,38.523,121.3,0.00571,0.42,0.29090166
1554785291702,38.569,121.3,0.00571,0.42,0.29090166
1554785291764,38.631,121.3,0.00569,0.423,0.291953331
1554785291811,38.678,121.3,0.00569,0.423,0.291953331
1554785291857,38.724,121.3,0.00569,0.423,0.291953331
1554785291903,38.77,121.3,0.00569,0.423,0.291953331
1554785291964,38.831,121.3,0.0057,0.423,0.29246643
1554785292010,38.877,121.3,0.0057,0.423,0.29246643
1554785292056,38.923,121.3,0.0057,0.423,0.29246643
1554785292102,38.969,121.3,0.0057,0.423,0.29246643
1554785292165,39.032,121.3,0.00575,0.422,0.29433445
1554785292211,39.078,121.3,0.00575,0.422,0.29433445
1554785292257,39.124,121.3,0.00575,0.422,0.29433445
1554785292303,39.17,121.3,0.00575,0.422,0.29433445
1554785292364,39.231,121.3,0.00571,0.423,0.292979529
1554785292410,39.277,121.3,0.00571,0.423,0.292979529
1554785292456,39.323,121.3,0.00571,0.423,0.292979529
1554785292502,39.369,121.3,0.00571,0.423,0.292979529
1554785292565,39.432,121.3,0.0057,0.422,0.29177502
1554785292611,39.478,121.3,0.0057,0.422,0.29177502
1554785292657,39.524,121.3,0.0057,0.422,0.29177502
1554785292703,39.57,121.3,0.0057,0.422,0.29177502
1554785292765,39.632,121.3,0.00568,0.423,0.291440232
1554785292811,39.678,121.3,0.00568,0.423,0.291440232
1554785292857,39.724,121.3,0.00568,0.423,0.291440232
1554785292903,39.77,121.3,0.00568,0.423,0.291440232
1554785292964,39.831,121.2,0.00574,0.422,0.293580336
1554785293010,39.877,121.2,0.00574,0.422,0.293580336
1554785293056,39.923,121.2,0.00574,0.422,0.293580336
1554785293102,39.969,121.2,0.00574,0.422,0.293580336
1554785293165,40.032,121.3,0.00575,0.422,0.29433445
1554785293211,40.078,121.3,0.00575,0.422,0.29433445
1554785293257,40.124,121.3,0.00575,0.422,0.29433445
1554785293303,40.17,121.3,0.00575,0.422,0.29433445
1554785293364,40.231,121.3,0.00577,0.425,0.297457925
1554785293411,40.278,121.3,0.00577,0.425,0.297457925
1554785293457,40.324,121.3,0.00577,0.425,0.297457925
1554785293503,40.37,121.3,0.00577,0.425,0.297457925
1554785293564,40.431,121.3,0.00573,0.423,0.294005727
1554785293610,40.477,121.3,0.00573,0.423,0.294005727
1554785293656,40.523,121.3,0.00573,0.423,0.294005727
1554785293702,40.569,121.3,0.00573,0.423,0.294005727
1554785293765,40.632,121.3,0.00572,0.424,0.294186464
1554785293810,40.677,121.3,0.00572,0.424,0.294186464
1554785293856,40.723,121.3,0.00572,0.424,0.294186464
1554785293902,40.769,121.3,0.00572,0.424,0.294186464
1554785293965,40.832,121.3,0.00572,0.423,0.293492628
1554785294011,40.878,121.3,0.00572,0.423,0.293492628
1554785294057,40.924,121.3,0.00572,0.423,0.293492628
1554785294103,40.97,121.3,0.00572,0.423,0.293492628
1554785294164,41.031,121.3,0.00579,0.419,0.294275013
1554785294210,41.077,121.3,0.00579,0.419,0.294275013
1554785294256,41.123,121.3,0.00579,0.419,0.294275013
1554785294302,41.169,121.3,0.00579,0.419,0.294275013
1554785294365,41.232,121.3,0.00574,0.421,0.293126302
1554785294411,41.278,121.3,0.00574,0.421,0.293126302
1554785294457,41.324,121.3,0.00574,0.421,0.293126302
1554785294503,41.37,121.3,0.00574,0.421,0.293126302
1554785294564,41.431,121.3,0.00568,0.422,0.290751248
1554785294610,41.477,121.3,0.00568,0.422,0.290751248
1554785294656,41.523,121.3,0.00568,0.422,0.290751248
1554785294702,41.569,121.3,0.00568,0.422,0.290751248
1554785294765,41.632,121.2,0.00571,0.42,0.29066184
1554785294811,41.678,121.2,0.00571,0.42,0.29066184
1554785294857,41.724,121.2,0.00571,0.42,0.29066184
1554785294903,41.77,121.2,0.00571,0.42,0.29066184
1554785294964,41.831,121.2,0.00569,0.421,0.290333388
1554785295011,41.878,121.2,0.00569,0.421,0.290333388
1554785295057,41.924,121.2,0.00569,0.421,0.290333388
1554785295103,41.97,121.2,0.00569,0.421,0.290333388
1554785295164,42.031,121.2,0.0057,0.423,0.29222532
1554785295210,42.077,121.2,0.0057,0.423,0.29222532
1554785295256,42.123,121.2,0.0057,0.423,0.29222532
1554785295302,42.169,121.2,0.0057,0.423,0.29222532
1554785295364,42.231,121.2,0.00567,0.424,0.291374496
1554785295411,42.278,121.2,0.00567,0.424,0.291374496
1554785295457,42.324,121.2,0.00567,0.424,0.291374496
1554785295503,42.37,121.2,0.00567,0.424,0.291374496
1554785295564,42.431,121.3,0.00569,0.421,0.290572937
1554785295610,42.477,121.3,0.00569,0.421,0.290572937
1554785295656,42.523,121.3,0.00569,0.421,0.290572937
1554785295702,42.569,121.3,0.00569,0.421,0.290572937
1554785295765,42.632,121.3,0.00567,0.421,0.289551591
1554785295811,42.678,121.3,0.00567,0.421,0.289551591
1554785295857,42.724,121.3,0.00567,0.421,0.289551591
1554785295903,42.77,121.3,0.00567,0.421,0.289551591
1554785295964,42.831,121.2,0.00572,0.421,0.291864144
1554785296011,42.878,121.2,0.00572,0.421,0.291864144
1554785296057,42.924,121.2,0.00572,0.421,0.291864144
1554785296103,42.97,121.2,0.00572,0.421,0.291864144
1554785296164,43.031,121.2,0.00574,0.421,0.292884648
1554785296210,43.077,121.2,0.00574,0.421,0.292884648
1554785296256,43.123,121.2,0.00574,0.421,0.292884648
1554785296302,43.169,121.2,0.00574,0.421,0.292884648
1554785296363,43.23,121.2,0.00583,0.42,0.29677032
1554785296409,43.276,121.2,0.00583,0.42,0.29677032
1554785296455,43.322,121.2,0.00583,0.42,0.29677032
1554785296501,43.368,121.2,0.00583,0.42,0.29677032
1554785296564,43.431,121.3,0.00576,0.421,0.294147648
1554785296610,43.477,121.3,0.00576,0.421,0.294147648
1554785296656,43.523,121.3,0.00576,0.421,0.294147648
1554785296702,43.569,121.3,0.00576,0.421,0.294147648
1554785296764,43.631,121.3,0.00575,0.422,0.29433445
1554785296810,43.677,121.3,0.00575,0.422,0.29433445
1554785296856,43.723,121.3,0.00575,0.422,0.29433445
1554785296903,43.77,121.3,0.00575,0.422,0.29433445
1554785296964,43.831,121.3,0.00574,0.42,0.29243004
1554785297010,43.877,121.3,0.00574,0.42,0.29243004
1554785297056,43.923,121.3,0.00574,0.42,0.29243004
1554785297102,43.969,121.3,0.00574,0.42,0.29243004
1554785297164,44.031,121.3,0.00579,0.42,0.29497734
1554785297210,44.077,121.3,0.00579,0.42,0.29497734
1554785297257,44.124,121.3,0.00579,0.42,0.29497734
1554785297303,44.17,121.3,0.00579,0.42,0.29497734
1554785297364,44.231,121.3,0.00578,0.42,0.29446788
1554785297410,44.277,121.3,0.00578,0.42,0.29446788
1554785297456,44.323,121.3,0.00578,0.42,0.29446788
1554785297502,44.369,121.3,0.00578,0.42,0.29446788
1554785297563,44.43,121.3,0.00575,0.422,0.29433445
1554785297609,44.476,121.3,0.00575,0.422,0.29433445
1554785297655,44.522,121.3,0.00575,0.422,0.29433445
1554785297702,44.569,121.3,0.00575,0.422,0.29433445
1554785297764,44.631,121.3,0.00572,0.423,0.293492628
1554785297810,44.677,121.3,0.00572,0.423,0.293492628
1554785297856,44.723,121.3,0.00572,0.423,0.293492628
1554785297902,44.769,121.3,0.00572,0.423,0.293492628
1554785297963,44.83,121.3,0.00571,0.424,0.293672152
1554785298009,44.876,121.3,0.00571,0.424,0.293672152
1554785298055,44.922,121.3,0.00571,0.424,0.293672152
1554785298102,44.969,121.3,0.00571,0.424,0.293672152
1554785298164,45.031,121.3,0.00572,0.422,0.292798792
1554785298210,45.077,121.3,0.00572,0.422,0.292798792
1554785298256,45.123,121.3,0.00572,0.422,0.292798792
1554785298302,45.169,121.3,0.00572,0.422,0.292798792
1554785298363,45.23,121.3,0.00571,0.424,0.293672152
1554785298409,45.276,121.3,0.00571,0.424,0.293672152
1554785298455,45.322,121.3,0.00571,0.424,0.293672152
1554785298501,45.368,121.3,0.00571,0.424,0.293672152
1554785298564,45.431,121.3,0.00572,0.422,0.292798792
1554785298610,45.477,121.3,0.00572,0.422,0.292798792
1554785298656,45.523,121.3,0.00572,0.422,0.292798792
1554785298702,45.569,121.3,0.00572,0.422,0.292798792
1554785298763,45.63,121.3,0.00567,0.424,0.291614904
1554785298809,45.676,121.3,0.00567,0.424,0.291614904
1554785298855,45.722,121.3,0.00567,0.424,0.291614904
1554785298901,45.768,121.3,0.00567,0.424,0.291614904
1554785298964,45.831,121.2,0.00564,0.425,0.2905164
1554785299010,45.877,121.2,0.00564,0.425,0.2905164
1554785299056,45.923,121.2,0.00564,0.425,0.2905164
1554785299102,45.969,121.2,0.00564,0.425,0.2905164
1554785299163,46.03,121.2,0.00565,0.424,0.29034672
1554785299209,46.076,121.2,0.00565,0.424,0.29034672
1554785299255,46.122,121.2,0.00565,0.424,0.29034672
1554785299302,46.169,121.2,0.00565,0.424,0.29034672
1554785299364,46.231,121.3,0.00564,0.424,0.290071968
1554785299410,46.277,121.3,0.00564,0.424,0.290071968
1554785299456,46.323,121.3,0.00564,0.424,0.290071968
1554785299502,46.369,121.3,0.00564,0.424,0.290071968
1554785299563,46.43,121.3,0.00566,0.425,0.29178715
1554785299610,46.477,121.3,0.00566,0.425,0.29178715
1554785299656,46.523,121.3,0.00566,0.425,0.29178715
1554785299702,46.569,121.3,0.00566,0.425,0.29178715
1554785299763,46.63,121.3,0.00568,0.424,0.292129216
1554785299809,46.676,121.3,0.00568,0.424,0.292129216
1554785299855,46.722,121.3,0.00568,0.424,0.292129216
1554785299902,46.769,121.3,0.00568,0.424,0.292129216
1554785299964,46.831,121.3,0.00565,0.422,0.28921559
1554785300010,46.877,121.3,0.00565,0.422,0.28921559
1554785300056,46.923,121.3,0.00565,0.422,0.28921559
1554785300102,46.969,121.3,0.00565,0.422,0.28921559
1554785300163,47.03,121.3,0.00568,0.422,0.290751248
1554785300209,47.076,121.3,0.00568,0.422,0.290751248
1554785300256,47.123,121.3,0.00568,0.422,0.290751248
1554785300302,47.169,121.3,0.00568,0.422,0.290751248
1554785300364,47.231,121.3,0.00575,0.421,0.293636975
1554785300410,47.277,121.3,0.00575,0.421,0.293636975
1554785300456,47.323,121.3,0.00575,0.421,0.293636975
1554785300502,47.369,121.3,0.00575,0.421,0.293636975
1554785300563,47.43,121.3,0.00575,0.421,0.293636975
1554785300609,47.476,121.3,0.00575,0.421,0.293636975
1554785300655,47.522,121.3,0.00575,0.421,0.293636975
1554785300701,47.568,121.3,0.00575,0.421,0.293636975
1554785300764,47.631,121.3,0.00581,0.418,0.294586754
1554785300810,47.677,121.3,0.00581,0.418,0.294586754
1554785300856,47.723,121.3,0.00581,0.418,0.294586754
1554785300902,47.769,121.3,0.00581,0.418,0.294586754
1554785300963,47.83,121.3,0.00576,0.423,0.295545024
1554785301009,47.876,121.3,0.00576,0.423,0.295545024
1554785301055,47.922,121.3,0.00576,0.423,0.295545024
1554785301101,47.968,121.3,0.00576,0.423,0.295545024
1554785301164,48.031,121.3,0.00578,0.422,0.295870108
1554785301210,48.077,121.3,0.00578,0.422,0.295870108
1554785301256,48.123,121.3,0.00578,0.422,0.295870108
1554785301302,48.169,121.3,0.00578,0.422,0.295870108
1554785301363,48.23,121.3,0.00577,0.421,0.294658321
1554785301409,48.276,121.3,0.00577,0.421,0.294658321
1554785301455,48.322,121.3,0.00577,0.421,0.294658321
1554785301502,48.369,121.3,0.00577,0.421,0.294658321
1554785301564,48.431,121.3,0.00577,0.422,0.295358222
1554785301610,48.477,121.3,0.00577,0.422,0.295358222
1554785301656,48.523,121.3,0.00577,0.422,0.295358222
1554785301702,48.569,121.3,0.00577,0.422,0.295358222
1554785301764,48.631,121.3,0.00573,0.421,0.292615629
1554785301810,48.677,121.3,0.00573,0.421,0.292615629
1554785301856,48.723,121.3,0.00573,0.421,0.292615629
1554785301902,48.769,121.3,0.00573,0.421,0.292615629
1554785301963,48.83,121.3,0.00575,0.422,0.29433445
1554785302009,48.876,121.3,0.00575,0.422,0.29433445
1554785302055,48.922,121.3,0.00575,0.422,0.29433445
1554785302102,48.969,121.3,0.00575,0.422,0.29433445
1554785302164,49.031,121.3,0.00575,0.42,0.2929395
1554785302210,49.077,121.3,0.00575,0.42,0.2929395
1554785302256,49.123,121.3,0.00575,0.42,0.2929395
1554785302302,49.169,121.3,0.00575,0.42,0.2929395
1554785302363,49.23,121.3,0.00572,0.425,0.2948803
1554785302409,49.276,121.3,0.00572,0.425,0.2948803
1554785302455,49.322,121.3,0.00572,0.425,0.2948803
1554785302501,49.368,121.3,0.00572,0.425,0.2948803
1554785302563,49.43,121.3,0.00574,0.422,0.293822564
1554785302609,49.476,121.3,0.00574,0.422,0.293822564
1554785302655,49.522,121.3,0.00574,0.422,0.293822564
1554785302701,49.568,121.3,0.00574,0.422,0.293822564
1554785302763,49.63,121.3,0.00571,0.421,0.291594283
1554785302810,49.677,121.3,0.00571,0.421,0.291594283
1554785302856,49.723,121.3,0.00571,0.421,0.291594283
1554785302902,49.769,121.3,0.00571,0.421,0.291594283
1554785302963,49.83,121.2,0.00573,0.419,0.290985444
1554785303009,49.876,121.2,0.00573,0.419,0.290985444
1554785303055,49.922,121.2,0.00573,0.419,0.290985444
1554785303101,49.968,121.2,0.00573,0.419,0.290985444
1554785303164,50.031,121.2,0.0057,0.423,0.29222532
1554785303210,50.077,121.2,0.0057,0.423,0.29222532
1554785303256,50.123,121.2,0.0057,0.423,0.29222532
1554785303302,50.169,121.2,0.0057,0.423,0.29222532
1554785303363,50.23,121.2,0.00567,0.425,0.2920617
1554785303409,50.276,121.2,0.00567,0.425,0.2920617
1554785303455,50.323,121.2,0.00567,0.425,0.2920617
1554785303502,50.369,121.2,0.00567,0.425,0.2920617
1554785303563,50.43,121.3,0.00568,0.423,0.291440232
1554785303609,50.476,121.3,0.00568,0.423,0.291440232
1554785303655,50.522,121.3,0.00568,0.423,0.291440232
1554785303701,50.568,121.3,0.00568,0.423,0.291440232
1554785303763,50.63,121.3,0.00568,0.423,0.291440232
1554785303809,50.676,121.3,0.00568,0.423,0.291440232
1554785303855,50.722,121.3,0.00568,0.423,0.291440232
1554785303901,50.768,121.3,0.00568,0.423,0.291440232
1554785303964,50.831,121.3,0.00567,0.424,0.291614904
1554785304010,50.877,121.3,0.00567,0.424,0.291614904
1554785304056,50.923,121.3,0.00567,0.424,0.291614904
1554785304102,50.969,121.3,0.00567,0.424,0.291614904
1554785304163,51.03,121.3,0.00573,0.422,0.293310678
1554785304209,51.076,121.3,0.00573,0.422,0.293310678
1554785304255,51.122,121.3,0.00573,0.422,0.293310678
1554785304302,51.169,121.3,0.00573,0.422,0.293310678
1554785304362,51.229,121.3,0.00574,0.423,0.294518826
1554785304408,51.275,121.3,0.00574,0.423,0.294518826
1554785304453,51.32,121.3,0.00574,0.423,0.294518826
1554785304499,51.366,121.3,0.00574,0.423,0.294518826
1554785304563,51.43,121.3,0.00572,0.425,0.2948803
1554785304609,51.476,121.3,0.00572,0.425,0.2948803
1554785304654,51.521,121.3,0.00572,0.425,0.2948803
1554785304700,51.567,121.3,0.00572,0.425,0.2948803
1554785304763,51.63,121.3,0.00576,0.421,0.294147648
1554785304808,51.675,121.3,0.00576,0.421,0.294147648
1554785304854,51.721,121.3,0.00576,0.421,0.294147648
1554785304899,51.766,121.3,0.00576,0.421,0.294147648
1554785304962,51.829,121.3,0.00573,0.423,0.294005727
1554785305008,51.875,121.3,0.00573,0.423,0.294005727
1554785305053,51.92,121.3,0.00573,0.423,0.294005727
1554785305099,51.966,121.3,0.00573,0.423,0.294005727
1554785305163,52.03,121.3,0.00577,0.421,0.294658321
1554785305209,52.076,121.3,0.00577,0.421,0.294658321
1554785305255,52.122,121.3,0.00577,0.421,0.294658321
1554785305301,52.168,121.3,0.00577,0.421,0.294658321
1554785305363,52.23,121.3,0.00577,0.423,0.296058123
1554785305409,52.276,121.3,0.00577,0.423,0.296058123
1554785305455,52.323,121.3,0.00577,0.423,0.296058123
1554785305502,52.369,121.3,0.00577,0.423,0.296058123
1554785305562,52.429,121.3,0.00575,0.424,0.2957294
1554785305609,52.476,121.3,0.00575,0.424,0.2957294
1554785305655,52.522,121.3,0.00575,0.424,0.2957294
1554785305701,52.568,121.3,0.00575,0.424,0.2957294
1554785305763,52.63,121.3,0.00575,0.424,0.2957294
1554785305809,52.676,121.3,0.00575,0.424,0.2957294
1554785305855,52.723,121.3,0.00575,0.424,0.2957294
1554785305902,52.769,121.3,0.00575,0.424,0.2957294
1554785305963,52.83,121.3,0.00573,0.424,0.294700776
1554785306009,52.876,121.3,0.00573,0.424,0.294700776
1554785306055,52.922,121.3,0.00573,0.424,0.294700776
1554785306101,52.968,121.3,0.00573,0.424,0.294700776
1554785306163,53.03,121.3,0.00567,0.425,0.292302675
1554785306208,53.075,121.3,0.00567,0.425,0.292302675
1554785306254,53.121,121.3,0.00567,0.425,0.292302675
1554785306300,53.167,121.3,0.00567,0.425,0.292302675
1554785306363,53.23,121.3,0.00573,0.425,0.295395825
1554785306409,53.276,121.3,0.00573,0.425,0.295395825
1554785306455,53.322,121.3,0.00573,0.425,0.295395825
1554785306501,53.368,121.3,0.00573,0.425,0.295395825
1554785306563,53.43,121.3,0.0057,0.424,0.29315784
1554785306609,53.476,121.3,0.0057,0.424,0.29315784
1554785306656,53.523,121.3,0.0057,0.424,0.29315784
1554785306702,53.569,121.3,0.0057,0.424,0.29315784
1554785306763,53.63,121.3,0.00568,0.423,0.291440232
1554785306809,53.676,121.3,0.00568,0.423,0.291440232
1554785306855,53.722,121.3,0.00568,0.423,0.291440232
1554785306901,53.768,121.3,0.00568,0.423,0.291440232
1554785306962,53.829,121.3,0.00565,0.423,0.289900935
1554785307008,53.875,121.3,0.00565,0.423,0.289900935
1554785307054,53.921,121.3,0.00565,0.423,0.289900935
1554785307100,53.967,121.3,0.00565,0.423,0.289900935
1554785307163,54.03,121.2,0.00565,0.426,0.29171628
1554785307209,54.076,121.2,0.00565,0.426,0.29171628
1554785307255,54.122,121.2,0.00565,0.426,0.29171628
1554785307305,54.172,121.2,0.00565,0.426,0.29171628
1554785307363,54.23,121.3,0.00567,0.424,0.291614904
1554785307409,54.276,121.3,0.00567,0.424,0.291614904
1554785307455,54.322,121.3,0.00567,0.424,0.291614904
1554785307501,54.368,121.3,0.00567,0.424,0.291614904
1554785307562,54.429,121.3,0.00572,0.423,0.293492628
1554785307609,54.476,121.3,0.00572,0.423,0.293492628
1554785307655,54.522,121.3,0.00572,0.423,0.293492628
1554785307701,54.568,121.3,0.00572,0.423,0.293492628
1554785307763,54.63,121.3,0.0057,0.42,0.2903922
1554785307809,54.676,121.3,0.0057,0.42,0.2903922
1554785307855,54.722,121.3,0.0057,0.42,0.2903922
1554785307901,54.768,121.3,0.0057,0.42,0.2903922
1554785307962,54.829,121.3,0.00567,0.424,0.291614904
1554785308008,54.875,121.3,0.00567,0.424,0.291614904
1554785308054,54.921,121.3,0.00567,0.424,0.291614904
1554785308100,54.967,121.3,0.00567,0.424,0.291614904
1554785308162,55.029,121.3,0.0057,0.425,0.29384925
1554785308209,55.076,121.3,0.0057,0.425,0.29384925
1554785308255,55.122,121.3,0.0057,0.425,0.29384925
1554785308301,55.168,121.3,0.0057,0.425,0.29384925
1554785308362,55.229,121.3,0.00571,0.425,0.294364775
1554785308408,55.275,121.3,0.00571,0.425,0.294364775
1554785308454,55.322,121.3,0.00571,0.425,0.294364775
1554785308501,55.368,121.3,0.00571,0.425,0.294364775
1554785308563,55.43,121.3,0.00573,0.423,0.294005727
1554785308609,55.476,121.3,0.00573,0.423,0.294005727
1554785308655,55.522,121.3,0.00573,0.423,0.294005727
1554785308701,55.568,121.3,0.00573,0.423,0.294005727
1554785308762,55.629,121.3,0.00573,0.423,0.294005727
1554785308809,55.676,121.3,0.00573,0.423,0.294005727
1554785308855,55.722,121.3,0.00573,0.423,0.294005727
1554785308900,55.768,121.3,0.00573,0.423,0.294005727
1554785308963,55.83,121.3,0.00572,0.425,0.2948803
1554785309009,55.876,121.3,0.00572,0.425,0.2948803
1554785309055,55.922,121.3,0.00572,0.425,0.2948803
1554785309101,55.968,121.3,0.00572,0.425,0.2948803
1554785309162,56.029,121.3,0.00577,0.425,0.297457925
1554785309208,56.076,121.3,0.00577,0.425,0.297457925
1554785309255,56.122,121.3,0.00577,0.425,0.297457925
1554785309301,56.168,121.3,0.00577,0.425,0.297457925
1554785309362,56.229,121.3,0.00576,0.425,0.2969424
1554785309408,56.275,121.3,0.00576,0.425,0.2969424
1554785309454,56.321,121.3,0.00576,0.425,0.2969424
1554785309500,56.367,121.3,0.00576,0.425,0.2969424
1554785309563,56.43,121.4,0.00573,0.427,0.297030594
1554785309609,56.476,121.4,0.00573,0.427,0.297030594
1554785309655,56.522,121.4,0.00573,0.427,0.297030594
1554785309701,56.568,121.4,0.00573,0.427,0.297030594
1554785309762,56.629,121.3,0.00574,0.423,0.294518826
1554785309808,56.675,121.3,0.00574,0.423,0.294518826
1554785309854,56.722,121.3,0.00574,0.423,0.294518826
1554785309901,56.768,121.3,0.00574,0.423,0.294518826
1554785309963,56.83,121.3,0.00576,0.419,0.292750272
1554785310009,56.876,121.3,0.00576,0.419,0.292750272
1554785310055,56.922,121.3,0.00576,0.419,0.292750272
1554785310101,56.968,121.3,0.00576,0.419,0.292750272
1554785310163,57.03,121.3,0.0057,0.423,0.29246643
1554785310209,57.076,121.3,0.0057,0.423,0.29246643
1554785310255,57.122,121.3,0.0057,0.423,0.29246643
1554785310301,57.168,121.3,0.0057,0.423,0.29246643
1554785310362,57.229,121.3,0.0057,0.423,0.29246643
1554785310408,57.275,121.3,0.0057,0.423,0.29246643
1554785310455,57.322,121.3,0.0057,0.423,0.29246643
1554785310501,57.368,121.3,0.0057,0.423,0.29246643
1554785310562,57.429,121.3,0.00568,0.425,0.2928182
1554785310608,57.475,121.3,0.00568,0.425,0.2928182
1554785310654,57.521,121.3,0.00568,0.425,0.2928182
1554785310700,57.567,121.3,0.00568,0.425,0.2928182
1554785310762,57.63,121.3,0.00569,0.423,0.291953331
1554785310809,57.676,121.3,0.00569,0.423,0.291953331
1554785310855,57.722,121.3,0.00569,0.423,0.291953331
1554785310901,57.768,121.3,0.00569,0.423,0.291953331
1554785310962,57.829,121.3,0.00568,0.422,0.290751248
1554785311008,57.875,121.3,0.00568,0.422,0.290751248
1554785311055,57.922,121.3,0.00568,0.422,0.290751248
1554785311101,57.968,121.3,0.00568,0.422,0.290751248
1554785311162,58.029,121.2,0.00571,0.423,0.292737996
1554785311208,58.075,121.2,0.00571,0.423,0.292737996
1554785311254,58.121,121.2,0.00571,0.423,0.292737996
1554785311300,58.167,121.2,0.00571,0.423,0.292737996
1554785311362,58.229,121.2,0.00567,0.424,0.291374496
1554785311408,58.275,121.2,0.00567,0.424,0.291374496
1554785311455,58.322,121.2,0.00567,0.424,0.291374496
1554785311501,58.368,121.2,0.00567,0.424,0.291374496
1554785311562,58.429,121.3,0.00569,0.422,0.291263134
1554785311608,58.475,121.3,0.00569,0.422,0.291263134
1554785311654,58.521,121.3,0.00569,0.422,0.291263134
1554785311700,58.567,121.3,0.00569,0.422,0.291263134
1554785311762,58.629,121.3,0.00572,0.422,0.292798792
1554785311809,58.676,121.3,0.00572,0.422,0.292798792
1554785311855,58.722,121.3,0.00572,0.422,0.292798792
1554785311901,58.768,121.3,0.00572,0.422,0.292798792
1554785311962,58.829,121.2,0.00571,0.42,0.29066184
1554785312008,58.875,121.2,0.00571,0.42,0.29066184
1554785312054,58.921,121.2,0.00571,0.42,0.29066184
1554785312100,58.968,121.2,0.00571,0.42,0.29066184
1554785312163,59.03,121.2,0.00573,0.419,0.290985444
1554785312209,59.076,121.2,0.00573,0.419,0.290985444
1554785312255,59.122,121.2,0.00573,0.419,0.290985444
1554785312301,59.168,121.2,0.00573,0.419,0.290985444
1554785312362,59.229,121.2,0.00581,0.415,0.29223138
1554785312408,59.275,121.2,0.00581,0.415,0.29223138
1554785312454,59.321,121.2,0.00581,0.415,0.29223138
1554785312500,59.367,121.2,0.00581,0.415,0.29223138
1554785312563,59.43,121.3,0.0058,0.42,0.2954868
1554785312609,59.476,121.3,0.0058,0.42,0.2954868
1554785312655,59.522,121.3,0.0058,0.42,0.2954868
1554785312701,59.568,121.3,0.0058,0.42,0.2954868
1554785312762,59.629,121.3,0.00574,0.423,0.294518826
1554785312808,59.675,121.3,0.00574,0.423,0.294518826
1554785312854,59.722,121.3,0.00574,0.423,0.294518826
1554785312901,59.768,121.3,0.00574,0.423,0.294518826
1554785312962,59.829,121.3,0.00577,0.42,0.29395842
1554785313008,59.875,121.3,0.00577,0.42,0.29395842
1554785313054,59.921,121.3,0.00577,0.42,0.29395842
1554785313100,59.967,121.3,0.00577,0.42,0.29395842
1554785313162,60.029,121.3,0.00578,0.423,0.296571222
1554785313208,60.075,121.3,0.00578,0.423,0.296571222
1554785313254,60.122,121.3,0.00578,0.423,0.296571222
1554785313301,60.168,121.3,0.00578,0.423,0.296571222
1554785313362,60.229,121.3,0.00581,0.42,0.29599626
1554785313408,60.275,121.3,0.00581,0.42,0.29599626
1554785313454,60.321,121.3,0.00581,0.42,0.29599626
1554785313500,60.367,121.3,0.00581,0.42,0.29599626
1554785313562,60.43,121.3,0.0058,0.421,0.29619034
1554785313609,60.476,121.3,0.0058,0.421,0.29619034
1554785313655,60.522,121.3,0.0058,0.421,0.29619034
1554785313701,60.568,121.3,0.0058,0.421,0.29619034
1554785313762,60.63,121.4,0.00576,0.42,0.29369088
1554785313808,60.676,121.4,0.00576,0.42,0.29369088
1554785313855,60.722,121.4,0.00576,0.42,0.29369088
1554785313901,60.768,121.4,0.00576,0.42,0.29369088
1554785313962,60.829,121.3,0.00575,0.421,0.293636975
1554785314008,60.875,121.3,0.00575,0.421,0.293636975
1554785314054,60.921,121.3,0.00575,0.421,0.293636975
1554785314100,60.967,121.3,0.00575,0.421,0.293636975
1554785314162,61.03,121.3,0.00576,0.418,0.292051584
1554785314209,61.076,121.3,0.00576,0.418,0.292051584
1554785314255,61.122,121.3,0.00576,0.418,0.292051584
1554785314301,61.168,121.3,0.00576,0.418,0.292051584
1554785314362,61.229,121.3,0.00573,0.421,0.292615629
1554785314408,61.275,121.3,0.00573,0.421,0.292615629
1554785314454,61.321,121.3,0.00573,0.421,0.292615629
1554785314500,61.367,121.3,0.00573,0.421,0.292615629
1554785314562,61.429,121.3,0.00572,0.423,0.293492628
1554785314608,61.476,121.3,0.00572,0.423,0.293492628
1554785314655,61.522,121.3,0.00572,0.423,0.293492628
1554785314701,61.568,121.3,0.00572,0.423,0.293492628
1554785314762,61.629,121.3,0.00571,0.421,0.291594283
1554785314811,61.678,121.3,0.00571,0.421,0.291594283
1554785314856,61.724,121.3,0.00571,0.421,0.291594283
1554785314902,61.769,121.3,0.00571,0.421,0.291594283
1554785314962,61.829,121.3,0.00572,0.423,0.293492628
1554785315008,61.875,121.3,0.00572,0.423,0.293492628
1554785315054,61.921,121.3,0.00572,0.423,0.293492628
1554785315100,61.967,121.3,0.00572,0.423,0.293492628
1554785315161,62.028,121.3,0.00567,0.423,0.290927133
1554785315207,62.074,121.3,0.00567,0.423,0.290927133
1554785315253,62.12,121.3,0.00567,0.423,0.290927133
1554785315299,62.167,121.3,0.00567,0.423,0.290927133
1554785315362,62.229,121.2,0.00564,0.423,0.289149264
1554785315408,62.275,121.2,0.00564,0.423,0.289149264
1554785315454,62.321,121.2,0.00564,0.423,0.289149264
1554785315500,62.367,121.2,0.00564,0.423,0.289149264
1554785315561,62.428,121.3,0.0057,0.421,0.29108361
1554785315607,62.475,121.3,0.0057,0.421,0.29108361
1554785315654,62.521,121.3,0.0057,0.421,0.29108361
1554785315700,62.567,121.3,0.0057,0.421,0.29108361
1554785315762,62.629,121.3,0.00571,0.421,0.291594283
1554785315808,62.675,121.3,0.00571,0.421,0.291594283
1554785315854,62.721,121.3,0.00571,0.421,0.291594283
1554785315900,62.768,121.3,0.00571,0.421,0.291594283
1554785315961,62.829,121.3,0.00567,0.423,0.290927133
1554785316007,62.874,121.3,0.00567,0.423,0.290927133
1554785316053,62.921,121.3,0.00567,0.423,0.290927133
1554785316100,62.967,121.3,0.00567,0.423,0.290927133
1554785316162,63.029,121.2,0.00568,0.421,0.289823136
1554785316208,63.075,121.2,0.00568,0.421,0.289823136
1554785316254,63.121,121.2,0.00568,0.421,0.289823136
1554785316300,63.167,121.2,0.00568,0.421,0.289823136
1554785316361,63.228,121.2,0.00573,0.422,0.293068872
1554785316407,63.274,121.2,0.00573,0.422,0.293068872
1554785316453,63.32,121.2,0.00573,0.422,0.293068872
1554785316500,63.367,121.2,0.00573,0.422,0.293068872
1554785316562,63.429,121.3,0.00575,0.423,0.295031925
1554785316608,63.475,121.3,0.00575,0.423,0.295031925
1554785316654,63.521,121.3,0.00575,0.423,0.295031925
1554785316700,63.567,121.3,0.00575,0.423,0.295031925
1554785316761,63.628,121.3,0.00574,0.421,0.293126302
1554785316807,63.674,121.3,0.00574,0.421,0.293126302
1554785316853,63.72,121.3,0.00574,0.421,0.293126302
1554785316899,63.766,121.3,0.00574,0.421,0.293126302
1554785316962,63.829,121.2,0.00576,0.422,0.294603264
1554785317008,63.875,121.2,0.00576,0.422,0.294603264
1554785317054,63.921,121.2,0.00576,0.422,0.294603264
1554785317100,63.967,121.2,0.00576,0.422,0.294603264
1554785317161,64.028,121.3,0.00578,0.421,0.295168994
1554785317207,64.074,121.3,0.00578,0.421,0.295168994
1554785317253,64.12,121.3,0.00578,0.421,0.295168994
1554785317299,64.166,121.3,0.00578,0.421,0.295168994
1554785317362,64.229,121.3,0.00581,0.419,0.295291507
1554785317408,64.275,121.3,0.00581,0.419,0.295291507
1554785317454,64.321,121.3,0.00581,0.419,0.295291507
1554785317500,64.367,121.3,0.00581,0.419,0.295291507
1554785317561,64.428,121.3,0.00581,0.42,0.29599626
1554785317607,64.474,121.3,0.00581,0.42,0.29599626
1554785317653,64.521,121.3,0.00581,0.42,0.29599626
1554785317699,64.566,121.3,0.00581,0.42,0.29599626
1554785317762,64.629,121.3,0.00579,0.42,0.29497734
1554785317808,64.675,121.3,0.00579,0.42,0.29497734
1554785317858,64.725,121.3,0.00579,0.42,0.29497734
1554785317904,64.771,121.3,0.00579,0.42,0.29497734
1554785317961,64.828,121.3,0.00575,0.422,0.29433445
1554785318007,64.874,121.3,0.00575,0.422,0.29433445
1554785318053,64.92,121.3,0.00575,0.422,0.29433445
1554785318099,64.966,121.3,0.00575,0.422,0.29433445
1554785318162,65.029,121.3,0.00574,0.42,0.29243004
1554785318208,65.075,121.3,0.00574,0.42,0.29243004
1554785318254,65.121,121.3,0.00574,0.42,0.29243004
1554785318300,65.167,121.3,0.00574,0.42,0.29243004
1554785318361,65.228,121.2,0.00571,0.422,0.292045944
1554785318407,65.274,121.2,0.00571,0.422,0.292045944
1554785318453,65.32,121.2,0.00571,0.422,0.292045944
1554785318499,65.366,121.2,0.00571,0.422,0.292045944
1554785318562,65.429,121.2,0.00572,0.424,0.293943936
1554785318608,65.475,121.2,0.00572,0.424,0.293943936
1554785318654,65.521,121.2,0.00572,0.424,0.293943936
1554785318700,65.567,121.2,0.00572,0.424,0.293943936
1554785318761,65.628,121.2,0.00572,0.421,0.291864144
1554785318807,65.674,121.2,0.00572,0.421,0.291864144
1554785318853,65.72,121.2,0.00572,0.421,0.291864144
1554785318899,65.766,121.2,0.00572,0.421,0.291864144
1554785318962,65.829,121.2,0.00571,0.422,0.292045944
1554785319008,65.875,121.2,0.00571,0.422,0.292045944
1554785319054,65.921,121.2,0.00571,0.422,0.292045944
1554785319100,65.967,121.2,0.00571,0.422,0.292045944
1554785319161,66.028,121.2,0.00569,0.42,0.28964376
1554785319207,66.074,121.2,0.00569,0.42,0.28964376
1554785319253,66.12,121.2,0.00569,0.42,0.28964376
1554785319299,66.166,121.2,0.00569,0.42,0.28964376
1554785319362,66.229,121.2,0.00573,0.421,0.292374396
1554785319408,66.275,121.2,0.00573,0.421,0.292374396
1554785319454,66.321,121.2,0.00573,0.421,0.292374396
1554785319500,66.367,121.2,0.00573,0.421,0.292374396
1554785319562,66.429,121.2,0.00571,0.421,0.291353892
1554785319608,66.475,121.2,0.00571,0.421,0.291353892
1554785319654,66.521,121.2,0.00571,0.421,0.291353892
1554785319700,66.567,121.2,0.00571,0.421,0.291353892
1554785319761,66.628,121.3,0.00576,0.419,0.292750272
1554785319807,66.674,121.3,0.00576,0.419,0.292750272
1554785319855,66.722,121.3,0.00576,0.419,0.292750272
1554785319901,66.768,121.3,0.00576,0.419,0.292750272
1554785319961,66.828,121.3,0.00575,0.417,0.290847075
1554785320007,66.874,121.3,0.00575,0.417,0.290847075
1554785320053,66.92,121.3,0.00575,0.417,0.290847075
1554785320099,66.966,121.3,0.00575,0.417,0.290847075
1554785320161,67.028,121.3,0.0057,0.422,0.29177502
1554785320208,67.075,121.3,0.0057,0.422,0.29177502
1554785320254,67.121,121.3,0.0057,0.422,0.29177502
1554785320300,67.167,121.3,0.0057,0.422,0.29177502
1554785320362,67.229,121.3,0.00571,0.422,0.292286906
1554785320408,67.275,121.3,0.00571,0.422,0.292286906
1554785320454,67.321,121.3,0.00571,0.422,0.292286906
1554785320500,67.367,121.3,0.00571,0.422,0.292286906
1554785320561,67.429,121.3,0.00574,0.422,0.293822564
1554785320608,67.475,121.3,0.00574,0.422,0.293822564
1554785320654,67.521,121.3,0.00574,0.422,0.293822564
1554785320700,67.567,121.3,0.00574,0.422,0.293822564
1554785320761,67.628,121.3,0.00572,0.423,0.293492628
1554785320807,67.674,121.3,0.00572,0.423,0.293492628
1554785320853,67.72,121.3,0.00572,0.423,0.293492628
1554785320899,67.766,121.3,0.00572,0.423,0.293492628
1554785320961,67.828,121.3,0.00574,0.423,0.294518826
1554785321008,67.875,121.3,0.00574,0.423,0.294518826
1554785321054,67.921,121.3,0.00574,0.423,0.294518826
1554785321100,67.967,121.3,0.00574,0.423,0.294518826
1554785321161,68.028,121.2,0.00574,0.423,0.294276024
1554785321207,68.074,121.2,0.00574,0.423,0.294276024
1554785321253,68.12,121.2,0.00574,0.423,0.294276024
1554785321299,68.166,121.2,0.00574,0.423,0.294276024
1554785321361,68.228,121.2,0.00579,0.42,0.29473416
1554785321407,68.274,121.2,0.00579,0.42,0.29473416
1554785321453,68.32,121.2,0.00579,0.42,0.29473416
1554785321499,68.366,121.2,0.00579,0.42,0.29473416
1554785321562,68.429,121.3,0.00577,0.423,0.296058123
1554785321608,68.475,121.3,0.00577,0.423,0.296058123
1554785321654,68.521,121.3,0.00577,0.423,0.296058123
1554785321700,68.567,121.3,0.00577,0.423,0.296058123
1554785321761,68.628,121.3,0.00575,0.422,0.29433445
1554785321807,68.674,121.3,0.00575,0.422,0.29433445
1554785321853,68.72,121.3,0.00575,0.422,0.29433445
1554785321899,68.766,121.3,0.00575,0.422,0.29433445
1554785321962,68.829,121.2,0.00572,0.423,0.293250672
1554785322008,68.875,121.2,0.00572,0.423,0.293250672
1554785322054,68.921,121.2,0.00572,0.423,0.293250672
1554785322100,68.967,121.2,0.00572,0.423,0.293250672
1554785322161,69.028,121.2,0.00575,0.42,0.292698
1554785322207,69.074,121.2,0.00575,0.42,0.292698
1554785322253,69.12,121.2,0.00575,0.42,0.292698
1554785322299,69.166,121.2,0.00575,0.42,0.292698
1554785322362,69.229,121.2,0.00575,0.419,0.2920011
1554785322408,69.275,121.2,0.00575,0.419,0.2920011
1554785322454,69.321,121.2,0.00575,0.419,0.2920011
1554785322500,69.367,121.2,0.00575,0.419,0.2920011
1554785322561,69.428,121.2,0.00572,0.424,0.293943936
1554785322607,69.474,121.2,0.00572,0.424,0.293943936
1554785322653,69.52,121.2,0.00572,0.424,0.293943936
1554785322699,69.566,121.2,0.00572,0.424,0.293943936
1554785322762,69.629,121.2,0.00573,0.422,0.293068872
1554785322808,69.675,121.2,0.00573,0.422,0.293068872
1554785322854,69.721,121.2,0.00573,0.422,0.293068872
1554785322900,69.767,121.2,0.00573,0.422,0.293068872
1554785322961,69.828,121.3,0.00571,0.422,0.292286906
1554785323007,69.874,121.3,0.00571,0.422,0.292286906
1554785323053,69.92,121.3,0.00571,0.422,0.292286906
1554785323099,69.966,121.3,0.00571,0.422,0.292286906
1554785323162,70.029,121.2,0.00569,0.421,0.290333388
1554785323208,70.075,121.2,0.00569,0.421,0.290333388
1554785323254,70.121,121.2,0.00569,0.421,0.290333388
1554785323300,70.167,121.2,0.00569,0.421,0.290333388
1554785323361,70.228,121.2,0.00568,0.423,0.291199968
1554785323406,70.273,121.2,0.00568,0.423,0.291199968
1554785323453,70.32,121.2,0.00568,0.423,0.291199968
1554785323499,70.366,121.2,0.00568,0.423,0.291199968
1554785323561,70.428,121.3,0.00572,0.421,0.292104956
1554785323607,70.474,121.3,0.00572,0.421,0.292104956
1554785323653,70.52,121.3,0.00572,0.421,0.292104956
1554785323699,70.566,121.3,0.00572,0.421,0.292104956
1554785323762,70.629,121.3,0.00575,0.419,0.292242025
1554785323808,70.675,121.3,0.00575,0.419,0.292242025
1554785323854,70.721,121.3,0.00575,0.419,0.292242025
1554785323900,70.767,121.3,0.00575,0.419,0.292242025
1554785323961,70.828,121.3,0.00572,0.421,0.292104956
1554785324007,70.874,121.3,0.00572,0.421,0.292104956
1554785324053,70.92,121.3,0.00572,0.421,0.292104956
1554785324099,70.966,121.3,0.00572,0.421,0.292104956
1554785324161,71.028,121.3,0.00572,0.421,0.292104956
1554785324207,71.074,121.3,0.00572,0.421,0.292104956
1554785324253,71.12,121.3,0.00572,0.421,0.292104956
1554785324299,71.166,121.3,0.00572,0.421,0.292104956
1554785324362,71.229,121.3,0.00573,0.421,0.292615629
1554785324408,71.275,121.3,0.00573,0.421,0.292615629
1554785324454,71.321,121.3,0.00573,0.421,0.292615629
1554785324500,71.367,121.3,0.00573,0.421,0.292615629
1554785324561,71.428,121.3,0.00577,0.42,0.29395842
1554785324607,71.474,121.3,0.00577,0.42,0.29395842
1554785324653,71.52,121.3,0.00577,0.42,0.29395842
1554785324700,71.567,121.3,0.00577,0.42,0.29395842
1554785324761,71.628,121.3,0.0058,0.419,0.29478326
1554785324807,71.674,121.3,0.0058,0.419,0.29478326
1554785324853,71.72,121.3,0.0058,0.419,0.29478326
1554785324899,71.766,121.3,0.0058,0.419,0.29478326
1554785324961,71.828,121.4,0.00578,0.422,0.296114024
1554785325007,71.874,121.4,0.00578,0.422,0.296114024
1554785325053,71.92,121.4,0.00578,0.422,0.296114024
1554785325099,71.966,121.4,0.00578,0.422,0.296114024
1554785325162,72.029,121.3,0.00575,0.42,0.2929395
1554785325208,72.075,121.3,0.00575,0.42,0.2929395
1554785325254,72.121,121.3,0.00575,0.42,0.2929395
1554785325300,72.167,121.3,0.00575,0.42,0.2929395
1554785325361,72.228,121.3,0.00578,0.421,0.295168994
1554785325407,72.274,121.3,0.00578,0.421,0.295168994
1554785325453,72.32,121.3,0.00578,0.421,0.295168994
1554785325499,72.366,121.3,0.00578,0.421,0.295168994
1554785325561,72.429,121.3,0.00579,0.421,0.295679667
1554785325608,72.475,121.3,0.00579,0.421,0.295679667
1554785325654,72.521,121.3,0.00579,0.421,0.295679667
1554785325700,72.567,121.3,0.00579,0.421,0.295679667
1554785325761,72.628,121.3,0.00578,0.422,0.295870108
1554785325807,72.674,121.3,0.00578,0.422,0.295870108
1554785325853,72.72,121.3,0.00578,0.422,0.295870108
1554785325899,72.766,121.3,0.00578,0.422,0.295870108
1554785325962,72.829,121.3,0.00576,0.42,0.29344896
1554785326008,72.875,121.3,0.00576,0.42,0.29344896
1554785326054,72.921,121.3,0.00576,0.42,0.29344896
1554785326100,72.967,121.3,0.00576,0.42,0.29344896
1554785326161,73.028,121.3,0.00575,0.421,0.293636975
1554785326207,73.074,121.3,0.00575,0.421,0.293636975
1554785326253,73.12,121.3,0.00575,0.421,0.293636975
1554785326299,73.166,121.3,0.00575,0.421,0.293636975
1554785326362,73.229,121.2,0.00574,0.422,0.293580336
1554785326408,73.275,121.2,0.00574,0.422,0.293580336
1554785326454,73.321,121.2,0.00574,0.422,0.293580336
1554785326500,73.367,121.2,0.00574,0.422,0.293580336
1554785326561,73.428,121.2,0.00569,0.424,0.292402272
1554785326607,73.474,121.2,0.00569,0.424,0.292402272
1554785326653,73.52,121.2,0.00569,0.424,0.292402272
1554785326699,73.566,121.2,0.00569,0.424,0.292402272
1554785326762,73.629,121.2,0.00574,0.42,0.29218896
1554785326808,73.675,121.2,0.00574,0.42,0.29218896
1554785326854,73.721,121.2,0.00574,0.42,0.29218896
1554785326900,73.767,121.2,0.00574,0.42,0.29218896
1554785326961,73.828,121.2,0.00578,0.416,0.291422976
1554785327007,73.874,121.2,0.00578,0.416,0.291422976
1554785327053,73.92,121.2,0.00578,0.416,0.291422976
1554785327099,73.966,121.2,0.00578,0.416,0.291422976
1554785327160,74.028,121.2,0.00571,0.419,0.289969788
1554785327207,74.074,121.2,0.00571,0.419,0.289969788
1554785327253,74.12,121.2,0.00571,0.419,0.289969788
1554785327299,74.166,121.2,0.00571,0.419,0.289969788
1554785327361,74.228,121.2,0.0057,0.42,0.2901528
1554785327407,74.274,121.2,0.0057,0.42,0.2901528
1554785327454,74.321,121.2,0.0057,0.42,0.2901528
1554785327500,74.367,121.2,0.0057,0.42,0.2901528
1554785327561,74.428,121.2,0.00721,0.435,0.38012562
1554785327607,74.474,121.2,0.00721,0.435,0.38012562
1554785327653,74.52,121.2,0.00721,0.435,0.38012562
1554785327699,74.566,121.2,0.00721,0.435,0.38012562
1554785327761,74.628,121.2,0.00725,0.435,0.3822345
1554785327807,74.674,121.2,0.00725,0.435,0.3822345
1554785327853,74.72,121.2,0.00725,0.435,0.3822345
1554785327900,74.767,121.2,0.00725,0.435,0.3822345
1554785327961,74.828,121.3,0.00724,0.434,0.381144008
1554785328006,74.873,121.3,0.00724,0.434,0.381144008
1554785328052,74.919,121.3,0.00724,0.434,0.381144008
1554785328098,74.965,121.3,0.00724,0.434,0.381144008
1554785328161,75.028,121.3,0.00721,0.436,0.381313828
1554785328207,75.074,121.3,0.00721,0.436,0.381313828
1554785328253,75.12,121.3,0.00721,0.436,0.381313828
1554785328299,75.166,121.3,0.00721,0.436,0.381313828
1554785328361,75.228,121.2,0.00727,0.435,0.38328894
1554785328407,75.274,121.2,0.00727,0.435,0.38328894
1554785328453,75.32,121.2,0.00727,0.435,0.38328894
1554785328499,75.366,121.2,0.00727,0.435,0.38328894
1554785328561,75.428,121.3,0.00727,0.436,0.384487036
1554785328607,75.474,121.3,0.00727,0.436,0.384487036
1554785328654,75.521,121.3,0.00727,0.436,0.384487036
1554785328700,75.567,121.3,0.00727,0.436,0.384487036
You pressed Ctrl+C!
