# Mon Apr 08 20:16:18 2019
abstime,time_stamp,volt,curr,pf,mul
1554779778273,0.08,121.3,0.00624,0.427,0.323201424
1554779778321,0.128,121.4,0.0057,0.423,0.29270754
1554779778367,0.174,121.4,0.0057,0.423,0.29270754
1554779778413,0.22,121.4,0.0057,0.423,0.29270754
1554779778459,0.266,121.4,0.0057,0.423,0.29270754
1554779778505,0.312,121.4,0.00568,0.419,0.288922288
1554779778551,0.358,121.4,0.00568,0.419,0.288922288
1554779778596,0.403,121.4,0.00568,0.419,0.288922288
1554779778642,0.449,121.4,0.00568,0.419,0.288922288
1554779778703,0.51,121.4,0.00568,0.421,0.290301392
1554779778749,0.556,121.4,0.00568,0.421,0.290301392
1554779778794,0.601,121.4,0.00568,0.421,0.290301392
1554779778840,0.647,121.4,0.00568,0.421,0.290301392
1554779778904,0.711,121.3,0.00571,0.42,0.29090166
1554779778950,0.757,121.3,0.00571,0.42,0.29090166
1554779778996,0.803,121.3,0.00571,0.42,0.29090166
1554779779042,0.849,121.3,0.00571,0.42,0.29090166
1554779779103,0.91,121.3,0.00569,0.421,0.290572937
1554779779149,0.956,121.3,0.00569,0.421,0.290572937
1554779779195,1.002,121.3,0.00569,0.421,0.290572937
1554779779241,1.048,121.3,0.00569,0.421,0.290572937
1554779779304,1.111,121.3,0.00572,0.421,0.292104956
1554779779349,1.156,121.3,0.00572,0.421,0.292104956
1554779779396,1.203,121.3,0.00572,0.421,0.292104956
1554779779442,1.249,121.3,0.00572,0.421,0.292104956
1554779779503,1.31,121.4,0.00571,0.42,0.29114148
1554779779549,1.356,121.4,0.00571,0.42,0.29114148
1554779779595,1.402,121.4,0.00571,0.42,0.29114148
1554779779641,1.448,121.4,0.00571,0.42,0.29114148
1554779779704,1.511,121.3,0.00576,0.418,0.292051584
1554779779750,1.557,121.3,0.00576,0.418,0.292051584
1554779779796,1.603,121.3,0.00576,0.418,0.292051584
1554779779842,1.649,121.3,0.00576,0.418,0.292051584
1554779779903,1.71,121.3,0.00575,0.418,0.29154455
1554779779949,1.756,121.3,0.00575,0.418,0.29154455
1554779779995,1.802,121.3,0.00575,0.418,0.29154455
1554779780042,1.849,121.3,0.00575,0.418,0.29154455
1554779780103,1.91,121.3,0.00575,0.42,0.2929395
1554779780149,1.956,121.3,0.00575,0.42,0.2929395
1554779780195,2.002,121.3,0.00575,0.42,0.2929395
1554779780241,2.048,121.3,0.00575,0.42,0.2929395
1554779780303,2.11,121.3,0.00573,0.424,0.294700776
1554779780349,2.156,121.3,0.00573,0.424,0.294700776
1554779780395,2.202,121.3,0.00573,0.424,0.294700776
1554779780441,2.248,121.3,0.00573,0.424,0.294700776
1554779780503,2.31,121.3,0.00573,0.424,0.294700776
1554779780549,2.356,121.3,0.00573,0.424,0.294700776
1554779780595,2.402,121.3,0.00573,0.424,0.294700776
1554779780641,2.448,121.3,0.00573,0.424,0.294700776
1554779780703,2.51,121.3,0.00572,0.424,0.294186464
1554779780749,2.556,121.3,0.00572,0.424,0.294186464
1554779780796,2.603,121.3,0.00572,0.424,0.294186464
1554779780842,2.649,121.3,0.00572,0.424,0.294186464
1554779780903,2.71,121.3,0.00573,0.423,0.294005727
1554779780949,2.756,121.3,0.00573,0.423,0.294005727
1554779780995,2.802,121.3,0.00573,0.423,0.294005727
1554779781041,2.848,121.3,0.00573,0.423,0.294005727
1554779781103,2.91,121.3,0.00571,0.424,0.293672152
1554779781150,2.957,121.3,0.00571,0.424,0.293672152
1554779781195,3.002,121.3,0.00571,0.424,0.293672152
1554779781241,3.049,121.3,0.00571,0.424,0.293672152
1554779781303,3.11,121.3,0.00571,0.423,0.292979529
1554779781349,3.156,121.3,0.00571,0.423,0.292979529
1554779781395,3.202,121.3,0.00571,0.423,0.292979529
1554779781441,3.248,121.3,0.00571,0.423,0.292979529
1554779781503,3.31,121.3,0.00571,0.422,0.292286906
1554779781549,3.357,121.3,0.00571,0.422,0.292286906
1554779781595,3.402,121.3,0.00571,0.422,0.292286906
1554779781641,3.449,121.3,0.00571,0.422,0.292286906
1554779781703,3.51,121.3,0.00571,0.421,0.291594283
1554779781750,3.557,121.3,0.00571,0.421,0.291594283
1554779781796,3.603,121.3,0.00571,0.421,0.291594283
1554779781842,3.649,121.3,0.00571,0.421,0.291594283
1554779781904,3.712,121.3,0.00572,0.423,0.293492628
1554779781951,3.758,121.3,0.00572,0.423,0.293492628
1554779781997,3.804,121.3,0.00572,0.423,0.293492628
1554779782043,3.85,121.3,0.00572,0.423,0.293492628
1554779782104,3.911,121.3,0.00573,0.42,0.29192058
1554779782150,3.957,121.3,0.00573,0.42,0.29192058
1554779782196,4.003,121.3,0.00573,0.42,0.29192058
1554779782243,4.05,121.3,0.00573,0.42,0.29192058
1554779782304,4.111,121.4,0.00571,0.422,0.292527868
1554779782349,4.157,121.4,0.00571,0.422,0.292527868
1554779782396,4.203,121.4,0.00571,0.422,0.292527868
1554779782442,4.249,121.4,0.00571,0.422,0.292527868
1554779782504,4.311,121.4,0.00566,0.421,0.289279204
1554779782550,4.357,121.4,0.00566,0.421,0.289279204
1554779782597,4.404,121.4,0.00566,0.421,0.289279204
1554779782643,4.45,121.4,0.00566,0.421,0.289279204
1554779782704,4.511,121.3,0.00563,0.422,0.288191818
1554779782750,4.557,121.3,0.00563,0.422,0.288191818
1554779782796,4.603,121.3,0.00563,0.422,0.288191818
1554779782843,4.65,121.3,0.00563,0.422,0.288191818
1554779782904,4.711,121.3,0.00567,0.422,0.290239362
1554779782950,4.757,121.3,0.00567,0.422,0.290239362
1554779782996,4.804,121.3,0.00567,0.422,0.290239362
1554779783043,4.85,121.3,0.00567,0.422,0.290239362
1554779783104,4.911,121.4,0.00569,0.423,0.292194018
1554779783150,4.957,121.4,0.00569,0.423,0.292194018
1554779783196,5.003,121.4,0.00569,0.423,0.292194018
1554779783242,5.049,121.4,0.00569,0.423,0.292194018
1554779783304,5.111,121.4,0.00569,0.422,0.291503252
1554779783352,5.159,121.4,0.00569,0.422,0.291503252
1554779783398,5.205,121.4,0.00569,0.422,0.291503252
1554779783444,5.251,121.4,0.00569,0.422,0.291503252
1554779783504,5.311,121.4,0.00571,0.422,0.292527868
1554779783550,5.357,121.4,0.00571,0.422,0.292527868
1554779783597,5.404,121.4,0.00571,0.422,0.292527868
1554779783643,5.45,121.4,0.00571,0.422,0.292527868
1554779783704,5.511,121.4,0.00568,0.422,0.290990944
1554779783750,5.557,121.4,0.00568,0.422,0.290990944
1554779783796,5.603,121.4,0.00568,0.422,0.290990944
1554779783842,5.649,121.4,0.00568,0.422,0.290990944
1554779783903,5.71,121.4,0.0057,0.42,0.2906316
1554779783949,5.756,121.4,0.0057,0.42,0.2906316
1554779783995,5.802,121.4,0.0057,0.42,0.2906316
1554779784041,5.848,121.4,0.0057,0.42,0.2906316
1554779784104,5.911,121.4,0.00573,0.424,0.294943728
1554779784150,5.957,121.4,0.00573,0.424,0.294943728
1554779784196,6.003,121.4,0.00573,0.424,0.294943728
1554779784242,6.049,121.4,0.00573,0.424,0.294943728
1554779784303,6.11,121.4,0.00577,0.422,0.295601716
1554779784349,6.156,121.4,0.00577,0.422,0.295601716
1554779784395,6.202,121.4,0.00577,0.422,0.295601716
1554779784441,6.248,121.4,0.00577,0.422,0.295601716
1554779784503,6.31,121.4,0.00579,0.419,0.294517614
1554779784549,6.356,121.4,0.00579,0.419,0.294517614
1554779784595,6.402,121.4,0.00579,0.419,0.294517614
1554779784640,6.447,121.4,0.00579,0.419,0.294517614
1554779784703,6.51,121.4,0.00578,0.421,0.295412332
1554779784749,6.556,121.4,0.00578,0.421,0.295412332
1554779784794,6.601,121.4,0.00578,0.421,0.295412332
1554779784839,6.646,121.4,0.00578,0.421,0.295412332
1554779784903,6.71,121.3,0.00573,0.42,0.29192058
1554779784949,6.756,121.3,0.00573,0.42,0.29192058
1554779784995,6.802,121.3,0.00573,0.42,0.29192058
1554779785041,6.848,121.3,0.00573,0.42,0.29192058
1554779785103,6.911,121.3,0.00571,0.424,0.293672152
1554779785150,6.957,121.3,0.00571,0.424,0.293672152
1554779785196,7.003,121.3,0.00571,0.424,0.293672152
1554779785242,7.049,121.3,0.00571,0.424,0.293672152
1554779785303,7.11,121.3,0.00574,0.424,0.295215088
1554779785349,7.156,121.3,0.00574,0.424,0.295215088
1554779785395,7.202,121.3,0.00574,0.424,0.295215088
1554779785441,7.248,121.3,0.00574,0.424,0.295215088
1554779785503,7.31,121.3,0.00573,0.421,0.292615629
1554779785549,7.357,121.3,0.00573,0.421,0.292615629
1554779785596,7.403,121.3,0.00573,0.421,0.292615629
1554779785642,7.449,121.3,0.00573,0.421,0.292615629
1554779785703,7.51,121.3,0.00573,0.42,0.29192058
1554779785749,7.556,121.3,0.00573,0.42,0.29192058
1554779785795,7.602,121.3,0.00573,0.42,0.29192058
1554779785841,7.648,121.3,0.00573,0.42,0.29192058
1554779785902,7.709,121.3,0.0057,0.422,0.29177502
1554779785948,7.755,121.3,0.0057,0.422,0.29177502
1554779785994,7.801,121.3,0.0057,0.422,0.29177502
1554779786041,7.848,121.3,0.0057,0.422,0.29177502
1554779786103,7.91,121.3,0.00568,0.424,0.292129216
1554779786149,7.956,121.3,0.00568,0.424,0.292129216
1554779786195,8.002,121.3,0.00568,0.424,0.292129216
1554779786241,8.048,121.3,0.00568,0.424,0.292129216
1554779786302,8.109,121.3,0.00566,0.423,0.290414034
1554779786348,8.155,121.3,0.00566,0.423,0.290414034
1554779786394,8.201,121.3,0.00566,0.423,0.290414034
1554779786440,8.247,121.3,0.00566,0.423,0.290414034
1554779786503,8.31,121.3,0.00567,0.423,0.290927133
1554779786549,8.356,121.3,0.00567,0.423,0.290927133
1554779786595,8.402,121.3,0.00567,0.423,0.290927133
1554779786641,8.448,121.3,0.00567,0.423,0.290927133
1554779786702,8.509,121.3,0.00568,0.419,0.288684296
1554779786748,8.555,121.3,0.00568,0.419,0.288684296
1554779786794,8.601,121.3,0.00568,0.419,0.288684296
1554779786840,8.647,121.3,0.00568,0.419,0.288684296
1554779786902,8.709,121.3,0.00572,0.421,0.292104956
1554779786949,8.756,121.3,0.00572,0.421,0.292104956
1554779786995,8.802,121.3,0.00572,0.421,0.292104956
1554779787041,8.848,121.3,0.00572,0.421,0.292104956
1554779787102,8.909,121.3,0.00571,0.421,0.291594283
1554779787148,8.955,121.3,0.00571,0.421,0.291594283
1554779787194,9.001,121.3,0.00571,0.421,0.291594283
1554779787240,9.047,121.3,0.00571,0.421,0.291594283
1554779787302,9.109,121.4,0.0057,0.425,0.2940915
1554779787348,9.155,121.4,0.0057,0.425,0.2940915
1554779787394,9.201,121.4,0.0057,0.425,0.2940915
1554779787440,9.248,121.4,0.0057,0.425,0.2940915
1554779787503,9.31,121.4,0.00568,0.423,0.291680496
1554779787549,9.356,121.4,0.00568,0.423,0.291680496
1554779787595,9.402,121.4,0.00568,0.423,0.291680496
1554779787642,9.449,121.4,0.00568,0.423,0.291680496
1554779787703,9.51,121.4,0.00566,0.425,0.2920277
1554779787749,9.556,121.4,0.00566,0.425,0.2920277
1554779787795,9.602,121.4,0.00566,0.425,0.2920277
1554779787841,9.648,121.4,0.00566,0.425,0.2920277
1554779787902,9.709,121.4,0.00573,0.421,0.292856862
1554779787948,9.755,121.4,0.00573,0.421,0.292856862
1554779787994,9.802,121.4,0.00573,0.421,0.292856862
1554779788041,9.848,121.4,0.00573,0.421,0.292856862
1554779788102,9.909,121.4,0.00574,0.421,0.293367956
1554779788148,9.955,121.4,0.00574,0.421,0.293367956
1554779788194,10.001,121.4,0.00574,0.421,0.293367956
1554779788240,10.047,121.4,0.00574,0.421,0.293367956
1554779788302,10.109,121.4,0.00575,0.424,0.2959732
1554779788348,10.156,121.4,0.00575,0.424,0.2959732
1554779788395,10.202,121.4,0.00575,0.424,0.2959732
1554779788441,10.248,121.4,0.00575,0.424,0.2959732
1554779788502,10.309,121.4,0.00574,0.423,0.294761628
1554779788548,10.355,121.4,0.00574,0.423,0.294761628
1554779788594,10.401,121.4,0.00574,0.423,0.294761628
1554779788640,10.447,121.4,0.00574,0.423,0.294761628
1554779788702,10.509,121.4,0.00574,0.422,0.294064792
1554779788748,10.555,121.4,0.00574,0.422,0.294064792
1554779788793,10.6,121.4,0.00574,0.422,0.294064792
1554779788839,10.646,121.4,0.00574,0.422,0.294064792
1554779788902,10.709,121.3,0.00576,0.42,0.29344896
1554779788948,10.755,121.3,0.00576,0.42,0.29344896
1554779788994,10.801,121.3,0.00576,0.42,0.29344896
1554779789040,10.847,121.3,0.00576,0.42,0.29344896
1554779789102,10.909,121.3,0.00575,0.423,0.295031925
1554779789148,10.955,121.3,0.00575,0.423,0.295031925
1554779789194,11.001,121.3,0.00575,0.423,0.295031925
1554779789241,11.048,121.3,0.00575,0.423,0.295031925
1554779789302,11.109,121.4,0.00579,0.419,0.294517614
1554779789348,11.155,121.4,0.00579,0.419,0.294517614
1554779789394,11.201,121.4,0.00579,0.419,0.294517614
1554779789440,11.247,121.4,0.00579,0.419,0.294517614
1554779789502,11.31,121.4,0.00575,0.42,0.293181
1554779789548,11.355,121.4,0.00575,0.42,0.293181
1554779789595,11.402,121.4,0.00575,0.42,0.293181
1554779789641,11.448,121.4,0.00575,0.42,0.293181
1554779789702,11.509,121.3,0.00569,0.421,0.290572937
1554779789748,11.555,121.3,0.00569,0.421,0.290572937
1554779789794,11.601,121.3,0.00569,0.421,0.290572937
1554779789840,11.647,121.3,0.00569,0.421,0.290572937
1554779789903,11.71,121.3,0.00568,0.423,0.291440232
1554779789949,11.756,121.3,0.00568,0.423,0.291440232
1554779789995,11.802,121.3,0.00568,0.423,0.291440232
1554779790041,11.848,121.3,0.00568,0.423,0.291440232
1554779790102,11.909,121.3,0.00568,0.421,0.290062264
1554779790148,11.955,121.3,0.00568,0.421,0.290062264
1554779790194,12.001,121.3,0.00568,0.421,0.290062264
1554779790240,12.047,121.3,0.00568,0.421,0.290062264
1554779790301,12.109,121.3,0.00571,0.421,0.291594283
1554779790347,12.154,121.3,0.00571,0.421,0.291594283
1554779790394,12.201,121.3,0.00571,0.421,0.291594283
1554779790440,12.247,121.3,0.00571,0.421,0.291594283
1554779790502,12.309,121.3,0.00569,0.42,0.28988274
1554779790548,12.355,121.3,0.00569,0.42,0.28988274
1554779790594,12.401,121.3,0.00569,0.42,0.28988274
1554779790640,12.447,121.3,0.00569,0.42,0.28988274
1554779790702,12.509,121.3,0.00567,0.423,0.290927133
1554779790748,12.555,121.3,0.00567,0.423,0.290927133
1554779790794,12.601,121.3,0.00567,0.423,0.290927133
1554779790840,12.647,121.3,0.00567,0.423,0.290927133
1554779790902,12.709,121.3,0.00569,0.42,0.28988274
1554779790949,12.756,121.3,0.00569,0.42,0.28988274
1554779790995,12.802,121.3,0.00569,0.42,0.28988274
1554779791041,12.848,121.3,0.00569,0.42,0.28988274
1554779791102,12.909,121.3,0.00571,0.422,0.292286906
1554779791148,12.955,121.3,0.00571,0.422,0.292286906
1554779791194,13.001,121.3,0.00571,0.422,0.292286906
1554779791241,13.048,121.3,0.00571,0.422,0.292286906
1554779791301,13.109,121.3,0.00569,0.423,0.291953331
1554779791347,13.154,121.3,0.00569,0.423,0.291953331
1554779791394,13.201,121.3,0.00569,0.423,0.291953331
1554779791440,13.247,121.3,0.00569,0.423,0.291953331
1554779791502,13.309,121.4,0.00568,0.425,0.2930596
1554779791548,13.355,121.4,0.00568,0.425,0.2930596
1554779791594,13.401,121.4,0.00568,0.425,0.2930596
1554779791640,13.447,121.4,0.00568,0.425,0.2930596
1554779791701,13.508,121.4,0.00569,0.422,0.291503252
1554779791747,13.554,121.4,0.00569,0.422,0.291503252
1554779791794,13.601,121.4,0.00569,0.422,0.291503252
1554779791839,13.646,121.4,0.00569,0.422,0.291503252
1554779791902,13.709,121.4,0.00572,0.423,0.293734584
1554779791948,13.755,121.4,0.00572,0.423,0.293734584
1554779791994,13.801,121.4,0.00572,0.423,0.293734584
1554779792040,13.847,121.4,0.00572,0.423,0.293734584
1554779792101,13.908,121.4,0.00567,0.425,0.29254365
1554779792147,13.954,121.4,0.00567,0.425,0.29254365
1554779792193,14.0,121.4,0.00567,0.425,0.29254365
1554779792239,14.046,121.4,0.00567,0.425,0.29254365
1554779792302,14.109,121.4,0.00572,0.425,0.2951234
1554779792348,14.155,121.4,0.00572,0.425,0.2951234
1554779792394,14.201,121.4,0.00572,0.425,0.2951234
1554779792440,14.247,121.4,0.00572,0.425,0.2951234
1554779792501,14.308,121.4,0.00571,0.424,0.293914256
1554779792547,14.354,121.4,0.00571,0.424,0.293914256
1554779792593,14.4,121.4,0.00571,0.424,0.293914256
1554779792640,14.447,121.4,0.00571,0.424,0.293914256
1554779792702,14.509,121.4,0.0057,0.425,0.2940915
1554779792748,14.555,121.4,0.0057,0.425,0.2940915
1554779792794,14.601,121.4,0.0057,0.425,0.2940915
1554779792840,14.647,121.4,0.0057,0.425,0.2940915
1554779792901,14.709,121.4,0.00569,0.425,0.29357555
1554779792948,14.755,121.4,0.00569,0.425,0.29357555
1554779792994,14.801,121.4,0.00569,0.425,0.29357555
1554779793040,14.847,121.4,0.00569,0.425,0.29357555
1554779793102,14.909,121.3,0.0057,0.427,0.29523207
1554779793148,14.955,121.3,0.0057,0.427,0.29523207
1554779793195,15.002,121.3,0.0057,0.427,0.29523207
1554779793241,15.048,121.3,0.0057,0.427,0.29523207
1554779793302,15.109,121.4,0.00571,0.424,0.293914256
1554779793348,15.155,121.4,0.00571,0.424,0.293914256
1554779793394,15.201,121.4,0.00571,0.424,0.293914256
1554779793440,15.247,121.4,0.00571,0.424,0.293914256
1554779793501,15.308,121.4,0.00572,0.425,0.2951234
1554779793547,15.354,121.4,0.00572,0.425,0.2951234
1554779793593,15.401,121.4,0.00572,0.425,0.2951234
1554779793640,15.447,121.4,0.00572,0.425,0.2951234
1554779793702,15.509,121.4,0.00567,0.423,0.291166974
1554779793748,15.555,121.4,0.00567,0.423,0.291166974
1554779793794,15.601,121.4,0.00567,0.423,0.291166974
1554779793841,15.648,121.4,0.00567,0.423,0.291166974
1554779793902,15.709,121.3,0.00568,0.421,0.290062264
1554779793948,15.755,121.3,0.00568,0.421,0.290062264
1554779793994,15.801,121.3,0.00568,0.421,0.290062264
1554779794040,15.847,121.3,0.00568,0.421,0.290062264
1554779794102,15.909,121.3,0.00572,0.421,0.292104956
1554779794148,15.955,121.3,0.00572,0.421,0.292104956
1554779794194,16.001,121.3,0.00572,0.421,0.292104956
1554779794240,16.047,121.3,0.00572,0.421,0.292104956
1554779794301,16.108,121.3,0.00569,0.423,0.291953331
1554779794347,16.154,121.3,0.00569,0.423,0.291953331
1554779794393,16.2,121.3,0.00569,0.423,0.291953331
1554779794439,16.246,121.3,0.00569,0.423,0.291953331
1554779794501,16.308,121.4,0.00568,0.422,0.290990944
1554779794547,16.354,121.4,0.00568,0.422,0.290990944
1554779794593,16.4,121.4,0.00568,0.422,0.290990944
1554779794639,16.446,121.4,0.00568,0.422,0.290990944
1554779794702,16.509,121.4,0.00563,0.422,0.288429404
1554779794748,16.555,121.4,0.00563,0.422,0.288429404
1554779794794,16.601,121.4,0.00563,0.422,0.288429404
1554779794840,16.647,121.4,0.00563,0.422,0.288429404
1554779794902,16.709,121.3,0.00566,0.424,0.291100592
1554779794948,16.755,121.3,0.00566,0.424,0.291100592
1554779794994,16.801,121.3,0.00566,0.424,0.291100592
1554779795040,16.847,121.3,0.00566,0.424,0.291100592
1554779795102,16.909,121.3,0.00568,0.422,0.290751248
1554779795148,16.955,121.3,0.00568,0.422,0.290751248
1554779795194,17.001,121.3,0.00568,0.422,0.290751248
1554779795240,17.047,121.3,0.00568,0.422,0.290751248
1554779795301,17.108,121.4,0.00569,0.424,0.292884784
1554779795347,17.154,121.4,0.00569,0.424,0.292884784
1554779795393,17.2,121.4,0.00569,0.424,0.292884784
1554779795440,17.247,121.4,0.00569,0.424,0.292884784
1554779795501,17.308,121.4,0.00569,0.422,0.291503252
1554779795547,17.354,121.4,0.00569,0.422,0.291503252
1554779795593,17.4,121.4,0.00569,0.422,0.291503252
1554779795639,17.446,121.4,0.00569,0.422,0.291503252
1554779795701,17.508,121.4,0.00567,0.424,0.291855312
1554779795747,17.554,121.4,0.00567,0.424,0.291855312
1554779795794,17.601,121.4,0.00567,0.424,0.291855312
1554779795840,17.647,121.4,0.00567,0.424,0.291855312
1554779795901,17.708,121.4,0.00569,0.423,0.292194018
1554779795947,17.754,121.4,0.00569,0.423,0.292194018
1554779795993,17.8,121.4,0.00569,0.423,0.292194018
1554779796039,17.846,121.4,0.00569,0.423,0.292194018
1554779796102,17.909,121.3,0.00573,0.425,0.295395825
1554779796148,17.955,121.3,0.00573,0.425,0.295395825
1554779796194,18.001,121.3,0.00573,0.425,0.295395825
1554779796240,18.047,121.3,0.00573,0.425,0.295395825
1554779796301,18.108,121.4,0.00573,0.423,0.294248106
1554779796347,18.154,121.4,0.00573,0.423,0.294248106
1554779796393,18.2,121.4,0.00573,0.423,0.294248106
1554779796439,18.246,121.4,0.00573,0.423,0.294248106
1554779796501,18.308,121.4,0.00578,0.421,0.295412332
1554779796547,18.354,121.4,0.00578,0.421,0.295412332
1554779796593,18.4,121.4,0.00578,0.421,0.295412332
1554779796639,18.446,121.4,0.00578,0.421,0.295412332
1554779796701,18.508,121.4,0.00575,0.421,0.29387905
1554779796747,18.554,121.4,0.00575,0.421,0.29387905
1554779796794,18.601,121.4,0.00575,0.421,0.29387905
1554779796840,18.647,121.4,0.00575,0.421,0.29387905
1554779796901,18.708,121.4,0.00573,0.422,0.293552484
1554779796947,18.754,121.4,0.00573,0.422,0.293552484
1554779796993,18.8,121.4,0.00573,0.422,0.293552484
1554779797039,18.846,121.4,0.00573,0.422,0.293552484
1554779797101,18.908,121.3,0.00573,0.422,0.293310678
1554779797147,18.954,121.3,0.00573,0.422,0.293310678
1554779797194,19.001,121.3,0.00573,0.422,0.293310678
1554779797240,19.047,121.3,0.00573,0.422,0.293310678
1554779797301,19.108,121.4,0.00571,0.424,0.293914256
1554779797347,19.154,121.4,0.00571,0.424,0.293914256
1554779797393,19.2,121.4,0.00571,0.424,0.293914256
1554779797439,19.246,121.4,0.00571,0.424,0.293914256
1554779797501,19.308,121.4,0.00567,0.425,0.29254365
1554779797547,19.354,121.4,0.00567,0.425,0.29254365
1554779797593,19.4,121.4,0.00567,0.425,0.29254365
1554779797640,19.447,121.4,0.00567,0.425,0.29254365
1554779797701,19.508,121.4,0.00565,0.426,0.29219766
1554779797747,19.554,121.4,0.00565,0.426,0.29219766
1554779797793,19.6,121.4,0.00565,0.426,0.29219766
1554779797839,19.646,121.4,0.00565,0.426,0.29219766
1554779797901,19.708,121.3,0.00565,0.425,0.291271625
1554779797948,19.755,121.3,0.00565,0.425,0.291271625
1554779797994,19.801,121.3,0.00565,0.425,0.291271625
1554779798040,19.847,121.3,0.00565,0.425,0.291271625
1554779798101,19.908,121.3,0.00568,0.424,0.292129216
1554779798147,19.954,121.3,0.00568,0.424,0.292129216
1554779798193,20.0,121.3,0.00568,0.424,0.292129216
1554779798239,20.046,121.3,0.00568,0.424,0.292129216
1554779798301,20.108,121.4,0.00567,0.424,0.291855312
1554779798348,20.155,121.4,0.00567,0.424,0.291855312
1554779798394,20.201,121.4,0.00567,0.424,0.291855312
1554779798440,20.247,121.4,0.00567,0.424,0.291855312
1554779798501,20.308,121.4,0.00564,0.427,0.292365192
1554779798547,20.354,121.4,0.00564,0.427,0.292365192
1554779798593,20.4,121.4,0.00564,0.427,0.292365192
1554779798639,20.446,121.4,0.00564,0.427,0.292365192
1554779798701,20.508,121.4,0.00562,0.425,0.2899639
1554779798746,20.553,121.4,0.00562,0.425,0.2899639
1554779798792,20.599,121.4,0.00562,0.425,0.2899639
1554779798838,20.646,121.4,0.00562,0.425,0.2899639
1554779798901,20.708,121.3,0.00562,0.427,0.291088462
1554779798947,20.754,121.3,0.00562,0.427,0.291088462
1554779798993,20.801,121.3,0.00562,0.427,0.291088462
1554779799040,20.847,121.3,0.00562,0.427,0.291088462
1554779799101,20.908,121.3,0.0057,0.421,0.29108361
1554779799147,20.954,121.3,0.0057,0.421,0.29108361
1554779799193,21.0,121.3,0.0057,0.421,0.29108361
1554779799239,21.046,121.3,0.0057,0.421,0.29108361
1554779799300,21.108,121.3,0.00565,0.426,0.29195697
1554779799346,21.153,121.3,0.00565,0.426,0.29195697
1554779799393,21.2,121.3,0.00565,0.426,0.29195697
1554779799439,21.246,121.3,0.00565,0.426,0.29195697
1554779799501,21.308,121.4,0.00566,0.426,0.292714824
1554779799547,21.354,121.4,0.00566,0.426,0.292714824
1554779799593,21.4,121.4,0.00566,0.426,0.292714824
1554779799639,21.446,121.4,0.00566,0.426,0.292714824
1554779799700,21.507,121.4,0.00566,0.427,0.293401948
1554779799746,21.553,121.4,0.00566,0.427,0.293401948
1554779799792,21.599,121.4,0.00566,0.427,0.293401948
1554779799838,21.645,121.4,0.00566,0.427,0.293401948
1554779799901,21.708,121.4,0.00565,0.427,0.29288357
1554779799947,21.754,121.4,0.00565,0.427,0.29288357
1554779799993,21.8,121.4,0.00565,0.427,0.29288357
1554779800039,21.846,121.4,0.00565,0.427,0.29288357
1554779800100,21.907,121.3,0.00572,0.424,0.294186464
1554779800146,21.953,121.3,0.00572,0.424,0.294186464
1554779800192,21.999,121.3,0.00572,0.424,0.294186464
1554779800238,22.045,121.3,0.00572,0.424,0.294186464
1554779800301,22.108,121.4,0.00572,0.424,0.294428992
1554779800347,22.154,121.4,0.00572,0.424,0.294428992
1554779800393,22.2,121.4,0.00572,0.424,0.294428992
1554779800439,22.246,121.4,0.00572,0.424,0.294428992
1554779800500,22.307,121.4,0.00573,0.424,0.294943728
1554779800546,22.353,121.4,0.00573,0.424,0.294943728
1554779800592,22.399,121.4,0.00573,0.424,0.294943728
1554779800639,22.446,121.4,0.00573,0.424,0.294943728
1554779800701,22.508,121.4,0.00574,0.424,0.295458464
1554779800747,22.554,121.4,0.00574,0.424,0.295458464
1554779800793,22.6,121.4,0.00574,0.424,0.295458464
1554779800839,22.646,121.4,0.00574,0.424,0.295458464
1554779800900,22.707,121.4,0.00573,0.421,0.292856862
1554779800946,22.753,121.4,0.00573,0.421,0.292856862
1554779800992,22.799,121.4,0.00573,0.421,0.292856862
1554779801038,22.845,121.4,0.00573,0.421,0.292856862
1554779801101,22.908,121.3,0.00572,0.424,0.294186464
1554779801147,22.954,121.3,0.00572,0.424,0.294186464
1554779801193,23.0,121.3,0.00572,0.424,0.294186464
1554779801240,23.047,121.3,0.00572,0.424,0.294186464
1554779801301,23.108,121.3,0.00572,0.424,0.294186464
1554779801347,23.154,121.3,0.00572,0.424,0.294186464
1554779801393,23.2,121.3,0.00572,0.424,0.294186464
1554779801439,23.246,121.3,0.00572,0.424,0.294186464
1554779801500,23.307,121.4,0.00573,0.421,0.292856862
1554779801546,23.353,121.4,0.00573,0.421,0.292856862
1554779801592,23.399,121.4,0.00573,0.421,0.292856862
1554779801638,23.445,121.4,0.00573,0.421,0.292856862
1554779801701,23.508,121.4,0.0057,0.422,0.29201556
1554779801747,23.554,121.4,0.0057,0.422,0.29201556
1554779801793,23.6,121.4,0.0057,0.422,0.29201556
1554779801839,23.646,121.4,0.0057,0.422,0.29201556
1554779801900,23.707,121.3,0.00565,0.426,0.29195697
1554779801946,23.753,121.3,0.00565,0.426,0.29195697
1554779801993,23.8,121.3,0.00565,0.426,0.29195697
1554779802039,23.846,121.3,0.00565,0.426,0.29195697
1554779802100,23.907,121.3,0.00569,0.423,0.291953331
1554779802146,23.953,121.3,0.00569,0.423,0.291953331
1554779802192,23.999,121.3,0.00569,0.423,0.291953331
1554779802238,24.045,121.3,0.00569,0.423,0.291953331
1554779802301,24.108,121.3,0.0057,0.422,0.29177502
1554779802347,24.154,121.3,0.0057,0.422,0.29177502
1554779802393,24.2,121.3,0.0057,0.422,0.29177502
1554779802439,24.246,121.3,0.0057,0.422,0.29177502
1554779802500,24.307,121.4,0.00568,0.424,0.292370048
1554779802546,24.353,121.4,0.00568,0.424,0.292370048
1554779802592,24.399,121.4,0.00568,0.424,0.292370048
1554779802638,24.445,121.4,0.00568,0.424,0.292370048
1554779802700,24.507,121.4,0.00567,0.421,0.289790298
1554779802746,24.553,121.4,0.00567,0.421,0.289790298
1554779802793,24.6,121.4,0.00567,0.421,0.289790298
1554779802838,24.645,121.4,0.00567,0.421,0.289790298
1554779802901,24.708,121.3,0.00567,0.422,0.290239362
1554779802947,24.754,121.3,0.00567,0.422,0.290239362
1554779802993,24.8,121.3,0.00567,0.422,0.290239362
1554779803039,24.846,121.3,0.00567,0.422,0.290239362
1554779803100,24.907,121.3,0.00568,0.421,0.290062264
1554779803146,24.953,121.3,0.00568,0.421,0.290062264
1554779803192,24.999,121.3,0.00568,0.421,0.290062264
1554779803239,25.046,121.3,0.00568,0.421,0.290062264
1554779803301,25.108,121.3,0.00568,0.423,0.291440232
1554779803347,25.154,121.3,0.00568,0.423,0.291440232
1554779803393,25.2,121.3,0.00568,0.423,0.291440232
1554779803439,25.246,121.3,0.00568,0.423,0.291440232
1554779803500,25.307,121.4,0.0057,0.425,0.2940915
1554779803546,25.353,121.4,0.0057,0.425,0.2940915
1554779803592,25.399,121.4,0.0057,0.425,0.2940915
1554779803638,25.446,121.4,0.0057,0.425,0.2940915
1554779803701,25.508,121.4,0.0057,0.424,0.29339952
1554779803747,25.554,121.4,0.0057,0.424,0.29339952
1554779803793,25.6,121.4,0.0057,0.424,0.29339952
1554779803839,25.646,121.4,0.0057,0.424,0.29339952
1554779803900,25.707,121.4,0.00573,0.422,0.293552484
1554779803946,25.753,121.4,0.00573,0.422,0.293552484
1554779803992,25.799,121.4,0.00573,0.422,0.293552484
1554779804038,25.846,121.4,0.00573,0.422,0.293552484
1554779804101,25.908,121.4,0.00575,0.42,0.293181
1554779804147,25.954,121.4,0.00575,0.42,0.293181
1554779804193,26.0,121.4,0.00575,0.42,0.293181
1554779804239,26.046,121.4,0.00575,0.42,0.293181
1554779804300,26.107,121.4,0.00572,0.424,0.294428992
1554779804346,26.153,121.4,0.00572,0.424,0.294428992
1554779804392,26.199,121.4,0.00572,0.424,0.294428992
1554779804438,26.245,121.4,0.00572,0.424,0.294428992
1554779804501,26.308,121.4,0.00573,0.426,0.296334972
1554779804547,26.354,121.4,0.00573,0.426,0.296334972
1554779804593,26.4,121.4,0.00573,0.426,0.296334972
1554779804639,26.446,121.4,0.00573,0.426,0.296334972
1554779804700,26.507,121.4,0.00574,0.422,0.294064792
1554779804746,26.553,121.4,0.00574,0.422,0.294064792
1554779804792,26.599,121.4,0.00574,0.422,0.294064792
1554779804838,26.645,121.4,0.00574,0.422,0.294064792
1554779804900,26.707,121.4,0.00572,0.424,0.294428992
1554779804946,26.753,121.4,0.00572,0.424,0.294428992
1554779804992,26.799,121.4,0.00572,0.424,0.294428992
1554779805039,26.846,121.4,0.00572,0.424,0.294428992
1554779805100,26.907,121.4,0.00574,0.423,0.294761628
1554779805146,26.953,121.4,0.00574,0.423,0.294761628
1554779805192,26.999,121.4,0.00574,0.423,0.294761628
1554779805238,27.045,121.4,0.00574,0.423,0.294761628
1554779805300,27.107,121.3,0.00575,0.42,0.2929395
1554779805346,27.153,121.3,0.00575,0.42,0.2929395
1554779805392,27.199,121.3,0.00575,0.42,0.2929395
1554779805438,27.245,121.3,0.00575,0.42,0.2929395
1554779805500,27.307,121.4,0.0057,0.423,0.29270754
1554779805545,27.352,121.4,0.0057,0.423,0.29270754
1554779805591,27.398,121.4,0.0057,0.423,0.29270754
1554779805638,27.445,121.4,0.0057,0.423,0.29270754
1554779805700,27.507,121.4,0.00569,0.423,0.292194018
1554779805746,27.553,121.4,0.00569,0.423,0.292194018
1554779805792,27.599,121.4,0.00569,0.423,0.292194018
1554779805838,27.645,121.4,0.00569,0.423,0.292194018
1554779805899,27.707,121.3,0.0057,0.421,0.29108361
1554779805946,27.753,121.3,0.0057,0.421,0.29108361
1554779805992,27.799,121.3,0.0057,0.421,0.29108361
1554779806038,27.845,121.3,0.0057,0.421,0.29108361
1554779806100,27.907,121.3,0.00568,0.42,0.28937328
1554779806146,27.953,121.3,0.00568,0.42,0.28937328
1554779806192,27.999,121.3,0.00568,0.42,0.28937328
1554779806238,28.045,121.3,0.00568,0.42,0.28937328
1554779806300,28.107,121.3,0.00572,0.423,0.293492628
1554779806347,28.154,121.3,0.00572,0.423,0.293492628
1554779806393,28.2,121.3,0.00572,0.423,0.293492628
1554779806439,28.246,121.3,0.00572,0.423,0.293492628
1554779806500,28.307,121.4,0.0057,0.419,0.28993962
1554779806545,28.352,121.4,0.0057,0.419,0.28993962
1554779806591,28.398,121.4,0.0057,0.419,0.28993962
1554779806638,28.445,121.4,0.0057,0.419,0.28993962
1554779806700,28.507,121.4,0.00565,0.422,0.28945402
1554779806746,28.553,121.4,0.00565,0.422,0.28945402
1554779806792,28.599,121.4,0.00565,0.422,0.28945402
1554779806838,28.645,121.4,0.00565,0.422,0.28945402
1554779806899,28.706,121.3,0.00566,0.423,0.290414034
1554779806945,28.752,121.3,0.00566,0.423,0.290414034
1554779806991,28.798,121.3,0.00566,0.423,0.290414034
1554779807038,28.845,121.3,0.00566,0.423,0.290414034
1554779807100,28.907,121.3,0.00568,0.423,0.291440232
1554779807146,28.953,121.3,0.00568,0.423,0.291440232
1554779807192,28.999,121.3,0.00568,0.423,0.291440232
1554779807238,29.045,121.3,0.00568,0.423,0.291440232
1554779807299,29.106,121.3,0.00569,0.423,0.291953331
1554779807345,29.152,121.3,0.00569,0.423,0.291953331
1554779807391,29.198,121.3,0.00569,0.423,0.291953331
1554779807437,29.244,121.3,0.00569,0.423,0.291953331
1554779807500,29.307,121.4,0.00568,0.424,0.292370048
1554779807546,29.353,121.4,0.00568,0.424,0.292370048
1554779807593,29.4,121.4,0.00568,0.424,0.292370048
1554779807639,29.446,121.4,0.00568,0.424,0.292370048
1554779807700,29.507,121.4,0.00569,0.425,0.29357555
1554779807746,29.553,121.4,0.00569,0.425,0.29357555
1554779807792,29.599,121.4,0.00569,0.425,0.29357555
1554779807839,29.646,121.4,0.00569,0.425,0.29357555
1554779807900,29.707,121.4,0.00566,0.424,0.291340576
1554779807946,29.753,121.4,0.00566,0.424,0.291340576
1554779807992,29.799,121.4,0.00566,0.424,0.291340576
1554779808038,29.845,121.4,0.00566,0.424,0.291340576
1554779808100,29.907,121.3,0.00571,0.425,0.294364775
1554779808146,29.953,121.3,0.00571,0.425,0.294364775
1554779808192,29.999,121.3,0.00571,0.425,0.294364775
1554779808239,30.046,121.3,0.00571,0.425,0.294364775
1554779808300,30.107,121.3,0.00571,0.425,0.294364775
1554779808346,30.153,121.3,0.00571,0.425,0.294364775
1554779808392,30.199,121.3,0.00571,0.425,0.294364775
1554779808438,30.245,121.3,0.00571,0.425,0.294364775
1554779808500,30.307,121.3,0.00572,0.425,0.2948803
1554779808546,30.353,121.3,0.00572,0.425,0.2948803
1554779808592,30.399,121.3,0.00572,0.425,0.2948803
1554779808638,30.445,121.3,0.00572,0.425,0.2948803
1554779808699,30.506,121.4,0.00575,0.423,0.29527515
1554779808746,30.553,121.4,0.00575,0.423,0.29527515
1554779808792,30.599,121.4,0.00575,0.423,0.29527515
1554779808838,30.645,121.4,0.00575,0.423,0.29527515
1554779808900,30.707,121.4,0.00572,0.423,0.293734584
1554779808946,30.753,121.4,0.00572,0.423,0.293734584
1554779808992,30.8,121.4,0.00572,0.423,0.293734584
1554779809039,30.846,121.4,0.00572,0.423,0.293734584
1554779809100,30.907,121.3,0.0057,0.424,0.29315784
1554779809146,30.953,121.3,0.0057,0.424,0.29315784
1554779809192,30.999,121.3,0.0057,0.424,0.29315784
1554779809238,31.045,121.3,0.0057,0.424,0.29315784
1554779809299,31.106,121.3,0.00568,0.427,0.294196168
1554779809345,31.152,121.3,0.00568,0.427,0.294196168
1554779809391,31.199,121.3,0.00568,0.427,0.294196168
1554779809437,31.244,121.3,0.00568,0.427,0.294196168
1554779809500,31.307,121.3,0.00572,0.422,0.292798792
1554779809546,31.353,121.3,0.00572,0.422,0.292798792
1554779809592,31.399,121.3,0.00572,0.422,0.292798792
1554779809638,31.445,121.3,0.00572,0.422,0.292798792
1554779809699,31.506,121.4,0.00572,0.424,0.294428992
1554779809745,31.552,121.4,0.00572,0.424,0.294428992
1554779809791,31.598,121.4,0.00572,0.424,0.294428992
1554779809837,31.645,121.4,0.00572,0.424,0.294428992
1554779809900,31.707,121.4,0.00567,0.422,0.290478636
1554779809946,31.753,121.4,0.00567,0.422,0.290478636
1554779809992,31.799,121.4,0.00567,0.422,0.290478636
1554779810038,31.845,121.4,0.00567,0.422,0.290478636
1554779810100,31.907,121.3,0.00568,0.423,0.291440232
1554779810146,31.953,121.3,0.00568,0.423,0.291440232
1554779810192,31.999,121.3,0.00568,0.423,0.291440232
1554779810238,32.045,121.3,0.00568,0.423,0.291440232
1554779810299,32.106,121.3,0.00566,0.423,0.290414034
1554779810345,32.152,121.3,0.00566,0.423,0.290414034
1554779810391,32.198,121.3,0.00566,0.423,0.290414034
1554779810437,32.244,121.3,0.00566,0.423,0.290414034
1554779810500,32.307,121.4,0.00565,0.425,0.29151175
1554779810546,32.353,121.4,0.00565,0.425,0.29151175
1554779810592,32.399,121.4,0.00565,0.425,0.29151175
1554779810638,32.445,121.4,0.00565,0.425,0.29151175
1554779810699,32.506,121.4,0.00567,0.423,0.291166974
1554779810745,32.552,121.4,0.00567,0.423,0.291166974
1554779810791,32.598,121.4,0.00567,0.423,0.291166974
1554779810837,32.644,121.4,0.00567,0.423,0.291166974
1554779810899,32.706,121.4,0.00565,0.421,0.28876811
1554779810946,32.753,121.4,0.00565,0.421,0.28876811
1554779810992,32.799,121.4,0.00565,0.421,0.28876811
1554779811038,32.845,121.4,0.00565,0.421,0.28876811
1554779811099,32.906,121.4,0.00569,0.422,0.291503252
1554779811145,32.952,121.4,0.00569,0.422,0.291503252
1554779811191,32.998,121.4,0.00569,0.422,0.291503252
1554779811237,33.044,121.4,0.00569,0.422,0.291503252
1554779811300,33.107,121.3,0.0057,0.423,0.29246643
1554779811346,33.153,121.3,0.0057,0.423,0.29246643
1554779811392,33.199,121.3,0.0057,0.423,0.29246643
1554779811438,33.245,121.3,0.0057,0.423,0.29246643
1554779811499,33.306,121.4,0.0057,0.423,0.29270754
1554779811545,33.353,121.4,0.0057,0.423,0.29270754
1554779811592,33.399,121.4,0.0057,0.423,0.29270754
1554779811638,33.445,121.4,0.0057,0.423,0.29270754
1554779811699,33.506,121.4,0.00571,0.423,0.293221062
1554779811745,33.552,121.4,0.00571,0.423,0.293221062
1554779811792,33.599,121.4,0.00571,0.423,0.293221062
1554779811838,33.645,121.4,0.00571,0.423,0.293221062
1554779811899,33.706,121.4,0.00572,0.419,0.290956952
1554779811945,33.752,121.4,0.00572,0.419,0.290956952
1554779811991,33.798,121.4,0.00572,0.419,0.290956952
1554779812037,33.844,121.4,0.00572,0.419,0.290956952
1554779812100,33.907,121.3,0.00575,0.42,0.2929395
1554779812146,33.953,121.3,0.00575,0.42,0.2929395
1554779812192,33.999,121.3,0.00575,0.42,0.2929395
1554779812238,34.045,121.3,0.00575,0.42,0.2929395
1554779812299,34.106,121.3,0.00577,0.422,0.295358222
1554779812345,34.152,121.3,0.00577,0.422,0.295358222
1554779812391,34.198,121.3,0.00577,0.422,0.295358222
1554779812437,34.244,121.3,0.00577,0.422,0.295358222
1554779812499,34.306,121.3,0.00577,0.421,0.294658321
1554779812546,34.353,121.3,0.00577,0.421,0.294658321
1554779812592,34.399,121.3,0.00577,0.421,0.294658321
1554779812638,34.445,121.3,0.00577,0.421,0.294658321
1554779812699,34.506,121.4,0.00576,0.422,0.295089408
1554779812745,34.552,121.4,0.00576,0.422,0.295089408
1554779812791,34.598,121.4,0.00576,0.422,0.295089408
1554779812837,34.644,121.4,0.00576,0.422,0.295089408
1554779812900,34.707,121.3,0.00574,0.421,0.293126302
1554779812946,34.753,121.3,0.00574,0.421,0.293126302
1554779812992,34.799,121.3,0.00574,0.421,0.293126302
1554779813038,34.845,121.3,0.00574,0.421,0.293126302
1554779813099,34.906,121.3,0.00572,0.422,0.292798792
1554779813145,34.952,121.3,0.00572,0.422,0.292798792
1554779813192,34.999,121.3,0.00572,0.422,0.292798792
1554779813238,35.045,121.3,0.00572,0.422,0.292798792
1554779813299,35.106,121.3,0.00573,0.422,0.293310678
1554779813345,35.152,121.3,0.00573,0.422,0.293310678
1554779813391,35.198,121.3,0.00573,0.422,0.293310678
1554779813436,35.243,121.3,0.00573,0.422,0.293310678
1554779813499,35.306,121.3,0.00573,0.42,0.29192058
1554779813545,35.352,121.3,0.00573,0.42,0.29192058
1554779813591,35.398,121.3,0.00573,0.42,0.29192058
1554779813637,35.444,121.3,0.00573,0.42,0.29192058
1554779813699,35.506,121.4,0.00575,0.421,0.29387905
1554779813745,35.552,121.4,0.00575,0.421,0.29387905
1554779813791,35.598,121.4,0.00575,0.421,0.29387905
1554779813837,35.644,121.4,0.00575,0.421,0.29387905
1554779813899,35.706,121.4,0.00567,0.422,0.290478636
1554779813946,35.753,121.4,0.00567,0.422,0.290478636
1554779813992,35.799,121.4,0.00567,0.422,0.290478636
1554779814038,35.845,121.4,0.00567,0.422,0.290478636
1554779814099,35.906,121.3,0.00566,0.421,0.289040918
1554779814145,35.952,121.3,0.00566,0.421,0.289040918
1554779814191,35.998,121.3,0.00566,0.421,0.289040918
1554779814238,36.045,121.3,0.00566,0.421,0.289040918
1554779814299,36.106,121.3,0.0057,0.423,0.29246643
1554779814345,36.152,121.3,0.0057,0.423,0.29246643
1554779814391,36.198,121.3,0.0057,0.423,0.29246643
1554779814437,36.244,121.3,0.0057,0.423,0.29246643
1554779814499,36.306,121.3,0.00567,0.422,0.290239362
1554779814545,36.352,121.3,0.00567,0.422,0.290239362
1554779814591,36.398,121.3,0.00567,0.422,0.290239362
1554779814637,36.444,121.3,0.00567,0.422,0.290239362
1554779814698,36.505,121.4,0.00564,0.424,0.290311104
1554779814744,36.551,121.4,0.00564,0.424,0.290311104
1554779814790,36.597,121.4,0.00564,0.424,0.290311104
1554779814836,36.643,121.4,0.00564,0.424,0.290311104
1554779814898,36.706,121.3,0.00564,0.423,0.289387836
1554779814945,36.752,121.3,0.00564,0.423,0.289387836
1554779814991,36.798,121.3,0.00564,0.423,0.289387836
1554779815037,36.844,121.3,0.00564,0.423,0.289387836
1554779815099,36.906,121.3,0.00566,0.422,0.289727476
1554779815145,36.952,121.3,0.00566,0.422,0.289727476
1554779815192,36.999,121.3,0.00566,0.422,0.289727476
1554779815238,37.045,121.3,0.00566,0.422,0.289727476
1554779815299,37.106,121.3,0.00568,0.424,0.292129216
1554779815345,37.152,121.3,0.00568,0.424,0.292129216
1554779815391,37.198,121.3,0.00568,0.424,0.292129216
1554779815437,37.244,121.3,0.00568,0.424,0.292129216
1554779815498,37.306,121.3,0.0057,0.423,0.29246643
1554779815544,37.352,121.3,0.0057,0.423,0.29246643
1554779815590,37.398,121.3,0.0057,0.423,0.29246643
1554779815637,37.444,121.3,0.0057,0.423,0.29246643
1554779815699,37.506,121.4,0.00574,0.421,0.293367956
1554779815745,37.552,121.4,0.00574,0.421,0.293367956
1554779815791,37.598,121.4,0.00574,0.421,0.293367956
1554779815837,37.644,121.4,0.00574,0.421,0.293367956
1554779815898,37.705,121.4,0.00569,0.42,0.29012172
1554779815944,37.751,121.4,0.00569,0.42,0.29012172
1554779815990,37.797,121.4,0.00569,0.42,0.29012172
1554779816036,37.843,121.4,0.00569,0.42,0.29012172
1554779816098,37.905,121.3,0.00568,0.425,0.2928182
1554779816144,37.951,121.3,0.00568,0.425,0.2928182
1554779816190,37.997,121.3,0.00568,0.425,0.2928182
1554779816236,38.043,121.3,0.00568,0.425,0.2928182
1554779816299,38.106,121.3,0.00571,0.425,0.294364775
1554779816345,38.152,121.3,0.00571,0.425,0.294364775
1554779816391,38.198,121.3,0.00571,0.425,0.294364775
1554779816437,38.244,121.3,0.00571,0.425,0.294364775
1554779816498,38.305,121.3,0.00573,0.423,0.294005727
1554779816544,38.351,121.3,0.00573,0.423,0.294005727
1554779816590,38.397,121.3,0.00573,0.423,0.294005727
1554779816637,38.444,121.3,0.00573,0.423,0.294005727
1554779816699,38.506,121.4,0.00578,0.422,0.296114024
1554779816745,38.552,121.4,0.00578,0.422,0.296114024
1554779816791,38.598,121.4,0.00578,0.422,0.296114024
1554779816837,38.644,121.4,0.00578,0.422,0.296114024
1554779816899,38.706,121.4,0.00574,0.422,0.294064792
1554779816945,38.752,121.4,0.00574,0.422,0.294064792
1554779816991,38.798,121.4,0.00574,0.422,0.294064792
1554779817037,38.844,121.4,0.00574,0.422,0.294064792
1554779817098,38.905,121.3,0.00569,0.423,0.291953331
1554779817144,38.951,121.3,0.00569,0.423,0.291953331
1554779817190,38.997,121.3,0.00569,0.423,0.291953331
1554779817237,39.044,121.3,0.00569,0.423,0.291953331
1554779817299,39.106,121.3,0.00574,0.422,0.293822564
1554779817345,39.152,121.3,0.00574,0.422,0.293822564
1554779817391,39.198,121.3,0.00574,0.422,0.293822564
1554779817437,39.244,121.3,0.00574,0.422,0.293822564
1554779817498,39.305,121.4,0.0057,0.422,0.29201556
1554779817544,39.351,121.4,0.0057,0.422,0.29201556
1554779817590,39.397,121.4,0.0057,0.422,0.29201556
1554779817637,39.444,121.4,0.0057,0.422,0.29201556
1554779817699,39.506,121.4,0.00569,0.425,0.29357555
1554779817745,39.552,121.4,0.00569,0.425,0.29357555
1554779817791,39.598,121.4,0.00569,0.425,0.29357555
1554779817837,39.644,121.4,0.00569,0.425,0.29357555
1554779817898,39.705,121.4,0.00572,0.42,0.29165136
1554779817944,39.751,121.4,0.00572,0.42,0.29165136
1554779817991,39.798,121.4,0.00572,0.42,0.29165136
1554779818037,39.844,121.4,0.00572,0.42,0.29165136
1554779818099,39.906,121.3,0.00568,0.42,0.28937328
1554779818145,39.952,121.3,0.00568,0.42,0.28937328
1554779818191,39.998,121.3,0.00568,0.42,0.28937328
1554779818237,40.044,121.3,0.00568,0.42,0.28937328
1554779818298,40.105,121.3,0.00567,0.422,0.290239362
1554779818344,40.151,121.3,0.00567,0.422,0.290239362
1554779818390,40.197,121.3,0.00567,0.422,0.290239362
1554779818436,40.243,121.3,0.00567,0.422,0.290239362
1554779818499,40.306,121.3,0.00566,0.424,0.291100592
1554779818544,40.351,121.3,0.00566,0.424,0.291100592
1554779818591,40.398,121.3,0.00566,0.424,0.291100592
1554779818637,40.444,121.3,0.00566,0.424,0.291100592
1554779818698,40.505,121.4,0.00566,0.422,0.289966328
1554779818744,40.551,121.4,0.00566,0.422,0.289966328
1554779818791,40.598,121.4,0.00566,0.422,0.289966328
1554779818837,40.644,121.4,0.00566,0.422,0.289966328
1554779818898,40.705,121.4,0.00566,0.421,0.289279204
1554779818944,40.751,121.4,0.00566,0.421,0.289279204
1554779818990,40.797,121.4,0.00566,0.421,0.289279204
1554779819036,40.843,121.4,0.00566,0.421,0.289279204
1554779819099,40.906,121.4,0.00564,0.422,0.288941712
1554779819145,40.952,121.4,0.00564,0.422,0.288941712
1554779819191,40.998,121.4,0.00564,0.422,0.288941712
1554779819237,41.044,121.4,0.00564,0.422,0.288941712
1554779819298,41.105,121.4,0.00569,0.423,0.292194018
1554779819344,41.151,121.4,0.00569,0.423,0.292194018
1554779819390,41.198,121.4,0.00569,0.423,0.292194018
1554779819437,41.244,121.4,0.00569,0.423,0.292194018
1554779819498,41.305,121.4,0.00568,0.422,0.290990944
1554779819544,41.351,121.4,0.00568,0.422,0.290990944
1554779819590,41.397,121.4,0.00568,0.422,0.290990944
1554779819636,41.443,121.4,0.00568,0.422,0.290990944
1554779819698,41.505,121.4,0.0057,0.423,0.29270754
1554779819744,41.551,121.4,0.0057,0.423,0.29270754
1554779819790,41.597,121.4,0.0057,0.423,0.29270754
1554779819836,41.643,121.4,0.0057,0.423,0.29270754
1554779819898,41.705,121.4,0.00568,0.422,0.290990944
1554779819944,41.751,121.4,0.00568,0.422,0.290990944
1554779819990,41.797,121.4,0.00568,0.422,0.290990944
1554779820037,41.844,121.4,0.00568,0.422,0.290990944
1554779820098,41.905,121.3,0.00573,0.422,0.293310678
1554779820144,41.951,121.3,0.00573,0.422,0.293310678
1554779820190,41.997,121.3,0.00573,0.422,0.293310678
1554779820236,42.043,121.3,0.00573,0.422,0.293310678
1554779820298,42.105,121.3,0.0057,0.425,0.29384925
1554779820344,42.151,121.3,0.0057,0.425,0.29384925
1554779820390,42.198,121.3,0.0057,0.425,0.29384925
1554779820437,42.244,121.3,0.0057,0.425,0.29384925
1554779820498,42.305,121.4,0.00571,0.425,0.29460745
1554779820544,42.351,121.4,0.00571,0.425,0.29460745
1554779820590,42.397,121.4,0.00571,0.425,0.29460745
1554779820636,42.443,121.4,0.00571,0.425,0.29460745
1554779820698,42.505,121.4,0.0057,0.425,0.2940915
1554779820744,42.551,121.4,0.0057,0.425,0.2940915
1554779820790,42.597,121.4,0.0057,0.425,0.2940915
1554779820836,42.643,121.4,0.0057,0.425,0.2940915
1554779820898,42.705,121.4,0.00571,0.424,0.293914256
1554779820944,42.751,121.4,0.00571,0.424,0.293914256
1554779820990,42.798,121.4,0.00571,0.424,0.293914256
1554779821037,42.844,121.4,0.00571,0.424,0.293914256
1554779821098,42.905,121.4,0.00568,0.424,0.292370048
1554779821143,42.951,121.4,0.00568,0.424,0.292370048
1554779821190,42.997,121.4,0.00568,0.424,0.292370048
1554779821236,43.043,121.4,0.00568,0.424,0.292370048
1554779821298,43.105,121.3,0.0057,0.423,0.29246643
1554779821344,43.152,121.3,0.0057,0.423,0.29246643
1554779821390,43.198,121.3,0.0057,0.423,0.29246643
1554779821437,43.244,121.3,0.0057,0.423,0.29246643
1554779821498,43.305,121.4,0.00571,0.424,0.293914256
1554779821544,43.351,121.4,0.00571,0.424,0.293914256
1554779821591,43.398,121.4,0.00571,0.424,0.293914256
1554779821637,43.444,121.4,0.00571,0.424,0.293914256
1554779821698,43.505,121.4,0.00576,0.417,0.291593088
1554779821744,43.551,121.4,0.00576,0.417,0.291593088
1554779821792,43.599,121.4,0.00576,0.417,0.291593088
1554779821838,43.645,121.4,0.00576,0.417,0.291593088
1554779821897,43.704,121.4,0.00568,0.423,0.291680496
1554779821943,43.751,121.4,0.00568,0.423,0.291680496
1554779821989,43.797,121.4,0.00568,0.423,0.291680496
1554779822034,43.842,121.4,0.00568,0.423,0.291680496
1554779822098,43.905,121.3,0.00565,0.422,0.28921559
1554779822143,43.95,121.3,0.00565,0.422,0.28921559
1554779822189,43.996,121.3,0.00565,0.422,0.28921559
1554779822234,44.041,121.3,0.00565,0.422,0.28921559
1554779822297,44.104,121.3,0.00565,0.423,0.289900935
1554779822343,44.15,121.3,0.00565,0.423,0.289900935
1554779822388,44.195,121.3,0.00565,0.423,0.289900935
1554779822433,44.24,121.3,0.00565,0.423,0.289900935
1554779822498,44.305,121.4,0.00565,0.425,0.29151175
1554779822544,44.351,121.4,0.00565,0.425,0.29151175
1554779822590,44.397,121.4,0.00565,0.425,0.29151175
1554779822636,44.443,121.4,0.00565,0.425,0.29151175
1554779822698,44.505,121.4,0.00563,0.426,0.291163332
1554779822744,44.551,121.4,0.00563,0.426,0.291163332
1554779822790,44.597,121.4,0.00563,0.426,0.291163332
1554779822837,44.644,121.4,0.00563,0.426,0.291163332
1554779822898,44.705,121.4,0.00563,0.423,0.289112886
1554779822944,44.751,121.4,0.00563,0.423,0.289112886
1554779822990,44.797,121.4,0.00563,0.423,0.289112886
1554779823036,44.843,121.4,0.00563,0.423,0.289112886
1554779823098,44.905,121.4,0.00567,0.422,0.290478636
1554779823144,44.951,121.4,0.00567,0.422,0.290478636
1554779823191,44.998,121.4,0.00567,0.422,0.290478636
1554779823237,45.044,121.4,0.00567,0.422,0.290478636
1554779823298,45.105,121.4,0.00567,0.422,0.290478636
1554779823344,45.151,121.4,0.00567,0.422,0.290478636
1554779823390,45.197,121.4,0.00567,0.422,0.290478636
1554779823436,45.243,121.4,0.00567,0.422,0.290478636
1554779823497,45.304,121.4,0.00568,0.425,0.2930596
1554779823543,45.35,121.4,0.00568,0.425,0.2930596
1554779823589,45.396,121.4,0.00568,0.425,0.2930596
1554779823635,45.442,121.4,0.00568,0.425,0.2930596
1554779823698,45.505,121.4,0.0057,0.423,0.29270754
1554779823744,45.551,121.4,0.0057,0.423,0.29270754
1554779823790,45.597,121.4,0.0057,0.423,0.29270754
1554779823836,45.643,121.4,0.0057,0.423,0.29270754
1554779823897,45.704,121.4,0.00568,0.424,0.292370048
1554779823943,45.75,121.4,0.00568,0.424,0.292370048
1554779823989,45.796,121.4,0.00568,0.424,0.292370048
1554779824035,45.842,121.4,0.00568,0.424,0.292370048
1554779824097,45.905,121.4,0.00569,0.424,0.292884784
1554779824144,45.951,121.4,0.00569,0.424,0.292884784
1554779824190,45.997,121.4,0.00569,0.424,0.292884784
1554779824236,46.043,121.4,0.00569,0.424,0.292884784
1554779824298,46.105,121.4,0.00575,0.42,0.293181
1554779824344,46.151,121.4,0.00575,0.42,0.293181
1554779824390,46.198,121.4,0.00575,0.42,0.293181
1554779824437,46.244,121.4,0.00575,0.42,0.293181
1554779824498,46.305,121.4,0.00573,0.424,0.294943728
1554779824544,46.351,121.4,0.00573,0.424,0.294943728
1554779824590,46.397,121.4,0.00573,0.424,0.294943728
1554779824636,46.443,121.4,0.00573,0.424,0.294943728
1554779824697,46.504,121.4,0.0057,0.425,0.2940915
1554779824743,46.55,121.4,0.0057,0.425,0.2940915
1554779824789,46.596,121.4,0.0057,0.425,0.2940915
1554779824835,46.642,121.4,0.0057,0.425,0.2940915
1554779824897,46.705,121.4,0.00568,0.424,0.292370048
1554779824944,46.751,121.4,0.00568,0.424,0.292370048
1554779824990,46.797,121.4,0.00568,0.424,0.292370048
1554779825036,46.843,121.4,0.00568,0.424,0.292370048
1554779825097,46.904,121.3,0.00569,0.423,0.291953331
1554779825143,46.95,121.3,0.00569,0.423,0.291953331
1554779825189,46.996,121.3,0.00569,0.423,0.291953331
1554779825235,47.042,121.3,0.00569,0.423,0.291953331
1554779825297,47.104,121.3,0.0057,0.423,0.29246643
1554779825344,47.151,121.3,0.0057,0.423,0.29246643
1554779825391,47.198,121.3,0.0057,0.423,0.29246643
1554779825437,47.244,121.3,0.0057,0.423,0.29246643
1554779825498,47.305,121.3,0.0057,0.424,0.29315784
1554779825544,47.351,121.3,0.0057,0.424,0.29315784
1554779825590,47.397,121.3,0.0057,0.424,0.29315784
1554779825637,47.444,121.3,0.0057,0.424,0.29315784
1554779825698,47.505,121.4,0.00569,0.425,0.29357555
1554779825744,47.551,121.4,0.00569,0.425,0.29357555
1554779825790,47.597,121.4,0.00569,0.425,0.29357555
1554779825836,47.643,121.4,0.00569,0.425,0.29357555
1554779825898,47.705,121.4,0.00566,0.426,0.292714824
1554779825944,47.751,121.4,0.00566,0.426,0.292714824
1554779825990,47.797,121.4,0.00566,0.426,0.292714824
1554779826036,47.843,121.4,0.00566,0.426,0.292714824
1554779826097,47.904,121.4,0.00564,0.423,0.289626408
1554779826143,47.95,121.4,0.00564,0.423,0.289626408
1554779826189,47.997,121.4,0.00564,0.423,0.289626408
1554779826236,48.043,121.4,0.00564,0.423,0.289626408
1554779826297,48.104,121.3,0.00568,0.422,0.290751248
1554779826343,48.15,121.3,0.00568,0.422,0.290751248
1554779826389,48.196,121.3,0.00568,0.422,0.290751248
1554779826435,48.242,121.3,0.00568,0.422,0.290751248
1554779826497,48.304,121.3,0.00567,0.423,0.290927133
1554779826543,48.35,121.3,0.00567,0.423,0.290927133
1554779826590,48.397,121.3,0.00567,0.423,0.290927133
1554779826636,48.443,121.3,0.00567,0.423,0.290927133
1554779826697,48.504,121.4,0.00562,0.424,0.289281632
1554779826743,48.55,121.4,0.00562,0.424,0.289281632
1554779826789,48.596,121.4,0.00562,0.424,0.289281632
1554779826835,48.642,121.4,0.00562,0.424,0.289281632
1554779826897,48.705,121.4,0.00562,0.424,0.289281632
1554779826944,48.751,121.4,0.00562,0.424,0.289281632
1554779826990,48.797,121.4,0.00562,0.424,0.289281632
1554779827036,48.843,121.4,0.00562,0.424,0.289281632
1554779827097,48.904,121.4,0.00562,0.423,0.288599364
1554779827142,48.95,121.4,0.00562,0.423,0.288599364
1554779827189,48.996,121.4,0.00562,0.423,0.288599364
1554779827235,49.042,121.4,0.00562,0.423,0.288599364
1554779827297,49.104,121.4,0.00567,0.423,0.291166974
1554779827343,49.15,121.4,0.00567,0.423,0.291166974
1554779827389,49.196,121.4,0.00567,0.423,0.291166974
1554779827435,49.243,121.4,0.00567,0.423,0.291166974
1554779827497,49.304,121.4,0.0057,0.424,0.29339952
1554779827543,49.35,121.4,0.0057,0.424,0.29339952
1554779827589,49.396,121.4,0.0057,0.424,0.29339952
1554779827635,49.442,121.4,0.0057,0.424,0.29339952
1554779827697,49.504,121.4,0.00569,0.422,0.291503252
1554779827743,49.55,121.4,0.00569,0.422,0.291503252
1554779827789,49.596,121.4,0.00569,0.422,0.291503252
1554779827835,49.642,121.4,0.00569,0.422,0.291503252
1554779827897,49.704,121.4,0.00571,0.424,0.293914256
1554779827943,49.75,121.4,0.00571,0.424,0.293914256
1554779827989,49.796,121.4,0.00571,0.424,0.293914256
1554779828036,49.843,121.4,0.00571,0.424,0.293914256
1554779828097,49.904,121.4,0.0057,0.425,0.2940915
1554779828142,49.949,121.4,0.0057,0.425,0.2940915
1554779828189,49.996,121.4,0.0057,0.425,0.2940915
1554779828235,50.042,121.4,0.0057,0.425,0.2940915
1554779828297,50.104,121.3,0.00573,0.423,0.294005727
1554779828343,50.15,121.3,0.00573,0.423,0.294005727
1554779828389,50.196,121.3,0.00573,0.423,0.294005727
1554779828436,50.243,121.3,0.00573,0.423,0.294005727
1554779828497,50.304,121.3,0.00577,0.419,0.293258519
1554779828543,50.35,121.3,0.00577,0.419,0.293258519
1554779828589,50.396,121.3,0.00577,0.419,0.293258519
1554779828635,50.442,121.3,0.00577,0.419,0.293258519
1554779828697,50.504,121.4,0.00573,0.422,0.293552484
1554779828743,50.55,121.4,0.00573,0.422,0.293552484
1554779828789,50.596,121.4,0.00573,0.422,0.293552484
1554779828835,50.642,121.4,0.00573,0.422,0.293552484
1554779828898,50.705,121.3,0.0057,0.424,0.29315784
1554779828944,50.751,121.3,0.0057,0.424,0.29315784
1554779828990,50.797,121.3,0.0057,0.424,0.29315784
1554779829036,50.843,121.3,0.0057,0.424,0.29315784
1554779829097,50.904,121.3,0.00571,0.423,0.292979529
1554779829143,50.95,121.3,0.00571,0.423,0.292979529
1554779829189,50.996,121.3,0.00571,0.423,0.292979529
1554779829235,51.042,121.3,0.00571,0.423,0.292979529
1554779829297,51.104,121.3,0.00573,0.423,0.294005727
1554779829344,51.151,121.3,0.00573,0.423,0.294005727
1554779829390,51.197,121.3,0.00573,0.423,0.294005727
1554779829436,51.243,121.3,0.00573,0.423,0.294005727
1554779829497,51.304,121.4,0.0057,0.421,0.29132358
1554779829543,51.35,121.4,0.0057,0.421,0.29132358
1554779829589,51.396,121.4,0.0057,0.421,0.29132358
1554779829635,51.442,121.4,0.0057,0.421,0.29132358
1554779829696,51.503,121.4,0.00572,0.421,0.292345768
1554779829742,51.549,121.4,0.00572,0.421,0.292345768
1554779829788,51.595,121.4,0.00572,0.421,0.292345768
1554779829834,51.641,121.4,0.00572,0.421,0.292345768
1554779829897,51.704,121.4,0.00571,0.422,0.292527868
1554779829943,51.75,121.4,0.00571,0.422,0.292527868
1554779829989,51.796,121.4,0.00571,0.422,0.292527868
1554779830035,51.842,121.4,0.00571,0.422,0.292527868
1554779830096,51.903,121.4,0.00569,0.421,0.290812486
1554779830142,51.949,121.4,0.00569,0.421,0.290812486
1554779830188,51.995,121.4,0.00569,0.421,0.290812486
1554779830234,52.042,121.4,0.00569,0.421,0.290812486
1554779830297,52.104,121.4,0.00566,0.421,0.289279204
1554779830343,52.15,121.4,0.00566,0.421,0.289279204
1554779830389,52.196,121.4,0.00566,0.421,0.289279204
1554779830435,52.242,121.4,0.00566,0.421,0.289279204
1554779830496,52.303,121.3,0.00569,0.42,0.28988274
1554779830542,52.349,121.3,0.00569,0.42,0.28988274
1554779830588,52.395,121.3,0.00569,0.42,0.28988274
1554779830634,52.441,121.3,0.00569,0.42,0.28988274
1554779830697,52.504,121.4,0.00569,0.42,0.29012172
1554779830743,52.55,121.4,0.00569,0.42,0.29012172
1554779830789,52.596,121.4,0.00569,0.42,0.29012172
1554779830835,52.642,121.4,0.00569,0.42,0.29012172
1554779830897,52.704,121.4,0.00567,0.422,0.290478636
1554779830943,52.75,121.4,0.00567,0.422,0.290478636
1554779830990,52.797,121.4,0.00567,0.422,0.290478636
1554779831035,52.842,121.4,0.00567,0.422,0.290478636
1554779831096,52.904,121.4,0.00567,0.423,0.291166974
1554779831143,52.95,121.4,0.00567,0.423,0.291166974
1554779831189,52.996,121.4,0.00567,0.423,0.291166974
1554779831235,53.042,121.4,0.00567,0.423,0.291166974
1554779831297,53.104,121.4,0.00568,0.422,0.290990944
1554779831343,53.15,121.4,0.00568,0.422,0.290990944
1554779831390,53.197,121.4,0.00568,0.422,0.290990944
1554779831435,53.242,121.4,0.00568,0.422,0.290990944
1554779831496,53.303,121.3,0.00568,0.424,0.292129216
1554779831542,53.349,121.3,0.00568,0.424,0.292129216
1554779831589,53.396,121.3,0.00568,0.424,0.292129216
1554779831635,53.442,121.3,0.00568,0.424,0.292129216
1554779831697,53.504,121.4,0.0057,0.425,0.2940915
1554779831743,53.55,121.4,0.0057,0.425,0.2940915
1554779831789,53.596,121.4,0.0057,0.425,0.2940915
1554779831835,53.643,121.4,0.0057,0.425,0.2940915
1554779831897,53.704,121.4,0.00571,0.424,0.293914256
1554779831943,53.75,121.4,0.00571,0.424,0.293914256
1554779831989,53.796,121.4,0.00571,0.424,0.293914256
1554779832035,53.842,121.4,0.00571,0.424,0.293914256
1554779832096,53.903,121.4,0.00571,0.421,0.291834674
1554779832142,53.949,121.4,0.00571,0.421,0.291834674
1554779832188,53.995,121.4,0.00571,0.421,0.291834674
1554779832234,54.041,121.4,0.00571,0.421,0.291834674
1554779832297,54.104,121.4,0.00572,0.421,0.292345768
1554779832343,54.15,121.4,0.00572,0.421,0.292345768
1554779832389,54.196,121.4,0.00572,0.421,0.292345768
1554779832435,54.242,121.4,0.00572,0.421,0.292345768
1554779832496,54.303,121.4,0.00574,0.423,0.294761628
1554779832542,54.349,121.4,0.00574,0.423,0.294761628
1554779832588,54.395,121.4,0.00574,0.423,0.294761628
1554779832634,54.441,121.4,0.00574,0.423,0.294761628
1554779832697,54.504,121.4,0.00576,0.422,0.295089408
1554779832743,54.55,121.4,0.00576,0.422,0.295089408
1554779832790,54.597,121.4,0.00576,0.422,0.295089408
1554779832836,54.643,121.4,0.00576,0.422,0.295089408
1554779832896,54.703,121.4,0.00574,0.421,0.293367956
1554779832942,54.749,121.4,0.00574,0.421,0.293367956
1554779832988,54.795,121.4,0.00574,0.421,0.293367956
1554779833034,54.841,121.4,0.00574,0.421,0.293367956
1554779833097,54.904,121.4,0.00572,0.421,0.292345768
1554779833143,54.95,121.4,0.00572,0.421,0.292345768
1554779833189,54.996,121.4,0.00572,0.421,0.292345768
1554779833235,55.042,121.4,0.00572,0.421,0.292345768
1554779833296,55.103,121.4,0.0057,0.422,0.29201556
1554779833342,55.15,121.4,0.0057,0.422,0.29201556
1554779833388,55.195,121.4,0.0057,0.422,0.29201556
1554779833435,55.242,121.4,0.0057,0.422,0.29201556
1554779833497,55.304,121.3,0.00571,0.423,0.292979529
1554779833543,55.35,121.3,0.00571,0.423,0.292979529
1554779833589,55.396,121.3,0.00571,0.423,0.292979529
1554779833635,55.442,121.3,0.00571,0.423,0.292979529
1554779833696,55.503,121.4,0.00568,0.424,0.292370048
1554779833742,55.549,121.4,0.00568,0.424,0.292370048
1554779833788,55.595,121.4,0.00568,0.424,0.292370048
1554779833834,55.641,121.4,0.00568,0.424,0.292370048
1554779833897,55.704,121.4,0.00567,0.422,0.290478636
1554779833942,55.75,121.4,0.00567,0.422,0.290478636
1554779833988,55.796,121.4,0.00567,0.422,0.290478636
1554779834035,55.842,121.4,0.00567,0.422,0.290478636
1554779834097,55.904,121.4,0.00567,0.422,0.290478636
1554779834143,55.95,121.4,0.00567,0.422,0.290478636
1554779834189,55.996,121.4,0.00567,0.422,0.290478636
1554779834235,56.042,121.4,0.00567,0.422,0.290478636
1554779834296,56.103,121.4,0.00566,0.421,0.289279204
1554779834342,56.149,121.4,0.00566,0.421,0.289279204
1554779834388,56.196,121.4,0.00566,0.421,0.289279204
1554779834434,56.241,121.4,0.00566,0.421,0.289279204
1554779834497,56.304,121.3,0.00564,0.422,0.288703704
1554779834543,56.35,121.3,0.00564,0.422,0.288703704
1554779834589,56.396,121.3,0.00564,0.422,0.288703704
1554779834635,56.442,121.3,0.00564,0.422,0.288703704
1554779834696,56.503,121.4,0.00567,0.425,0.29254365
1554779834742,56.549,121.4,0.00567,0.425,0.29254365
1554779834788,56.595,121.4,0.00567,0.425,0.29254365
1554779834834,56.641,121.4,0.00567,0.425,0.29254365
1554779834896,56.703,121.4,0.00565,0.424,0.29082584
1554779834943,56.75,121.4,0.00565,0.424,0.29082584
1554779834990,56.797,121.4,0.00565,0.424,0.29082584
1554779835036,56.843,121.4,0.00565,0.424,0.29082584
1554779835096,56.903,121.4,0.0057,0.418,0.28924764
1554779835142,56.949,121.4,0.0057,0.418,0.28924764
1554779835188,56.995,121.4,0.0057,0.418,0.28924764
1554779835234,57.041,121.4,0.0057,0.418,0.28924764
1554779835296,57.103,121.4,0.00569,0.418,0.288740188
1554779835342,57.149,121.4,0.00569,0.418,0.288740188
1554779835388,57.195,121.4,0.00569,0.418,0.288740188
1554779835435,57.242,121.4,0.00569,0.418,0.288740188
1554779835496,57.303,121.3,0.00567,0.423,0.290927133
1554779835541,57.348,121.3,0.00567,0.423,0.290927133
1554779835588,57.395,121.3,0.00567,0.423,0.290927133
1554779835634,57.441,121.3,0.00567,0.423,0.290927133
1554779835696,57.503,121.4,0.0057,0.423,0.29270754
1554779835742,57.549,121.4,0.0057,0.423,0.29270754
1554779835788,57.595,121.4,0.0057,0.423,0.29270754
1554779835834,57.641,121.4,0.0057,0.423,0.29270754
1554779835896,57.703,121.4,0.0057,0.423,0.29270754
1554779835942,57.749,121.4,0.0057,0.423,0.29270754
1554779835988,57.795,121.4,0.0057,0.423,0.29270754
1554779836034,57.841,121.4,0.0057,0.423,0.29270754
1554779836097,57.904,121.4,0.00569,0.422,0.291503252
1554779836143,57.95,121.4,0.00569,0.422,0.291503252
1554779836189,57.996,121.4,0.00569,0.422,0.291503252
1554779836235,58.042,121.4,0.00569,0.422,0.291503252
1554779836296,58.103,121.4,0.00571,0.424,0.293914256
1554779836342,58.149,121.4,0.00571,0.424,0.293914256
1554779836388,58.195,121.4,0.00571,0.424,0.293914256
1554779836435,58.242,121.4,0.00571,0.424,0.293914256
1554779836496,58.303,121.4,0.00573,0.425,0.29563935
1554779836542,58.349,121.4,0.00573,0.425,0.29563935
1554779836588,58.395,121.4,0.00573,0.425,0.29563935
1554779836634,58.441,121.4,0.00573,0.425,0.29563935
1554779836696,58.503,121.4,0.00575,0.423,0.29527515
1554779836743,58.55,121.4,0.00575,0.423,0.29527515
1554779836789,58.596,121.4,0.00575,0.423,0.29527515
1554779836835,58.642,121.4,0.00575,0.423,0.29527515
1554779836896,58.703,121.4,0.00573,0.423,0.294248106
1554779836942,58.749,121.4,0.00573,0.423,0.294248106
1554779836988,58.795,121.4,0.00573,0.423,0.294248106
1554779837034,58.841,121.4,0.00573,0.423,0.294248106
1554779837097,58.904,121.4,0.00568,0.424,0.292370048
1554779837142,58.95,121.4,0.00568,0.424,0.292370048
1554779837188,58.996,121.4,0.00568,0.424,0.292370048
1554779837235,59.042,121.4,0.00568,0.424,0.292370048
1554779837296,59.103,121.4,0.00569,0.424,0.292884784
1554779837342,59.149,121.4,0.00569,0.424,0.292884784
1554779837388,59.195,121.4,0.00569,0.424,0.292884784
1554779837434,59.241,121.4,0.00569,0.424,0.292884784
1554779837496,59.303,121.4,0.0057,0.422,0.29201556
1554779837542,59.349,121.4,0.0057,0.422,0.29201556
1554779837588,59.395,121.4,0.0057,0.422,0.29201556
1554779837634,59.442,121.4,0.0057,0.422,0.29201556
1554779837696,59.503,121.4,0.00571,0.423,0.293221062
1554779837742,59.549,121.4,0.00571,0.423,0.293221062
1554779837788,59.595,121.4,0.00571,0.423,0.293221062
1554779837834,59.641,121.4,0.00571,0.423,0.293221062
1554779837896,59.703,121.4,0.00565,0.424,0.29082584
1554779837942,59.749,121.4,0.00565,0.424,0.29082584
1554779837988,59.795,121.4,0.00565,0.424,0.29082584
1554779838034,59.841,121.4,0.00565,0.424,0.29082584
1554779838095,59.903,121.4,0.00563,0.424,0.289796368
1554779838142,59.949,121.4,0.00563,0.424,0.289796368
1554779838188,59.995,121.4,0.00563,0.424,0.289796368
1554779838234,60.041,121.4,0.00563,0.424,0.289796368
1554779838296,60.103,121.4,0.00562,0.422,0.287917096
1554779838342,60.149,121.4,0.00562,0.422,0.287917096
1554779838388,60.195,121.4,0.00562,0.422,0.287917096
1554779838435,60.242,121.4,0.00562,0.422,0.287917096
1554779838496,60.303,121.4,0.00563,0.424,0.289796368
1554779838542,60.349,121.4,0.00563,0.424,0.289796368
1554779838588,60.395,121.4,0.00563,0.424,0.289796368
1554779838634,60.441,121.4,0.00563,0.424,0.289796368
1554779838695,60.502,121.4,0.00562,0.424,0.289281632
1554779838741,60.548,121.4,0.00562,0.424,0.289281632
1554779838787,60.594,121.4,0.00562,0.424,0.289281632
1554779838833,60.64,121.4,0.00562,0.424,0.289281632
1554779838896,60.703,121.4,0.00563,0.427,0.291846814
1554779838942,60.749,121.4,0.00563,0.427,0.291846814
1554779838988,60.795,121.4,0.00563,0.427,0.291846814
1554779839034,60.841,121.4,0.00563,0.427,0.291846814
1554779839095,60.902,121.4,0.00561,0.424,0.288766896
1554779839141,60.948,121.4,0.00561,0.424,0.288766896
1554779839188,60.995,121.4,0.00561,0.424,0.288766896
1554779839235,61.042,121.4,0.00561,0.424,0.288766896
1554779839296,61.103,121.4,0.00564,0.425,0.2909958
1554779839342,61.149,121.4,0.00564,0.425,0.2909958
1554779839388,61.195,121.4,0.00564,0.425,0.2909958
1554779839434,61.241,121.4,0.00564,0.425,0.2909958
1554779839495,61.302,121.3,0.00564,0.424,0.290071968
1554779839541,61.348,121.3,0.00564,0.424,0.290071968
1554779839588,61.395,121.3,0.00564,0.424,0.290071968
1554779839633,61.44,121.3,0.00564,0.424,0.290071968
1554779839696,61.503,121.4,0.00571,0.424,0.293914256
1554779839742,61.549,121.4,0.00571,0.424,0.293914256
1554779839788,61.595,121.4,0.00571,0.424,0.293914256
1554779839834,61.641,121.4,0.00571,0.424,0.293914256
1554779839895,61.702,121.4,0.00571,0.424,0.293914256
1554779839941,61.748,121.4,0.00571,0.424,0.293914256
1554779839987,61.794,121.4,0.00571,0.424,0.293914256
1554779840034,61.841,121.4,0.00571,0.424,0.293914256
1554779840096,61.903,121.4,0.00574,0.42,0.29267112
1554779840142,61.949,121.4,0.00574,0.42,0.29267112
1554779840188,61.995,121.4,0.00574,0.42,0.29267112
1554779840234,62.041,121.4,0.00574,0.42,0.29267112
1554779840295,62.102,121.4,0.00573,0.425,0.29563935
1554779840342,62.149,121.4,0.00573,0.425,0.29563935
1554779840388,62.195,121.4,0.00573,0.425,0.29563935
1554779840434,62.241,121.4,0.00573,0.425,0.29563935
1554779840495,62.302,121.4,0.00572,0.425,0.2951234
1554779840541,62.348,121.4,0.00572,0.425,0.2951234
1554779840587,62.394,121.4,0.00572,0.425,0.2951234
1554779840633,62.44,121.4,0.00572,0.425,0.2951234
1554779840695,62.502,121.4,0.00571,0.424,0.293914256
1554779840742,62.549,121.4,0.00571,0.424,0.293914256
1554779840788,62.595,121.4,0.00571,0.424,0.293914256
1554779840834,62.641,121.4,0.00571,0.424,0.293914256
1554779840895,62.702,121.4,0.0057,0.427,0.29547546
1554779840941,62.748,121.4,0.0057,0.427,0.29547546
1554779840987,62.794,121.4,0.0057,0.427,0.29547546
1554779841033,62.84,121.4,0.0057,0.427,0.29547546
1554779841095,62.902,121.4,0.00571,0.424,0.293914256
1554779841142,62.949,121.4,0.00571,0.424,0.293914256
1554779841188,62.995,121.4,0.00571,0.424,0.293914256
1554779841234,63.041,121.4,0.00571,0.424,0.293914256
1554779841295,63.102,121.4,0.00569,0.421,0.290812486
1554779841341,63.148,121.4,0.00569,0.421,0.290812486
1554779841387,63.194,121.4,0.00569,0.421,0.290812486
1554779841433,63.24,121.4,0.00569,0.421,0.290812486
1554779841495,63.302,121.4,0.00568,0.424,0.292370048
1554779841541,63.348,121.4,0.00568,0.424,0.292370048
1554779841587,63.394,121.4,0.00568,0.424,0.292370048
1554779841634,63.441,121.4,0.00568,0.424,0.292370048
1554779841696,63.503,121.4,0.00571,0.422,0.292527868
1554779841742,63.549,121.4,0.00571,0.422,0.292527868
1554779841788,63.595,121.4,0.00571,0.422,0.292527868
1554779841834,63.641,121.4,0.00571,0.422,0.292527868
1554779841895,63.702,121.4,0.00568,0.423,0.291680496
1554779841941,63.748,121.4,0.00568,0.423,0.291680496
1554779841988,63.795,121.4,0.00568,0.423,0.291680496
1554779842034,63.841,121.4,0.00568,0.423,0.291680496
1554779842095,63.902,121.3,0.00571,0.418,0.289516414
1554779842141,63.948,121.3,0.00571,0.418,0.289516414
1554779842187,63.994,121.3,0.00571,0.418,0.289516414
1554779842233,64.04,121.3,0.00571,0.418,0.289516414
1554779842295,64.102,121.4,0.00565,0.421,0.28876811
1554779842341,64.148,121.4,0.00565,0.421,0.28876811
1554779842388,64.195,121.4,0.00565,0.421,0.28876811
1554779842434,64.241,121.4,0.00565,0.421,0.28876811
1554779842495,64.302,121.3,0.00566,0.421,0.289040918
1554779842541,64.348,121.3,0.00566,0.421,0.289040918
1554779842587,64.394,121.3,0.00566,0.421,0.289040918
1554779842633,64.44,121.3,0.00566,0.421,0.289040918
1554779842695,64.502,121.3,0.00571,0.42,0.29090166
1554779842741,64.549,121.3,0.00571,0.42,0.29090166
1554779842788,64.595,121.3,0.00571,0.42,0.29090166
1554779842834,64.641,121.3,0.00571,0.42,0.29090166
1554779842895,64.702,121.4,0.0057,0.421,0.29132358
1554779842941,64.748,121.4,0.0057,0.421,0.29132358
1554779842986,64.794,121.4,0.0057,0.421,0.29132358
1554779843033,64.84,121.4,0.0057,0.421,0.29132358
1554779843095,64.902,121.3,0.00567,0.422,0.290239362
1554779843141,64.948,121.3,0.00567,0.422,0.290239362
1554779843187,64.995,121.3,0.00567,0.422,0.290239362
1554779843234,65.041,121.3,0.00567,0.422,0.290239362
1554779843295,65.102,121.4,0.00563,0.425,0.29047985
1554779843341,65.148,121.4,0.00563,0.425,0.29047985
1554779843387,65.194,121.4,0.00563,0.425,0.29047985
1554779843433,65.24,121.4,0.00563,0.425,0.29047985
1554779843495,65.302,121.3,0.00568,0.423,0.291440232
1554779843541,65.348,121.3,0.00568,0.423,0.291440232
1554779843587,65.394,121.3,0.00568,0.423,0.291440232
1554779843635,65.442,121.3,0.00568,0.423,0.291440232
1554779843695,65.502,121.4,0.00568,0.423,0.291680496
1554779843741,65.548,121.4,0.00568,0.423,0.291680496
1554779843787,65.594,121.4,0.00568,0.423,0.291680496
1554779843833,65.64,121.4,0.00568,0.423,0.291680496
1554779843895,65.702,121.4,0.00569,0.425,0.29357555
1554779843941,65.748,121.4,0.00569,0.425,0.29357555
1554779843987,65.794,121.4,0.00569,0.425,0.29357555
1554779844033,65.841,121.4,0.00569,0.425,0.29357555
1554779844095,65.902,121.4,0.00569,0.424,0.292884784
1554779844141,65.948,121.4,0.00569,0.424,0.292884784
1554779844187,65.994,121.4,0.00569,0.424,0.292884784
1554779844233,66.04,121.4,0.00569,0.424,0.292884784
1554779844296,66.103,121.4,0.00569,0.425,0.29357555
1554779844342,66.149,121.4,0.00569,0.425,0.29357555
1554779844388,66.195,121.4,0.00569,0.425,0.29357555
1554779844434,66.241,121.4,0.00569,0.425,0.29357555
1554779844496,66.303,121.4,0.00572,0.425,0.2951234
1554779844542,66.349,121.4,0.00572,0.425,0.2951234
1554779844588,66.395,121.4,0.00572,0.425,0.2951234
1554779844634,66.441,121.4,0.00572,0.425,0.2951234
1554779844695,66.502,121.4,0.00572,0.425,0.2951234
1554779844742,66.549,121.4,0.00572,0.425,0.2951234
1554779844788,66.595,121.4,0.00572,0.425,0.2951234
1554779844834,66.641,121.4,0.00572,0.425,0.2951234
1554779844895,66.702,121.4,0.00572,0.423,0.293734584
1554779844941,66.748,121.4,0.00572,0.423,0.293734584
1554779844987,66.794,121.4,0.00572,0.423,0.293734584
1554779845033,66.84,121.4,0.00572,0.423,0.293734584
1554779845096,66.903,121.4,0.00573,0.421,0.292856862
1554779845142,66.949,121.4,0.00573,0.421,0.292856862
1554779845188,66.995,121.4,0.00573,0.421,0.292856862
1554779845234,67.041,121.4,0.00573,0.421,0.292856862
1554779845295,67.102,121.4,0.00568,0.423,0.291680496
1554779845341,67.148,121.4,0.00568,0.423,0.291680496
1554779845387,67.194,121.4,0.00568,0.423,0.291680496
1554779845433,67.24,121.4,0.00568,0.423,0.291680496
1554779845495,67.302,121.4,0.0057,0.422,0.29201556
1554779845541,67.348,121.4,0.0057,0.422,0.29201556
1554779845587,67.394,121.4,0.0057,0.422,0.29201556
1554779845633,67.44,121.4,0.0057,0.422,0.29201556
1554779845695,67.502,121.4,0.00571,0.422,0.292527868
1554779845742,67.549,121.4,0.00571,0.422,0.292527868
1554779845788,67.595,121.4,0.00571,0.422,0.292527868
1554779845834,67.641,121.4,0.00571,0.422,0.292527868
1554779845895,67.702,121.4,0.0057,0.422,0.29201556
1554779845941,67.748,121.4,0.0057,0.422,0.29201556
1554779845987,67.794,121.4,0.0057,0.422,0.29201556
1554779846033,67.841,121.4,0.0057,0.422,0.29201556
1554779846095,67.902,121.4,0.00566,0.423,0.290653452
1554779846141,67.948,121.4,0.00566,0.423,0.290653452
1554779846187,67.994,121.4,0.00566,0.423,0.290653452
1554779846233,68.04,121.4,0.00566,0.423,0.290653452
1554779846294,68.101,121.4,0.00567,0.422,0.290478636
1554779846340,68.147,121.4,0.00567,0.422,0.290478636
1554779846386,68.193,121.4,0.00567,0.422,0.290478636
1554779846432,68.239,121.4,0.00567,0.422,0.290478636
1554779846495,68.302,121.3,0.00564,0.421,0.288019572
1554779846541,68.348,121.3,0.00564,0.421,0.288019572
1554779846587,68.394,121.3,0.00564,0.421,0.288019572
1554779846633,68.44,121.3,0.00564,0.421,0.288019572
1554779846694,68.501,121.3,0.00566,0.422,0.289727476
1554779846740,68.547,121.3,0.00566,0.422,0.289727476
1554779846786,68.593,121.3,0.00566,0.422,0.289727476
1554779846833,68.64,121.3,0.00566,0.422,0.289727476
1554779846895,68.702,121.3,0.00567,0.421,0.289551591
1554779846941,68.748,121.3,0.00567,0.421,0.289551591
1554779846987,68.794,121.3,0.00567,0.421,0.289551591
1554779847033,68.84,121.3,0.00567,0.421,0.289551591
1554779847094,68.901,121.3,0.00566,0.422,0.289727476
1554779847140,68.947,121.3,0.00566,0.422,0.289727476
1554779847186,68.993,121.3,0.00566,0.422,0.289727476
1554779847232,69.039,121.3,0.00566,0.422,0.289727476
1554779847295,69.102,121.3,0.00569,0.424,0.292643528
1554779847341,69.148,121.3,0.00569,0.424,0.292643528
1554779847387,69.194,121.3,0.00569,0.424,0.292643528
1554779847434,69.241,121.3,0.00569,0.424,0.292643528
1554779847494,69.301,121.3,0.00569,0.421,0.290572937
1554779847540,69.347,121.3,0.00569,0.421,0.290572937
1554779847586,69.393,121.3,0.00569,0.421,0.290572937
1554779847632,69.439,121.3,0.00569,0.421,0.290572937
1554779847695,69.502,121.3,0.00571,0.424,0.293672152
1554779847741,69.548,121.3,0.00571,0.424,0.293672152
1554779847787,69.594,121.3,0.00571,0.424,0.293672152
1554779847833,69.64,121.3,0.00571,0.424,0.293672152
1554779847894,69.701,121.4,0.00571,0.423,0.293221062
1554779847940,69.747,121.4,0.00571,0.423,0.293221062
1554779847986,69.793,121.4,0.00571,0.423,0.293221062
1554779848032,69.839,121.4,0.00571,0.423,0.293221062
1554779848095,69.902,121.4,0.00572,0.423,0.293734584
1554779848141,69.948,121.4,0.00572,0.423,0.293734584
1554779848187,69.994,121.4,0.00572,0.423,0.293734584
1554779848233,70.04,121.4,0.00572,0.423,0.293734584
1554779848295,70.102,121.4,0.00572,0.423,0.293734584
1554779848341,70.148,121.4,0.00572,0.423,0.293734584
1554779848387,70.194,121.4,0.00572,0.423,0.293734584
1554779848433,70.24,121.4,0.00572,0.423,0.293734584
1554779848494,70.301,121.4,0.00579,0.419,0.294517614
1554779848540,70.348,121.4,0.00579,0.419,0.294517614
1554779848587,70.394,121.4,0.00579,0.419,0.294517614
1554779848633,70.44,121.4,0.00579,0.419,0.294517614
1554779848694,70.501,121.4,0.00579,0.42,0.29522052
1554779848740,70.547,121.4,0.00579,0.42,0.29522052
1554779848786,70.593,121.4,0.00579,0.42,0.29522052
1554779848832,70.639,121.4,0.00579,0.42,0.29522052
1554779848894,70.702,121.4,0.00573,0.424,0.294943728
1554779848941,70.748,121.4,0.00573,0.424,0.294943728
1554779848987,70.794,121.4,0.00573,0.424,0.294943728
1554779849033,70.84,121.4,0.00573,0.424,0.294943728
1554779849094,70.901,121.4,0.0057,0.424,0.29339952
1554779849140,70.947,121.4,0.0057,0.424,0.29339952
1554779849186,70.993,121.4,0.0057,0.424,0.29339952
1554779849232,71.039,121.4,0.0057,0.424,0.29339952
1554779849294,71.101,121.4,0.00566,0.425,0.2920277
1554779849340,71.148,121.4,0.00566,0.425,0.2920277
1554779849387,71.194,121.4,0.00566,0.425,0.2920277
1554779849433,71.24,121.4,0.00566,0.425,0.2920277
1554779849494,71.301,121.4,0.0057,0.423,0.29270754
1554779849540,71.347,121.4,0.0057,0.423,0.29270754
1554779849586,71.393,121.4,0.0057,0.423,0.29270754
1554779849632,71.439,121.4,0.0057,0.423,0.29270754
1554779849694,71.501,121.4,0.00573,0.422,0.293552484
1554779849740,71.547,121.4,0.00573,0.422,0.293552484
1554779849786,71.593,121.4,0.00573,0.422,0.293552484
1554779849833,71.64,121.4,0.00573,0.422,0.293552484
1554779849895,71.702,121.4,0.00569,0.421,0.290812486
1554779849941,71.748,121.4,0.00569,0.421,0.290812486
1554779849987,71.794,121.4,0.00569,0.421,0.290812486
1554779850033,71.84,121.4,0.00569,0.421,0.290812486
1554779850094,71.901,121.4,0.00567,0.422,0.290478636
1554779850140,71.947,121.4,0.00567,0.422,0.290478636
1554779850186,71.993,121.4,0.00567,0.422,0.290478636
1554779850232,72.039,121.4,0.00567,0.422,0.290478636
1554779850295,72.102,121.4,0.00564,0.422,0.288941712
1554779850341,72.148,121.4,0.00564,0.422,0.288941712
1554779850387,72.194,121.4,0.00564,0.422,0.288941712
1554779850433,72.24,121.4,0.00564,0.422,0.288941712
1554779850494,72.301,121.3,0.00564,0.422,0.288703704
1554779850541,72.348,121.3,0.00564,0.422,0.288703704
1554779850587,72.394,121.3,0.00564,0.422,0.288703704
1554779850633,72.44,121.3,0.00564,0.422,0.288703704
1554779850694,72.501,121.4,0.00567,0.421,0.289790298
1554779850740,72.547,121.4,0.00567,0.421,0.289790298
1554779850786,72.593,121.4,0.00567,0.421,0.289790298
1554779850832,72.639,121.4,0.00567,0.421,0.289790298
1554779850894,72.701,121.4,0.00565,0.423,0.29013993
1554779850940,72.747,121.4,0.00565,0.423,0.29013993
1554779850986,72.793,121.4,0.00565,0.423,0.29013993
1554779851032,72.839,121.4,0.00565,0.423,0.29013993
1554779851094,72.901,121.4,0.00567,0.421,0.289790298
1554779851140,72.947,121.4,0.00567,0.421,0.289790298
1554779851186,72.993,121.4,0.00567,0.421,0.289790298
1554779851232,73.039,121.4,0.00567,0.421,0.289790298
1554779851294,73.101,121.4,0.00573,0.418,0.290769996
1554779851340,73.147,121.4,0.00573,0.418,0.290769996
1554779851386,73.193,121.4,0.00573,0.418,0.290769996
1554779851432,73.239,121.4,0.00573,0.418,0.290769996
1554779851494,73.301,121.4,0.00573,0.417,0.290074374
1554779851540,73.347,121.4,0.00573,0.417,0.290074374
1554779851587,73.394,121.4,0.00573,0.417,0.290074374
1554779851633,73.44,121.4,0.00573,0.417,0.290074374
1554779851694,73.501,121.3,0.00571,0.422,0.292286906
1554779851740,73.547,121.3,0.00571,0.422,0.292286906
1554779851786,73.593,121.3,0.00571,0.422,0.292286906
1554779851832,73.639,121.3,0.00571,0.422,0.292286906
1554779851894,73.701,121.4,0.00569,0.424,0.292884784
1554779851940,73.747,121.4,0.00569,0.424,0.292884784
1554779851986,73.793,121.4,0.00569,0.424,0.292884784
1554779852033,73.84,121.4,0.00569,0.424,0.292884784
1554779852094,73.901,121.4,0.00574,0.423,0.294761628
1554779852139,73.946,121.4,0.00574,0.423,0.294761628
1554779852186,73.993,121.4,0.00574,0.423,0.294761628
1554779852232,74.039,121.4,0.00574,0.423,0.294761628
1554779852294,74.101,121.4,0.00571,0.422,0.292527868
1554779852340,74.147,121.4,0.00571,0.422,0.292527868
1554779852386,74.193,121.4,0.00571,0.422,0.292527868
1554779852433,74.24,121.4,0.00571,0.422,0.292527868
1554779852494,74.301,121.4,0.00572,0.423,0.293734584
1554779852540,74.347,121.4,0.00572,0.423,0.293734584
1554779852586,74.393,121.4,0.00572,0.423,0.293734584
1554779852632,74.439,121.4,0.00572,0.423,0.293734584
1554779852694,74.501,121.4,0.00573,0.424,0.294943728
1554779852741,74.548,121.4,0.00573,0.424,0.294943728
1554779852787,74.594,121.4,0.00573,0.424,0.294943728
1554779852833,74.64,121.4,0.00573,0.424,0.294943728
1554779852894,74.701,121.4,0.00574,0.421,0.293367956
1554779852940,74.747,121.4,0.00574,0.421,0.293367956
1554779852986,74.793,121.4,0.00574,0.421,0.293367956
1554779853032,74.839,121.4,0.00574,0.421,0.293367956
1554779853094,74.901,121.4,0.0057,0.423,0.29270754
1554779853140,74.947,121.4,0.0057,0.423,0.29270754
1554779853186,74.993,121.4,0.0057,0.423,0.29270754
1554779853232,75.039,121.4,0.0057,0.423,0.29270754
1554779853294,75.101,121.4,0.0057,0.422,0.29201556
1554779853341,75.148,121.4,0.0057,0.422,0.29201556
1554779853387,75.194,121.4,0.0057,0.422,0.29201556
1554779853433,75.24,121.4,0.0057,0.422,0.29201556
1554779853494,75.301,121.4,0.00571,0.42,0.29114148
1554779853540,75.347,121.4,0.00571,0.42,0.29114148
1554779853586,75.393,121.4,0.00571,0.42,0.29114148
1554779853632,75.439,121.4,0.00571,0.42,0.29114148
1554779853694,75.501,121.3,0.00571,0.421,0.291594283
1554779853739,75.546,121.3,0.00571,0.421,0.291594283
1554779853785,75.593,121.3,0.00571,0.421,0.291594283
1554779853832,75.639,121.3,0.00571,0.421,0.291594283
1554779853894,75.701,121.4,0.00573,0.42,0.29216124
1554779853940,75.747,121.4,0.00573,0.42,0.29216124
1554779853986,75.793,121.4,0.00573,0.42,0.29216124
1554779854032,75.839,121.4,0.00573,0.42,0.29216124
1554779854093,75.9,121.4,0.00573,0.42,0.29216124
1554779854139,75.946,121.4,0.00573,0.42,0.29216124
1554779854185,75.992,121.4,0.00573,0.42,0.29216124
1554779854231,76.038,121.4,0.00573,0.42,0.29216124
1554779854294,76.101,121.4,0.00567,0.422,0.290478636
1554779854340,76.147,121.4,0.00567,0.422,0.290478636
1554779854386,76.193,121.4,0.00567,0.422,0.290478636
1554779854432,76.239,121.4,0.00567,0.422,0.290478636
1554779854494,76.301,121.4,0.00565,0.422,0.28945402
1554779854539,76.346,121.4,0.00565,0.422,0.28945402
1554779854585,76.393,121.4,0.00565,0.422,0.28945402
1554779854632,76.439,121.4,0.00565,0.422,0.28945402
1554779854694,76.501,121.4,0.00565,0.422,0.28945402
1554779854740,76.547,121.4,0.00565,0.422,0.28945402
1554779854786,76.593,121.4,0.00565,0.422,0.28945402
1554779854832,76.639,121.4,0.00565,0.422,0.28945402
1554779854893,76.7,121.4,0.00565,0.424,0.29082584
1554779854939,76.746,121.4,0.00565,0.424,0.29082584
1554779854985,76.792,121.4,0.00565,0.424,0.29082584
1554779855031,76.838,121.4,0.00565,0.424,0.29082584
1554779855094,76.901,121.4,0.00565,0.424,0.29082584
1554779855140,76.947,121.4,0.00565,0.424,0.29082584
1554779855186,76.993,121.4,0.00565,0.424,0.29082584
1554779855232,77.039,121.4,0.00565,0.424,0.29082584
1554779855293,77.1,121.4,0.00568,0.423,0.291680496
1554779855339,77.146,121.4,0.00568,0.423,0.291680496
1554779855385,77.192,121.4,0.00568,0.423,0.291680496
1554779855431,77.238,121.4,0.00568,0.423,0.291680496
1554779855494,77.301,121.4,0.00567,0.423,0.291166974
1554779855540,77.347,121.4,0.00567,0.423,0.291166974
1554779855586,77.393,121.4,0.00567,0.423,0.291166974
1554779855632,77.439,121.4,0.00567,0.423,0.291166974
1554779855693,77.5,121.4,0.00692,0.432,0.362918016
1554779855740,77.547,121.4,0.00692,0.432,0.362918016
1554779855786,77.593,121.4,0.00692,0.432,0.362918016
1554779855832,77.639,121.4,0.00692,0.432,0.362918016
1554779855893,77.7,121.4,0.0072,0.437,0.38197296
1554779855939,77.746,121.4,0.0072,0.437,0.38197296
1554779855985,77.792,121.4,0.0072,0.437,0.38197296
1554779856031,77.838,121.4,0.0072,0.437,0.38197296
1554779856094,77.901,121.4,0.00722,0.438,0.383910504
1554779856140,77.947,121.4,0.00722,0.438,0.383910504
1554779856186,77.993,121.4,0.00722,0.438,0.383910504
1554779856232,78.039,121.4,0.00722,0.438,0.383910504
1554779856293,78.1,121.4,0.00721,0.435,0.38075289
1554779856339,78.146,121.4,0.00721,0.435,0.38075289
1554779856386,78.193,121.4,0.00721,0.435,0.38075289
1554779856432,78.239,121.4,0.00721,0.435,0.38075289
You pressed Ctrl+C!
1554779856494,78.301,121.4,0.00726,0.435,0.38339334
