# Mon Apr 08 19:40:59 2019
abstime,time_stamp,volt,curr,pf,mul
1554777659745,0.081,121.3,0.00619,0.418,0.313854046
1554777659792,0.128,121.3,0.00572,0.414,0.287248104
1554777659838,0.174,121.3,0.00572,0.414,0.287248104
1554777659884,0.22,121.3,0.00572,0.414,0.287248104
1554777659930,0.266,121.3,0.00572,0.414,0.287248104
1554777659975,0.311,121.3,0.00572,0.418,0.290023448
1554777660021,0.357,121.3,0.00572,0.418,0.290023448
1554777660067,0.403,121.3,0.00572,0.418,0.290023448
1554777660113,0.449,121.3,0.00572,0.418,0.290023448
1554777660174,0.51,121.3,0.00571,0.419,0.290209037
1554777660220,0.556,121.3,0.00571,0.419,0.290209037
1554777660265,0.601,121.3,0.00571,0.419,0.290209037
1554777660311,0.647,121.3,0.00571,0.419,0.290209037
1554777660374,0.71,121.3,0.00569,0.418,0.288502346
1554777660420,0.756,121.3,0.00569,0.418,0.288502346
1554777660466,0.803,121.3,0.00569,0.418,0.288502346
1554777660513,0.849,121.3,0.00569,0.418,0.288502346
1554777660574,0.91,121.3,0.00572,0.419,0.290717284
1554777660620,0.956,121.3,0.00572,0.419,0.290717284
1554777660666,1.002,121.3,0.00572,0.419,0.290717284
1554777660712,1.048,121.3,0.00572,0.419,0.290717284
1554777660774,1.11,121.3,0.00575,0.415,0.289452125
1554777660820,1.156,121.3,0.00575,0.415,0.289452125
1554777660866,1.202,121.3,0.00575,0.415,0.289452125
1554777660912,1.248,121.3,0.00575,0.415,0.289452125
1554777660973,1.31,121.4,0.00575,0.417,0.29108685
1554777661019,1.355,121.4,0.00575,0.417,0.29108685
1554777661065,1.401,121.4,0.00575,0.417,0.29108685
1554777661112,1.448,121.4,0.00575,0.417,0.29108685
1554777661174,1.51,121.4,0.00572,0.415,0.28817932
1554777661220,1.556,121.4,0.00572,0.415,0.28817932
1554777661266,1.602,121.4,0.00572,0.415,0.28817932
1554777661312,1.649,121.4,0.00572,0.415,0.28817932
1554777661374,1.71,121.4,0.0057,0.417,0.28855566
1554777661419,1.755,121.4,0.0057,0.417,0.28855566
1554777661465,1.801,121.4,0.0057,0.417,0.28855566
1554777661511,1.848,121.4,0.0057,0.417,0.28855566
1554777661574,1.91,121.4,0.00569,0.417,0.288049422
1554777661620,1.956,121.4,0.00569,0.417,0.288049422
1554777661666,2.002,121.4,0.00569,0.417,0.288049422
1554777661712,2.048,121.4,0.00569,0.417,0.288049422
1554777661774,2.11,121.4,0.0057,0.418,0.28924764
1554777661821,2.157,121.4,0.0057,0.418,0.28924764
1554777661867,2.203,121.4,0.0057,0.418,0.28924764
1554777661913,2.249,121.4,0.0057,0.418,0.28924764
1554777661974,2.31,121.4,0.0057,0.417,0.28855566
1554777662020,2.356,121.4,0.0057,0.417,0.28855566
1554777662067,2.403,121.4,0.0057,0.417,0.28855566
1554777662113,2.449,121.4,0.0057,0.417,0.28855566
1554777662174,2.51,121.4,0.00569,0.416,0.287358656
1554777662220,2.556,121.4,0.00569,0.416,0.287358656
1554777662266,2.602,121.4,0.00569,0.416,0.287358656
1554777662312,2.648,121.4,0.00569,0.416,0.287358656
1554777662373,2.709,121.4,0.00564,0.418,0.286202928
1554777662420,2.756,121.4,0.00564,0.418,0.286202928
1554777662466,2.802,121.4,0.00564,0.418,0.286202928
1554777662512,2.848,121.4,0.00564,0.418,0.286202928
1554777662573,2.909,121.3,0.00559,0.418,0.283432006
1554777662619,2.955,121.3,0.00559,0.418,0.283432006
1554777662666,3.002,121.3,0.00559,0.418,0.283432006
1554777662712,3.048,121.3,0.00559,0.418,0.283432006
1554777662774,3.11,121.3,0.00562,0.419,0.285634814
1554777662820,3.156,121.3,0.00562,0.419,0.285634814
1554777662866,3.202,121.3,0.00562,0.419,0.285634814
1554777662912,3.248,121.3,0.00562,0.419,0.285634814
1554777662973,3.309,121.3,0.00565,0.418,0.28647421
1554777663019,3.355,121.3,0.00565,0.418,0.28647421
1554777663065,3.401,121.3,0.00565,0.418,0.28647421
1554777663112,3.448,121.3,0.00565,0.418,0.28647421
1554777663174,3.51,121.3,0.00566,0.419,0.287667802
1554777663220,3.556,121.3,0.00566,0.419,0.287667802
1554777663266,3.602,121.3,0.00566,0.419,0.287667802
1554777663313,3.649,121.3,0.00566,0.419,0.287667802
1554777663374,3.71,121.4,0.00566,0.419,0.287904956
1554777663420,3.756,121.4,0.00566,0.419,0.287904956
1554777663466,3.802,121.4,0.00566,0.419,0.287904956
1554777663512,3.848,121.4,0.00566,0.419,0.287904956
1554777663573,3.909,121.3,0.00564,0.417,0.285283044
1554777663619,3.955,121.3,0.00564,0.417,0.285283044
1554777663719,4.055,121.3,0.00564,0.417,0.285283044
1554777663774,4.11,121.3,0.00566,0.416,0.285608128
1554777663820,4.156,121.3,0.00566,0.416,0.285608128
1554777663866,4.202,121.3,0.00566,0.416,0.285608128
1554777663912,4.248,121.3,0.00566,0.416,0.285608128
1554777663973,4.309,121.3,0.00571,0.419,0.290209037
1554777664019,4.355,121.3,0.00571,0.419,0.290209037
1554777664066,4.402,121.3,0.00571,0.419,0.290209037
1554777664112,4.448,121.3,0.00571,0.419,0.290209037
1554777664174,4.51,121.3,0.00569,0.422,0.291263134
1554777664220,4.556,121.3,0.00569,0.422,0.291263134
1554777664266,4.602,121.3,0.00569,0.422,0.291263134
1554777664312,4.648,121.3,0.00569,0.422,0.291263134
1554777664373,4.709,121.4,0.00573,0.418,0.290769996
1554777664419,4.755,121.4,0.00573,0.418,0.290769996
1554777664466,4.802,121.4,0.00573,0.418,0.290769996
1554777664512,4.848,121.4,0.00573,0.418,0.290769996
1554777664573,4.909,121.3,0.00573,0.416,0.289140384
1554777664619,4.955,121.3,0.00573,0.416,0.289140384
1554777664665,5.001,121.3,0.00573,0.416,0.289140384
1554777664711,5.047,121.3,0.00573,0.416,0.289140384
1554777664773,5.109,121.3,0.00575,0.418,0.29154455
1554777664819,5.155,121.3,0.00575,0.418,0.29154455
1554777664865,5.201,121.3,0.00575,0.418,0.29154455
1554777664912,5.248,121.3,0.00575,0.418,0.29154455
1554777664974,5.31,121.3,0.00569,0.421,0.290572937
1554777665020,5.356,121.3,0.00569,0.421,0.290572937
1554777665066,5.402,121.3,0.00569,0.421,0.290572937
1554777665112,5.448,121.3,0.00569,0.421,0.290572937
1554777665173,5.509,121.4,0.00568,0.419,0.288922288
1554777665219,5.555,121.4,0.00568,0.419,0.288922288
1554777665265,5.601,121.4,0.00568,0.419,0.288922288
1554777665311,5.647,121.4,0.00568,0.419,0.288922288
1554777665374,5.71,121.4,0.00569,0.416,0.287358656
1554777665420,5.756,121.4,0.00569,0.416,0.287358656
1554777665466,5.802,121.4,0.00569,0.416,0.287358656
1554777665512,5.848,121.4,0.00569,0.416,0.287358656
1554777665573,5.909,121.4,0.00567,0.418,0.287725284
1554777665619,5.955,121.4,0.00567,0.418,0.287725284
1554777665666,6.002,121.4,0.00567,0.418,0.287725284
1554777665712,6.048,121.4,0.00567,0.418,0.287725284
1554777665773,6.109,121.4,0.00566,0.417,0.286530708
1554777665819,6.155,121.4,0.00566,0.417,0.286530708
1554777665865,6.201,121.4,0.00566,0.417,0.286530708
1554777665911,6.247,121.4,0.00566,0.417,0.286530708
1554777665974,6.31,121.4,0.00568,0.418,0.288232736
1554777666020,6.356,121.4,0.00568,0.418,0.288232736
1554777666066,6.402,121.4,0.00568,0.418,0.288232736
1554777666112,6.448,121.4,0.00568,0.418,0.288232736
1554777666173,6.509,121.4,0.00565,0.418,0.28671038
1554777666219,6.555,121.4,0.00565,0.418,0.28671038
1554777666265,6.601,121.4,0.00565,0.418,0.28671038
1554777666311,6.648,121.4,0.00565,0.418,0.28671038
1554777666373,6.709,121.4,0.00565,0.415,0.28465265
1554777666419,6.755,121.4,0.00565,0.415,0.28465265
1554777666465,6.801,121.4,0.00565,0.415,0.28465265
1554777666511,6.847,121.4,0.00565,0.415,0.28465265
1554777666573,6.909,121.3,0.00564,0.415,0.28391478
1554777666619,6.955,121.3,0.00564,0.415,0.28391478
1554777666665,7.001,121.3,0.00564,0.415,0.28391478
1554777666712,7.048,121.3,0.00564,0.415,0.28391478
1554777666773,7.109,121.3,0.00564,0.416,0.284598912
1554777666819,7.155,121.3,0.00564,0.416,0.284598912
1554777666865,7.201,121.3,0.00564,0.416,0.284598912
1554777666911,7.247,121.3,0.00564,0.416,0.284598912
1554777666973,7.309,121.3,0.00564,0.417,0.285283044
1554777667019,7.355,121.3,0.00564,0.417,0.285283044
1554777667065,7.401,121.3,0.00564,0.417,0.285283044
1554777667111,7.447,121.3,0.00564,0.417,0.285283044
1554777667173,7.509,121.3,0.00566,0.419,0.287667802
1554777667218,7.554,121.3,0.00566,0.419,0.287667802
1554777667265,7.601,121.3,0.00566,0.419,0.287667802
1554777667311,7.647,121.3,0.00566,0.419,0.287667802
1554777667373,7.709,121.4,0.00566,0.417,0.286530708
1554777667419,7.755,121.4,0.00566,0.417,0.286530708
1554777667466,7.802,121.4,0.00566,0.417,0.286530708
1554777667512,7.848,121.4,0.00566,0.417,0.286530708
1554777667573,7.909,121.3,0.00568,0.417,0.287306328
1554777667619,7.955,121.3,0.00568,0.417,0.287306328
1554777667665,8.001,121.3,0.00568,0.417,0.287306328
1554777667712,8.048,121.3,0.00568,0.417,0.287306328
1554777667773,8.109,121.3,0.00567,0.419,0.288176049
1554777667818,8.154,121.3,0.00567,0.419,0.288176049
1554777667865,8.201,121.3,0.00567,0.419,0.288176049
1554777667911,8.247,121.3,0.00567,0.419,0.288176049
1554777667973,8.309,121.3,0.00571,0.418,0.289516414
1554777668019,8.355,121.3,0.00571,0.418,0.289516414
1554777668065,8.401,121.3,0.00571,0.418,0.289516414
1554777668111,8.447,121.3,0.00571,0.418,0.289516414
1554777668172,8.508,121.3,0.00568,0.419,0.288684296
1554777668218,8.554,121.3,0.00568,0.419,0.288684296
1554777668264,8.6,121.3,0.00568,0.419,0.288684296
1554777668311,8.647,121.3,0.00568,0.419,0.288684296
1554777668373,8.709,121.4,0.0057,0.419,0.28993962
1554777668419,8.755,121.4,0.0057,0.419,0.28993962
1554777668465,8.801,121.4,0.0057,0.419,0.28993962
1554777668511,8.847,121.4,0.0057,0.419,0.28993962
1554777668572,8.908,121.3,0.00571,0.418,0.289516414
1554777668618,8.954,121.3,0.00571,0.418,0.289516414
1554777668665,9.001,121.3,0.00571,0.418,0.289516414
1554777668711,9.047,121.3,0.00571,0.418,0.289516414
1554777668773,9.109,121.3,0.00567,0.421,0.289551591
1554777668819,9.155,121.3,0.00567,0.421,0.289551591
1554777668865,9.201,121.3,0.00567,0.421,0.289551591
1554777668911,9.248,121.3,0.00567,0.421,0.289551591
1554777668972,9.309,121.3,0.00569,0.423,0.291953331
1554777669019,9.355,121.3,0.00569,0.423,0.291953331
1554777669065,9.401,121.3,0.00569,0.423,0.291953331
1554777669111,9.447,121.3,0.00569,0.423,0.291953331
1554777669172,9.508,121.4,0.0057,0.421,0.29132358
1554777669218,9.554,121.4,0.0057,0.421,0.29132358
1554777669264,9.6,121.4,0.0057,0.421,0.29132358
1554777669310,9.646,121.4,0.0057,0.421,0.29132358
1554777669373,9.709,121.4,0.00566,0.421,0.289279204
1554777669418,9.754,121.4,0.00566,0.421,0.289279204
1554777669465,9.801,121.4,0.00566,0.421,0.289279204
1554777669511,9.847,121.4,0.00566,0.421,0.289279204
1554777669572,9.908,121.4,0.00563,0.421,0.287745922
1554777669618,9.954,121.4,0.00563,0.421,0.287745922
1554777669664,10.0,121.4,0.00563,0.421,0.287745922
1554777669710,10.046,121.4,0.00563,0.421,0.287745922
1554777669773,10.109,121.4,0.00563,0.421,0.287745922
1554777669819,10.155,121.4,0.00563,0.421,0.287745922
1554777669865,10.201,121.4,0.00563,0.421,0.287745922
1554777669911,10.247,121.4,0.00563,0.421,0.287745922
1554777669972,10.308,121.4,0.00565,0.42,0.2880822
1554777670018,10.354,121.4,0.00565,0.42,0.2880822
1554777670064,10.4,121.4,0.00565,0.42,0.2880822
1554777670110,10.446,121.4,0.00565,0.42,0.2880822
1554777670173,10.509,121.4,0.00562,0.42,0.28655256
1554777670219,10.555,121.4,0.00562,0.42,0.28655256
1554777670265,10.601,121.4,0.00562,0.42,0.28655256
1554777670311,10.647,121.4,0.00562,0.42,0.28655256
1554777670373,10.709,121.4,0.00562,0.419,0.285870292
1554777670419,10.755,121.4,0.00562,0.419,0.285870292
1554777670465,10.801,121.4,0.00562,0.419,0.285870292
1554777670512,10.848,121.4,0.00562,0.419,0.285870292
1554777670573,10.909,121.4,0.00561,0.421,0.286723734
1554777670619,10.955,121.4,0.00561,0.421,0.286723734
1554777670665,11.001,121.4,0.00561,0.421,0.286723734
1554777670711,11.047,121.4,0.00561,0.421,0.286723734
1554777670772,11.108,121.4,0.00561,0.419,0.285361626
1554777670818,11.154,121.4,0.00561,0.419,0.285361626
1554777670865,11.201,121.4,0.00561,0.419,0.285361626
1554777670911,11.247,121.4,0.00561,0.419,0.285361626
1554777670972,11.308,121.3,0.00564,0.418,0.285967176
1554777671018,11.354,121.3,0.00564,0.418,0.285967176
1554777671064,11.4,121.3,0.00564,0.418,0.285967176
1554777671110,11.446,121.3,0.00564,0.418,0.285967176
1554777671173,11.509,121.3,0.00564,0.418,0.285967176
1554777671219,11.555,121.3,0.00564,0.418,0.285967176
1554777671265,11.601,121.3,0.00564,0.418,0.285967176
1554777671311,11.648,121.3,0.00564,0.418,0.285967176
1554777671372,11.709,121.3,0.00569,0.415,0.286431755
1554777671418,11.754,121.3,0.00569,0.415,0.286431755
1554777671465,11.801,121.3,0.00569,0.415,0.286431755
1554777671511,11.847,121.3,0.00569,0.415,0.286431755
1554777671572,11.908,121.3,0.00566,0.416,0.285608128
1554777671617,11.954,121.3,0.00566,0.416,0.285608128
1554777671664,12.0,121.3,0.00566,0.416,0.285608128
1554777671710,12.046,121.3,0.00566,0.416,0.285608128
1554777671772,12.108,121.3,0.00565,0.419,0.287159555
1554777671818,12.154,121.3,0.00565,0.419,0.287159555
1554777671864,12.2,121.3,0.00565,0.419,0.287159555
1554777671910,12.246,121.3,0.00565,0.419,0.287159555
1554777671973,12.309,121.3,0.00567,0.418,0.287488278
1554777672019,12.355,121.3,0.00567,0.418,0.287488278
1554777672065,12.401,121.3,0.00567,0.418,0.287488278
1554777672111,12.447,121.3,0.00567,0.418,0.287488278
1554777672172,12.508,121.3,0.0057,0.418,0.28900938
1554777672218,12.554,121.3,0.0057,0.418,0.28900938
1554777672265,12.601,121.3,0.0057,0.418,0.28900938
1554777672311,12.647,121.3,0.0057,0.418,0.28900938
1554777672372,12.708,121.3,0.00571,0.42,0.29090166
1554777672418,12.754,121.3,0.00571,0.42,0.29090166
1554777672464,12.8,121.3,0.00571,0.42,0.29090166
1554777672510,12.846,121.3,0.00571,0.42,0.29090166
1554777672572,12.908,121.4,0.00568,0.422,0.290990944
1554777672619,12.955,121.4,0.00568,0.422,0.290990944
1554777672665,13.001,121.4,0.00568,0.422,0.290990944
1554777672711,13.047,121.4,0.00568,0.422,0.290990944
1554777672772,13.108,121.3,0.00566,0.421,0.289040918
1554777672818,13.154,121.3,0.00566,0.421,0.289040918
1554777672864,13.2,121.3,0.00566,0.421,0.289040918
1554777672911,13.247,121.3,0.00566,0.421,0.289040918
1554777672972,13.308,121.3,0.00572,0.421,0.292104956
1554777673018,13.354,121.3,0.00572,0.421,0.292104956
1554777673064,13.4,121.3,0.00572,0.421,0.292104956
1554777673110,13.446,121.3,0.00572,0.421,0.292104956
1554777673172,13.508,121.4,0.00571,0.418,0.289755092
1554777673218,13.554,121.4,0.00571,0.418,0.289755092
1554777673264,13.6,121.4,0.00571,0.418,0.289755092
1554777673310,13.646,121.4,0.00571,0.418,0.289755092
1554777673372,13.708,121.4,0.0057,0.42,0.2906316
1554777673417,13.753,121.4,0.0057,0.42,0.2906316
1554777673464,13.8,121.4,0.0057,0.42,0.2906316
1554777673510,13.846,121.4,0.0057,0.42,0.2906316
1554777673572,13.908,121.4,0.00567,0.419,0.288413622
1554777673618,13.954,121.4,0.00567,0.419,0.288413622
1554777673664,14.0,121.4,0.00567,0.419,0.288413622
1554777673710,14.046,121.4,0.00567,0.419,0.288413622
1554777673772,14.108,121.4,0.0057,0.416,0.28786368
1554777673818,14.154,121.4,0.0057,0.416,0.28786368
1554777673865,14.201,121.4,0.0057,0.416,0.28786368
1554777673911,14.247,121.4,0.0057,0.416,0.28786368
1554777673972,14.308,121.4,0.00569,0.414,0.285977124
1554777674018,14.354,121.4,0.00569,0.414,0.285977124
1554777674064,14.4,121.4,0.00569,0.414,0.285977124
1554777674110,14.446,121.4,0.00569,0.414,0.285977124
1554777674172,14.508,121.4,0.00566,0.418,0.287217832
1554777674218,14.554,121.4,0.00566,0.418,0.287217832
1554777674264,14.6,121.4,0.00566,0.418,0.287217832
1554777674310,14.646,121.4,0.00566,0.418,0.287217832
1554777674372,14.708,121.4,0.00563,0.419,0.286378958
1554777674418,14.754,121.4,0.00563,0.419,0.286378958
1554777674464,14.8,121.4,0.00563,0.419,0.286378958
1554777674510,14.846,121.4,0.00563,0.419,0.286378958
1554777674571,14.907,121.4,0.00561,0.419,0.285361626
1554777674617,14.953,121.4,0.00561,0.419,0.285361626
1554777674664,15.0,121.4,0.00561,0.419,0.285361626
1554777674709,15.045,121.4,0.00561,0.419,0.285361626
1554777674772,15.108,121.3,0.00562,0.419,0.285634814
1554777674818,15.154,121.3,0.00562,0.419,0.285634814
1554777674864,15.2,121.3,0.00562,0.419,0.285634814
1554777674910,15.246,121.3,0.00562,0.419,0.285634814
1554777674972,15.308,121.3,0.00561,0.418,0.284446074
1554777675018,15.354,121.3,0.00561,0.418,0.284446074
1554777675065,15.401,121.3,0.00561,0.418,0.284446074
1554777675111,15.447,121.3,0.00561,0.418,0.284446074
1554777675172,15.508,121.3,0.00564,0.42,0.28733544
1554777675218,15.554,121.3,0.00564,0.42,0.28733544
1554777675264,15.6,121.3,0.00564,0.42,0.28733544
1554777675310,15.646,121.3,0.00564,0.42,0.28733544
1554777675371,15.707,121.3,0.00563,0.42,0.28682598
1554777675417,15.753,121.3,0.00563,0.42,0.28682598
1554777675463,15.799,121.3,0.00563,0.42,0.28682598
1554777675509,15.845,121.3,0.00563,0.42,0.28682598
1554777675572,15.908,121.4,0.00569,0.419,0.289430954
1554777675618,15.954,121.4,0.00569,0.419,0.289430954
1554777675664,16.0,121.4,0.00569,0.419,0.289430954
1554777675710,16.046,121.4,0.00569,0.419,0.289430954
1554777675771,16.107,121.3,0.00565,0.42,0.2878449
1554777675817,16.153,121.3,0.00565,0.42,0.2878449
1554777675863,16.199,121.3,0.00565,0.42,0.2878449
1554777675909,16.245,121.3,0.00565,0.42,0.2878449
1554777675972,16.308,121.3,0.00572,0.417,0.289329612
1554777676018,16.354,121.3,0.00572,0.417,0.289329612
1554777676064,16.4,121.3,0.00572,0.417,0.289329612
1554777676110,16.446,121.3,0.00572,0.417,0.289329612
1554777676171,16.507,121.3,0.00575,0.417,0.290847075
1554777676217,16.553,121.3,0.00575,0.417,0.290847075
1554777676263,16.599,121.3,0.00575,0.417,0.290847075
1554777676309,16.645,121.3,0.00575,0.417,0.290847075
1554777676372,16.708,121.4,0.00573,0.418,0.290769996
1554777676418,16.754,121.4,0.00573,0.418,0.290769996
1554777676464,16.8,121.4,0.00573,0.418,0.290769996
1554777676510,16.846,121.4,0.00573,0.418,0.290769996
1554777676571,16.907,121.3,0.00569,0.418,0.288502346
1554777676617,16.953,121.3,0.00569,0.418,0.288502346
1554777676663,16.999,121.3,0.00569,0.418,0.288502346
1554777676709,17.045,121.3,0.00569,0.418,0.288502346
1554777676772,17.108,121.3,0.00568,0.422,0.290751248
1554777676818,17.154,121.3,0.00568,0.422,0.290751248
1554777676864,17.2,121.3,0.00568,0.422,0.290751248
1554777676910,17.246,121.3,0.00568,0.422,0.290751248
1554777676972,17.308,121.3,0.0057,0.419,0.28970079
1554777677018,17.354,121.3,0.0057,0.419,0.28970079
1554777677064,17.4,121.3,0.0057,0.419,0.28970079
1554777677110,17.446,121.3,0.0057,0.419,0.28970079
1554777677171,17.507,121.3,0.00567,0.421,0.289551591
1554777677217,17.553,121.3,0.00567,0.421,0.289551591
1554777677263,17.599,121.3,0.00567,0.421,0.289551591
1554777677309,17.645,121.3,0.00567,0.421,0.289551591
1554777677372,17.708,121.4,0.00568,0.42,0.28961184
1554777677418,17.754,121.4,0.00568,0.42,0.28961184
1554777677464,17.8,121.4,0.00568,0.42,0.28961184
1554777677510,17.846,121.4,0.00568,0.42,0.28961184
1554777677571,17.907,121.4,0.00568,0.419,0.288922288
1554777677617,17.953,121.4,0.00568,0.419,0.288922288
1554777677664,18.0,121.4,0.00568,0.419,0.288922288
1554777677710,18.046,121.4,0.00568,0.419,0.288922288
1554777677771,18.107,121.4,0.00564,0.419,0.286887624
1554777677817,18.153,121.4,0.00564,0.419,0.286887624
1554777677863,18.199,121.4,0.00564,0.419,0.286887624
1554777677909,18.245,121.4,0.00564,0.419,0.286887624
1554777677971,18.307,121.3,0.00563,0.422,0.288191818
1554777678017,18.353,121.3,0.00563,0.422,0.288191818
1554777678063,18.399,121.3,0.00563,0.422,0.288191818
1554777678109,18.445,121.3,0.00563,0.422,0.288191818
1554777678172,18.508,121.4,0.00564,0.422,0.288941712
1554777678218,18.554,121.4,0.00564,0.422,0.288941712
1554777678264,18.6,121.4,0.00564,0.422,0.288941712
1554777678310,18.646,121.4,0.00564,0.422,0.288941712
1554777678371,18.707,121.4,0.00565,0.415,0.28465265
1554777678417,18.753,121.4,0.00565,0.415,0.28465265
1554777678463,18.799,121.4,0.00565,0.415,0.28465265
1554777678510,18.846,121.4,0.00565,0.415,0.28465265
1554777678572,18.908,121.4,0.0056,0.419,0.28485296
1554777678618,18.954,121.4,0.0056,0.419,0.28485296
1554777678664,19.0,121.4,0.0056,0.419,0.28485296
1554777678710,19.046,121.4,0.0056,0.419,0.28485296
1554777678771,19.107,121.4,0.0056,0.42,0.2855328
1554777678817,19.154,121.4,0.0056,0.42,0.2855328
1554777678864,19.2,121.4,0.0056,0.42,0.2855328
1554777678910,19.246,121.4,0.0056,0.42,0.2855328
1554777678971,19.307,121.3,0.00563,0.418,0.285460142
1554777679017,19.353,121.3,0.00563,0.418,0.285460142
1554777679063,19.399,121.3,0.00563,0.418,0.285460142
1554777679109,19.445,121.3,0.00563,0.418,0.285460142
1554777679171,19.507,121.3,0.00563,0.42,0.28682598
1554777679217,19.553,121.3,0.00563,0.42,0.28682598
1554777679263,19.599,121.3,0.00563,0.42,0.28682598
1554777679309,19.645,121.3,0.00563,0.42,0.28682598
1554777679372,19.708,121.4,0.00569,0.418,0.288740188
1554777679418,19.754,121.4,0.00569,0.418,0.288740188
1554777679464,19.8,121.4,0.00569,0.418,0.288740188
1554777679510,19.846,121.4,0.00569,0.418,0.288740188
1554777679571,19.907,121.4,0.00565,0.419,0.28739629
1554777679617,19.953,121.4,0.00565,0.419,0.28739629
1554777679663,19.999,121.4,0.00565,0.419,0.28739629
1554777679709,20.045,121.4,0.00565,0.419,0.28739629
1554777679771,20.107,121.3,0.00562,0.42,0.28631652
1554777679816,20.152,121.3,0.00562,0.42,0.28631652
1554777679862,20.198,121.3,0.00562,0.42,0.28631652
1554777679909,20.245,121.3,0.00562,0.42,0.28631652
1554777679971,20.307,121.3,0.00565,0.421,0.288530245
1554777680017,20.353,121.3,0.00565,0.421,0.288530245
1554777680063,20.399,121.3,0.00565,0.421,0.288530245
1554777680109,20.445,121.3,0.00565,0.421,0.288530245
1554777680171,20.507,121.3,0.00567,0.42,0.28886382
1554777680217,20.553,121.3,0.00567,0.42,0.28886382
1554777680263,20.599,121.3,0.00567,0.42,0.28886382
1554777680309,20.645,121.3,0.00567,0.42,0.28886382
1554777680370,20.706,121.4,0.00566,0.421,0.289279204
1554777680417,20.753,121.4,0.00566,0.421,0.289279204
1554777680463,20.799,121.4,0.00566,0.421,0.289279204
1554777680509,20.845,121.4,0.00566,0.421,0.289279204
1554777680571,20.907,121.4,0.00573,0.418,0.290769996
1554777680617,20.953,121.4,0.00573,0.418,0.290769996
1554777680664,21.0,121.4,0.00573,0.418,0.290769996
1554777680710,21.046,121.4,0.00573,0.418,0.290769996
1554777680771,21.107,121.4,0.00571,0.418,0.289755092
1554777680817,21.153,121.4,0.00571,0.418,0.289755092
1554777680863,21.199,121.4,0.00571,0.418,0.289755092
1554777680909,21.245,121.4,0.00571,0.418,0.289755092
1554777680971,21.307,121.3,0.00567,0.419,0.288176049
1554777681018,21.354,121.3,0.00567,0.419,0.288176049
1554777681064,21.4,121.3,0.00567,0.419,0.288176049
1554777681111,21.447,121.3,0.00567,0.419,0.288176049
1554777681170,21.506,121.3,0.00569,0.42,0.28988274
1554777681216,21.552,121.3,0.00569,0.42,0.28988274
1554777681262,21.598,121.3,0.00569,0.42,0.28988274
1554777681308,21.644,121.3,0.00569,0.42,0.28988274
1554777681371,21.707,121.4,0.00571,0.42,0.29114148
1554777681417,21.753,121.4,0.00571,0.42,0.29114148
1554777681463,21.799,121.4,0.00571,0.42,0.29114148
1554777681509,21.845,121.4,0.00571,0.42,0.29114148
1554777681570,21.906,121.4,0.00567,0.417,0.287036946
1554777681616,21.953,121.4,0.00567,0.417,0.287036946
1554777681663,21.999,121.4,0.00567,0.417,0.287036946
1554777681709,22.045,121.4,0.00567,0.417,0.287036946
1554777681771,22.107,121.4,0.00562,0.419,0.285870292
1554777681817,22.153,121.4,0.00562,0.419,0.285870292
1554777681863,22.199,121.4,0.00562,0.419,0.285870292
1554777681909,22.245,121.4,0.00562,0.419,0.285870292
1554777681970,22.306,121.4,0.00564,0.42,0.28757232
1554777682016,22.352,121.4,0.00564,0.42,0.28757232
1554777682062,22.398,121.4,0.00564,0.42,0.28757232
1554777682108,22.444,121.4,0.00564,0.42,0.28757232
1554777682171,22.507,121.4,0.00563,0.421,0.287745922
1554777682217,22.553,121.4,0.00563,0.421,0.287745922
1554777682263,22.599,121.4,0.00563,0.421,0.287745922
1554777682309,22.645,121.4,0.00563,0.421,0.287745922
1554777682370,22.706,121.4,0.00563,0.422,0.288429404
1554777682416,22.752,121.4,0.00563,0.422,0.288429404
1554777682462,22.798,121.4,0.00563,0.422,0.288429404
1554777682509,22.845,121.4,0.00563,0.422,0.288429404
1554777682571,22.907,121.4,0.00563,0.42,0.28706244
1554777682617,22.953,121.4,0.00563,0.42,0.28706244
1554777682663,22.999,121.4,0.00563,0.42,0.28706244
1554777682710,23.046,121.4,0.00563,0.42,0.28706244
1554777682771,23.107,121.4,0.00564,0.417,0.285518232
1554777682816,23.152,121.4,0.00564,0.417,0.285518232
1554777682862,23.198,121.4,0.00564,0.417,0.285518232
1554777682909,23.245,121.4,0.00564,0.417,0.285518232
1554777682971,23.307,121.3,0.00562,0.418,0.284953108
1554777683017,23.353,121.3,0.00562,0.418,0.284953108
1554777683063,23.399,121.3,0.00562,0.418,0.284953108
1554777683109,23.445,121.3,0.00562,0.418,0.284953108
1554777683170,23.506,121.3,0.00563,0.419,0.286143061
1554777683217,23.553,121.3,0.00563,0.419,0.286143061
1554777683264,23.6,121.3,0.00563,0.419,0.286143061
1554777683310,23.646,121.3,0.00563,0.419,0.286143061
1554777683371,23.707,121.4,0.00563,0.421,0.287745922
1554777683417,23.753,121.4,0.00563,0.421,0.287745922
1554777683463,23.799,121.4,0.00563,0.421,0.287745922
1554777683509,23.845,121.4,0.00563,0.421,0.287745922
1554777683570,23.906,121.4,0.00565,0.423,0.29013993
1554777683616,23.952,121.4,0.00565,0.423,0.29013993
1554777683662,23.998,121.4,0.00565,0.423,0.29013993
1554777683708,24.044,121.4,0.00565,0.423,0.29013993
1554777683771,24.107,121.3,0.00562,0.42,0.28631652
1554777683817,24.153,121.3,0.00562,0.42,0.28631652
1554777683863,24.199,121.3,0.00562,0.42,0.28631652
1554777683909,24.245,121.3,0.00562,0.42,0.28631652
1554777683970,24.306,121.3,0.00563,0.423,0.288874737
1554777684016,24.352,121.3,0.00563,0.423,0.288874737
1554777684062,24.398,121.3,0.00563,0.423,0.288874737
1554777684108,24.444,121.3,0.00563,0.423,0.288874737
1554777684171,24.507,121.3,0.00568,0.421,0.290062264
1554777684217,24.553,121.3,0.00568,0.421,0.290062264
1554777684263,24.599,121.3,0.00568,0.421,0.290062264
1554777684310,24.646,121.3,0.00568,0.421,0.290062264
1554777684370,24.706,121.4,0.00569,0.421,0.290812486
1554777684416,24.752,121.4,0.00569,0.421,0.290812486
1554777684463,24.799,121.4,0.00569,0.421,0.290812486
1554777684509,24.845,121.4,0.00569,0.421,0.290812486
1554777684570,24.906,121.4,0.0057,0.422,0.29201556
1554777684616,24.952,121.4,0.0057,0.422,0.29201556
1554777684662,24.998,121.4,0.0057,0.422,0.29201556
1554777684708,25.044,121.4,0.0057,0.422,0.29201556
1554777684771,25.107,121.4,0.00569,0.42,0.29012172
1554777684817,25.153,121.4,0.00569,0.42,0.29012172
1554777684863,25.199,121.4,0.00569,0.42,0.29012172
1554777684910,25.246,121.4,0.00569,0.42,0.29012172
1554777684970,25.306,121.4,0.00572,0.419,0.290956952
1554777685016,25.352,121.4,0.00572,0.419,0.290956952
1554777685062,25.399,121.4,0.00572,0.419,0.290956952
1554777685110,25.446,121.4,0.00572,0.419,0.290956952
1554777685171,25.507,121.3,0.00568,0.421,0.290062264
1554777685217,25.553,121.3,0.00568,0.421,0.290062264
1554777685263,25.599,121.3,0.00568,0.421,0.290062264
1554777685309,25.645,121.3,0.00568,0.421,0.290062264
1554777685370,25.706,121.4,0.00566,0.422,0.289966328
1554777685415,25.751,121.4,0.00566,0.422,0.289966328
1554777685461,25.797,121.4,0.00566,0.422,0.289966328
1554777685507,25.843,121.4,0.00566,0.422,0.289966328
1554777685570,25.906,121.4,0.00567,0.421,0.289790298
1554777685617,25.953,121.4,0.00567,0.421,0.289790298
1554777685662,25.998,121.4,0.00567,0.421,0.289790298
1554777685707,26.043,121.4,0.00567,0.421,0.289790298
1554777685769,26.105,121.4,0.00565,0.419,0.28739629
1554777685815,26.151,121.4,0.00565,0.419,0.28739629
1554777685861,26.197,121.4,0.00565,0.419,0.28739629
1554777685907,26.243,121.4,0.00565,0.419,0.28739629
1554777685970,26.306,121.4,0.00566,0.42,0.28859208
1554777686015,26.351,121.4,0.00566,0.42,0.28859208
1554777686061,26.397,121.4,0.00566,0.42,0.28859208
1554777686106,26.442,121.4,0.00566,0.42,0.28859208
1554777686170,26.506,121.4,0.00563,0.421,0.287745922
1554777686216,26.552,121.4,0.00563,0.421,0.287745922
1554777686261,26.597,121.4,0.00563,0.421,0.287745922
1554777686307,26.643,121.4,0.00563,0.421,0.287745922
1554777686370,26.707,121.4,0.00563,0.42,0.28706244
1554777686417,26.753,121.4,0.00563,0.42,0.28706244
1554777686463,26.799,121.4,0.00563,0.42,0.28706244
1554777686510,26.846,121.4,0.00563,0.42,0.28706244
1554777686570,26.906,121.4,0.0056,0.418,0.28417312
1554777686616,26.952,121.4,0.0056,0.418,0.28417312
1554777686662,26.998,121.4,0.0056,0.418,0.28417312
1554777686708,27.044,121.4,0.0056,0.418,0.28417312
1554777686770,27.106,121.4,0.00557,0.421,0.284679358
1554777686817,27.153,121.4,0.00557,0.421,0.284679358
1554777686863,27.199,121.4,0.00557,0.421,0.284679358
1554777686909,27.245,121.4,0.00557,0.421,0.284679358
1554777686970,27.306,121.4,0.0056,0.418,0.28417312
1554777687016,27.352,121.4,0.0056,0.418,0.28417312
1554777687062,27.398,121.4,0.0056,0.418,0.28417312
1554777687108,27.444,121.4,0.0056,0.418,0.28417312
1554777687169,27.506,121.3,0.00566,0.419,0.287667802
1554777687215,27.551,121.3,0.00566,0.419,0.287667802
1554777687261,27.597,121.3,0.00566,0.419,0.287667802
1554777687307,27.643,121.3,0.00566,0.419,0.287667802
1554777687370,27.706,121.4,0.00564,0.419,0.286887624
1554777687416,27.752,121.4,0.00564,0.419,0.286887624
1554777687462,27.798,121.4,0.00564,0.419,0.286887624
1554777687509,27.845,121.4,0.00564,0.419,0.286887624
1554777687570,27.906,121.4,0.00564,0.421,0.288257016
1554777687616,27.952,121.4,0.00564,0.421,0.288257016
1554777687662,27.998,121.4,0.00564,0.421,0.288257016
1554777687708,28.044,121.4,0.00564,0.421,0.288257016
1554777687770,28.106,121.4,0.00564,0.419,0.286887624
1554777687816,28.152,121.4,0.00564,0.419,0.286887624
1554777687862,28.198,121.4,0.00564,0.419,0.286887624
1554777687908,28.244,121.4,0.00564,0.419,0.286887624
1554777687969,28.305,121.3,0.00568,0.42,0.28937328
1554777688015,28.351,121.3,0.00568,0.42,0.28937328
1554777688061,28.397,121.3,0.00568,0.42,0.28937328
1554777688107,28.443,121.3,0.00568,0.42,0.28937328
1554777688170,28.506,121.3,0.00568,0.418,0.287995312
1554777688216,28.552,121.3,0.00568,0.418,0.287995312
1554777688262,28.598,121.3,0.00568,0.418,0.287995312
1554777688308,28.644,121.3,0.00568,0.418,0.287995312
1554777688369,28.705,121.4,0.00569,0.419,0.289430954
1554777688415,28.751,121.4,0.00569,0.419,0.289430954
1554777688461,28.797,121.4,0.00569,0.419,0.289430954
1554777688507,28.843,121.4,0.00569,0.419,0.289430954
1554777688570,28.906,121.4,0.00571,0.419,0.290448286
1554777688616,28.952,121.4,0.00571,0.419,0.290448286
1554777688662,28.998,121.4,0.00571,0.419,0.290448286
1554777688708,29.044,121.4,0.00571,0.419,0.290448286
1554777688769,29.105,121.4,0.00569,0.42,0.29012172
1554777688815,29.151,121.4,0.00569,0.42,0.29012172
1554777688861,29.197,121.4,0.00569,0.42,0.29012172
1554777688907,29.243,121.4,0.00569,0.42,0.29012172
1554777688970,29.306,121.4,0.00567,0.421,0.289790298
1554777689016,29.352,121.4,0.00567,0.421,0.289790298
1554777689062,29.398,121.4,0.00567,0.421,0.289790298
1554777689108,29.444,121.4,0.00567,0.421,0.289790298
1554777689169,29.505,121.4,0.00568,0.421,0.290301392
1554777689215,29.551,121.4,0.00568,0.421,0.290301392
1554777689261,29.597,121.4,0.00568,0.421,0.290301392
1554777689307,29.643,121.4,0.00568,0.421,0.290301392
1554777689370,29.706,121.4,0.00569,0.42,0.29012172
1554777689416,29.752,121.4,0.00569,0.42,0.29012172
1554777689462,29.798,121.4,0.00569,0.42,0.29012172
1554777689508,29.844,121.4,0.00569,0.42,0.29012172
1554777689569,29.905,121.4,0.00567,0.419,0.288413622
1554777689615,29.951,121.4,0.00567,0.419,0.288413622
1554777689661,29.998,121.4,0.00567,0.419,0.288413622
1554777689708,30.044,121.4,0.00567,0.419,0.288413622
1554777689770,30.106,121.4,0.00568,0.418,0.288232736
1554777689816,30.152,121.4,0.00568,0.418,0.288232736
1554777689862,30.198,121.4,0.00568,0.418,0.288232736
1554777689908,30.244,121.4,0.00568,0.418,0.288232736
1554777689969,30.305,121.4,0.00563,0.419,0.286378958
1554777690016,30.352,121.4,0.00563,0.419,0.286378958
1554777690061,30.398,121.4,0.00563,0.419,0.286378958
1554777690108,30.444,121.4,0.00563,0.419,0.286378958
1554777690169,30.505,121.4,0.00565,0.418,0.28671038
1554777690215,30.551,121.4,0.00565,0.418,0.28671038
1554777690261,30.597,121.4,0.00565,0.418,0.28671038
1554777690307,30.643,121.4,0.00565,0.418,0.28671038
1554777690369,30.705,121.4,0.00565,0.417,0.28602447
1554777690415,30.751,121.4,0.00565,0.417,0.28602447
1554777690461,30.797,121.4,0.00565,0.417,0.28602447
1554777690507,30.843,121.4,0.00565,0.417,0.28602447
1554777690570,30.906,121.4,0.0056,0.418,0.28417312
1554777690616,30.952,121.4,0.0056,0.418,0.28417312
1554777690662,30.998,121.4,0.0056,0.418,0.28417312
1554777690708,31.044,121.4,0.0056,0.418,0.28417312
1554777690769,31.105,121.4,0.00558,0.421,0.285190452
1554777690815,31.151,121.4,0.00558,0.421,0.285190452
1554777690862,31.198,121.4,0.00558,0.421,0.285190452
1554777690908,31.244,121.4,0.00558,0.421,0.285190452
1554777690969,31.305,121.4,0.00562,0.42,0.28655256
1554777691015,31.351,121.4,0.00562,0.42,0.28655256
1554777691061,31.397,121.4,0.00562,0.42,0.28655256
1554777691107,31.443,121.4,0.00562,0.42,0.28655256
1554777691169,31.505,121.3,0.00563,0.422,0.288191818
1554777691216,31.552,121.3,0.00563,0.422,0.288191818
1554777691262,31.598,121.3,0.00563,0.422,0.288191818
1554777691308,31.644,121.3,0.00563,0.422,0.288191818
1554777691369,31.705,121.4,0.00566,0.419,0.287904956
1554777691415,31.751,121.4,0.00566,0.419,0.287904956
1554777691461,31.797,121.4,0.00566,0.419,0.287904956
1554777691507,31.843,121.4,0.00566,0.419,0.287904956
1554777691569,31.905,121.4,0.00566,0.419,0.287904956
1554777691615,31.951,121.4,0.00566,0.419,0.287904956
1554777691662,31.998,121.4,0.00566,0.419,0.287904956
1554777691708,32.044,121.4,0.00566,0.419,0.287904956
1554777691769,32.105,121.4,0.00568,0.417,0.287543184
1554777691815,32.151,121.4,0.00568,0.417,0.287543184
1554777691861,32.197,121.4,0.00568,0.417,0.287543184
1554777691907,32.243,121.4,0.00568,0.417,0.287543184
1554777691969,32.305,121.4,0.00562,0.419,0.285870292
1554777692016,32.352,121.4,0.00562,0.419,0.285870292
1554777692062,32.398,121.4,0.00562,0.419,0.285870292
1554777692108,32.444,121.4,0.00562,0.419,0.285870292
1554777692169,32.505,121.3,0.00568,0.421,0.290062264
1554777692215,32.551,121.3,0.00568,0.421,0.290062264
1554777692261,32.597,121.3,0.00568,0.421,0.290062264
1554777692307,32.643,121.3,0.00568,0.421,0.290062264
1554777692369,32.705,121.3,0.00571,0.419,0.290209037
1554777692414,32.751,121.3,0.00571,0.419,0.290209037
1554777692461,32.797,121.3,0.00571,0.419,0.290209037
1554777692507,32.843,121.3,0.00571,0.419,0.290209037
1554777692569,32.905,121.4,0.00569,0.421,0.290812486
1554777692615,32.951,121.4,0.00569,0.421,0.290812486
1554777692662,32.998,121.4,0.00569,0.421,0.290812486
1554777692708,33.044,121.4,0.00569,0.421,0.290812486
1554777692769,33.105,121.4,0.00569,0.42,0.29012172
1554777692814,33.151,121.4,0.00569,0.42,0.29012172
1554777692861,33.197,121.4,0.00569,0.42,0.29012172
1554777692907,33.243,121.4,0.00569,0.42,0.29012172
1554777692969,33.305,121.4,0.00569,0.418,0.288740188
1554777693016,33.352,121.4,0.00569,0.418,0.288740188
1554777693062,33.398,121.4,0.00569,0.418,0.288740188
1554777693107,33.444,121.4,0.00569,0.418,0.288740188
1554777693169,33.505,121.3,0.0057,0.419,0.28970079
1554777693214,33.55,121.3,0.0057,0.419,0.28970079
1554777693261,33.597,121.3,0.0057,0.419,0.28970079
1554777693307,33.643,121.3,0.0057,0.419,0.28970079
1554777693369,33.705,121.4,0.0057,0.418,0.28924764
1554777693415,33.751,121.4,0.0057,0.418,0.28924764
1554777693462,33.798,121.4,0.0057,0.418,0.28924764
1554777693508,33.844,121.4,0.0057,0.418,0.28924764
1554777693569,33.905,121.4,0.00567,0.419,0.288413622
1554777693615,33.951,121.4,0.00567,0.419,0.288413622
1554777693661,33.997,121.4,0.00567,0.419,0.288413622
1554777693707,34.043,121.4,0.00567,0.419,0.288413622
1554777693769,34.105,121.4,0.00566,0.416,0.285843584
1554777693816,34.152,121.4,0.00566,0.416,0.285843584
1554777693862,34.198,121.4,0.00566,0.416,0.285843584
1554777693908,34.244,121.4,0.00566,0.416,0.285843584
1554777693969,34.305,121.4,0.00566,0.416,0.285843584
1554777694015,34.351,121.4,0.00566,0.416,0.285843584
1554777694061,34.397,121.4,0.00566,0.416,0.285843584
1554777694107,34.443,121.4,0.00566,0.416,0.285843584
1554777694168,34.504,121.4,0.00565,0.419,0.28739629
1554777694214,34.55,121.4,0.00565,0.419,0.28739629
1554777694261,34.597,121.4,0.00565,0.419,0.28739629
1554777694307,34.643,121.4,0.00565,0.419,0.28739629
1554777694369,34.705,121.4,0.00565,0.419,0.28739629
1554777694415,34.751,121.4,0.00565,0.419,0.28739629
1554777694461,34.798,121.4,0.00565,0.419,0.28739629
1554777694508,34.844,121.4,0.00565,0.419,0.28739629
1554777694569,34.905,121.4,0.00563,0.416,0.284328512
1554777694614,34.951,121.4,0.00563,0.416,0.284328512
1554777694661,34.997,121.4,0.00563,0.416,0.284328512
1554777694707,35.043,121.4,0.00563,0.416,0.284328512
1554777694769,35.105,121.4,0.00561,0.418,0.284680572
1554777694815,35.151,121.4,0.00561,0.418,0.284680572
1554777694861,35.198,121.4,0.00561,0.418,0.284680572
1554777694908,35.244,121.4,0.00561,0.418,0.284680572
1554777694968,35.305,121.4,0.0056,0.42,0.2855328
1554777695015,35.351,121.4,0.0056,0.42,0.2855328
1554777695061,35.397,121.4,0.0056,0.42,0.2855328
1554777695107,35.443,121.4,0.0056,0.42,0.2855328
1554777695169,35.505,121.4,0.00565,0.417,0.28602447
1554777695215,35.552,121.4,0.00565,0.417,0.28602447
1554777695262,35.598,121.4,0.00565,0.417,0.28602447
1554777695308,35.644,121.4,0.00565,0.417,0.28602447
1554777695369,35.705,121.4,0.00565,0.416,0.28533856
1554777695415,35.751,121.4,0.00565,0.416,0.28533856
1554777695461,35.797,121.4,0.00565,0.416,0.28533856
1554777695507,35.843,121.4,0.00565,0.416,0.28533856
1554777695568,35.904,121.4,0.00566,0.418,0.287217832
1554777695614,35.95,121.4,0.00566,0.418,0.287217832
1554777695660,35.996,121.4,0.00566,0.418,0.287217832
1554777695706,36.042,121.4,0.00566,0.418,0.287217832
1554777695769,36.105,121.4,0.00565,0.419,0.28739629
1554777695815,36.151,121.4,0.00565,0.419,0.28739629
1554777695861,36.197,121.4,0.00565,0.419,0.28739629
1554777695907,36.243,121.4,0.00565,0.419,0.28739629
1554777695968,36.304,121.3,0.00567,0.417,0.286800507
1554777696014,36.35,121.3,0.00567,0.417,0.286800507
1554777696060,36.396,121.3,0.00567,0.417,0.286800507
1554777696106,36.442,121.3,0.00567,0.417,0.286800507
1554777696168,36.504,121.3,0.00572,0.415,0.28794194
1554777696214,36.55,121.3,0.00572,0.415,0.28794194
1554777696260,36.596,121.3,0.00572,0.415,0.28794194
1554777696306,36.642,121.3,0.00572,0.415,0.28794194
1554777696369,36.705,121.3,0.00571,0.418,0.289516414
1554777696415,36.751,121.3,0.00571,0.418,0.289516414
1554777696461,36.797,121.3,0.00571,0.418,0.289516414
1554777696507,36.843,121.3,0.00571,0.418,0.289516414
1554777696568,36.904,121.4,0.00569,0.418,0.288740188
1554777696614,36.95,121.4,0.00569,0.418,0.288740188
1554777696660,36.996,121.4,0.00569,0.418,0.288740188
1554777696706,37.042,121.4,0.00569,0.418,0.288740188
1554777696769,37.105,121.4,0.0057,0.419,0.28993962
1554777696815,37.151,121.4,0.0057,0.419,0.28993962
1554777696861,37.197,121.4,0.0057,0.419,0.28993962
1554777696907,37.243,121.4,0.0057,0.419,0.28993962
1554777696968,37.304,121.3,0.00571,0.417,0.288823791
1554777697014,37.35,121.3,0.00571,0.417,0.288823791
1554777697060,37.396,121.3,0.00571,0.417,0.288823791
1554777697106,37.443,121.3,0.00571,0.417,0.288823791
1554777697169,37.505,121.3,0.00573,0.415,0.288445335
1554777697215,37.551,121.3,0.00573,0.415,0.288445335
1554777697261,37.597,121.3,0.00573,0.415,0.288445335
1554777697307,37.643,121.3,0.00573,0.415,0.288445335
1554777697368,37.704,121.4,0.00571,0.415,0.28767551
1554777697414,37.75,121.4,0.00571,0.415,0.28767551
1554777697460,37.796,121.4,0.00571,0.415,0.28767551
1554777697507,37.843,121.4,0.00571,0.415,0.28767551
1554777697568,37.904,121.4,0.00569,0.415,0.28666789
1554777697614,37.95,121.4,0.00569,0.415,0.28666789
1554777697660,37.996,121.4,0.00569,0.415,0.28666789
1554777697706,38.042,121.4,0.00569,0.415,0.28666789
1554777697768,38.104,121.4,0.00568,0.418,0.288232736
1554777697815,38.151,121.4,0.00568,0.418,0.288232736
1554777697861,38.197,121.4,0.00568,0.418,0.288232736
1554777697907,38.243,121.4,0.00568,0.418,0.288232736
1554777697968,38.304,121.4,0.00565,0.419,0.28739629
1554777698014,38.35,121.4,0.00565,0.419,0.28739629
1554777698060,38.396,121.4,0.00565,0.419,0.28739629
1554777698106,38.442,121.4,0.00565,0.419,0.28739629
1554777698168,38.504,121.4,0.00564,0.419,0.286887624
1554777698214,38.55,121.4,0.00564,0.419,0.286887624
1554777698260,38.596,121.4,0.00564,0.419,0.286887624
1554777698306,38.642,121.4,0.00564,0.419,0.286887624
1554777698368,38.704,121.4,0.00569,0.416,0.287358656
1554777698414,38.75,121.4,0.00569,0.416,0.287358656
1554777698460,38.796,121.4,0.00569,0.416,0.287358656
1554777698506,38.842,121.4,0.00569,0.416,0.287358656
1554777698568,38.904,121.4,0.00566,0.416,0.285843584
1554777698614,38.95,121.4,0.00566,0.416,0.285843584
1554777698660,38.996,121.4,0.00566,0.416,0.285843584
1554777698707,39.043,121.4,0.00566,0.416,0.285843584
1554777698768,39.104,121.4,0.00564,0.416,0.284833536
1554777698813,39.149,121.4,0.00564,0.416,0.284833536
1554777698859,39.195,121.4,0.00564,0.416,0.284833536
1554777698905,39.241,121.4,0.00564,0.416,0.284833536
1554777698968,39.304,121.4,0.00562,0.416,0.283823488
1554777699014,39.35,121.4,0.00562,0.416,0.283823488
1554777699070,39.406,121.4,0.00562,0.416,0.283823488
1554777699116,39.452,121.4,0.00562,0.416,0.283823488
1554777699168,39.504,121.4,0.00566,0.417,0.286530708
1554777699214,39.55,121.4,0.00566,0.417,0.286530708
1554777699261,39.597,121.4,0.00566,0.417,0.286530708
1554777699307,39.643,121.4,0.00566,0.417,0.286530708
1554777699368,39.704,121.4,0.00568,0.416,0.286853632
1554777699414,39.75,121.4,0.00568,0.416,0.286853632
1554777699460,39.796,121.4,0.00568,0.416,0.286853632
1554777699506,39.842,121.4,0.00568,0.416,0.286853632
1554777699568,39.904,121.4,0.00569,0.416,0.287358656
1554777699614,39.95,121.4,0.00569,0.416,0.287358656
1554777699660,39.996,121.4,0.00569,0.416,0.287358656
1554777699707,40.043,121.4,0.00569,0.416,0.287358656
1554777699768,40.104,121.4,0.0057,0.417,0.28855566
1554777699813,40.15,121.4,0.0057,0.417,0.28855566
1554777699860,40.196,121.4,0.0057,0.417,0.28855566
1554777699906,40.242,121.4,0.0057,0.417,0.28855566
1554777699968,40.304,121.3,0.00569,0.415,0.286431755
1554777700014,40.35,121.3,0.00569,0.415,0.286431755
1554777700060,40.396,121.3,0.00569,0.415,0.286431755
1554777700107,40.443,121.3,0.00569,0.415,0.286431755
1554777700167,40.504,121.3,0.00572,0.414,0.287248104
1554777700214,40.55,121.3,0.00572,0.414,0.287248104
1554777700260,40.596,121.3,0.00572,0.414,0.287248104
1554777700306,40.642,121.3,0.00572,0.414,0.287248104
1554777700368,40.704,121.3,0.00573,0.416,0.289140384
1554777700414,40.75,121.3,0.00573,0.416,0.289140384
1554777700461,40.797,121.3,0.00573,0.416,0.289140384
1554777700507,40.843,121.3,0.00573,0.416,0.289140384
1554777700568,40.904,121.3,0.00574,0.42,0.29243004
1554777700614,40.95,121.3,0.00574,0.42,0.29243004
1554777700660,40.996,121.3,0.00574,0.42,0.29243004
1554777700706,41.042,121.3,0.00574,0.42,0.29243004
1554777700767,41.103,121.3,0.00577,0.415,0.290458915
1554777700813,41.149,121.3,0.00577,0.415,0.290458915
1554777700860,41.196,121.3,0.00577,0.415,0.290458915
1554777700906,41.242,121.3,0.00577,0.415,0.290458915
1554777700968,41.304,121.3,0.00573,0.414,0.287750286
1554777701014,41.35,121.3,0.00573,0.414,0.287750286
1554777701060,41.396,121.3,0.00573,0.414,0.287750286
1554777701106,41.442,121.3,0.00573,0.414,0.287750286
1554777701167,41.503,121.3,0.00571,0.417,0.288823791
1554777701213,41.549,121.3,0.00571,0.417,0.288823791
1554777701259,41.595,121.3,0.00571,0.417,0.288823791
1554777701305,41.641,121.3,0.00571,0.417,0.288823791
1554777701368,41.704,121.3,0.00569,0.417,0.287812149
1554777701414,41.75,121.3,0.00569,0.417,0.287812149
1554777701460,41.796,121.3,0.00569,0.417,0.287812149
1554777701506,41.842,121.3,0.00569,0.417,0.287812149
1554777701567,41.903,121.4,0.00568,0.416,0.286853632
1554777701613,41.949,121.4,0.00568,0.416,0.286853632
1554777701659,41.995,121.4,0.00568,0.416,0.286853632
1554777701705,42.041,121.4,0.00568,0.416,0.286853632
1554777701768,42.104,121.4,0.0057,0.417,0.28855566
1554777701814,42.15,121.4,0.0057,0.417,0.28855566
1554777701860,42.196,121.4,0.0057,0.417,0.28855566
1554777701906,42.242,121.4,0.0057,0.417,0.28855566
1554777701968,42.304,121.4,0.00563,0.42,0.28706244
1554777702014,42.35,121.4,0.00563,0.42,0.28706244
1554777702060,42.396,121.4,0.00563,0.42,0.28706244
1554777702106,42.442,121.4,0.00563,0.42,0.28706244
1554777702167,42.503,121.4,0.00562,0.42,0.28655256
1554777702214,42.55,121.4,0.00562,0.42,0.28655256
1554777702260,42.596,121.4,0.00562,0.42,0.28655256
1554777702306,42.642,121.4,0.00562,0.42,0.28655256
1554777702368,42.704,121.4,0.00563,0.419,0.286378958
1554777702414,42.75,121.4,0.00563,0.419,0.286378958
1554777702460,42.796,121.4,0.00563,0.419,0.286378958
1554777702507,42.843,121.4,0.00563,0.419,0.286378958
1554777702568,42.904,121.4,0.00564,0.418,0.286202928
1554777702614,42.95,121.4,0.00564,0.418,0.286202928
1554777702660,42.996,121.4,0.00564,0.418,0.286202928
1554777702706,43.042,121.4,0.00564,0.418,0.286202928
1554777702768,43.104,121.4,0.00561,0.418,0.284680572
1554777702814,43.15,121.4,0.00561,0.418,0.284680572
1554777702860,43.196,121.4,0.00561,0.418,0.284680572
1554777702906,43.242,121.4,0.00561,0.418,0.284680572
1554777702967,43.303,121.4,0.00561,0.417,0.283999518
1554777703013,43.349,121.4,0.00561,0.417,0.283999518
1554777703059,43.395,121.4,0.00561,0.417,0.283999518
1554777703106,43.442,121.4,0.00561,0.417,0.283999518
1554777703168,43.504,121.4,0.00567,0.417,0.287036946
1554777703214,43.55,121.4,0.00567,0.417,0.287036946
1554777703260,43.596,121.4,0.00567,0.417,0.287036946
1554777703306,43.642,121.4,0.00567,0.417,0.287036946
1554777703367,43.703,121.3,0.00569,0.416,0.287121952
1554777703413,43.749,121.3,0.00569,0.416,0.287121952
1554777703459,43.795,121.3,0.00569,0.416,0.287121952
1554777703505,43.841,121.3,0.00569,0.416,0.287121952
1554777703567,43.903,121.3,0.00566,0.417,0.286294686
1554777703613,43.949,121.3,0.00566,0.417,0.286294686
1554777703660,43.996,121.3,0.00566,0.417,0.286294686
1554777703706,44.042,121.3,0.00566,0.417,0.286294686
1554777703767,44.103,121.3,0.00568,0.417,0.287306328
1554777703813,44.149,121.3,0.00568,0.417,0.287306328
1554777703859,44.195,121.3,0.00568,0.417,0.287306328
1554777703905,44.241,121.3,0.00568,0.417,0.287306328
1554777703967,44.303,121.3,0.00567,0.417,0.286800507
1554777704014,44.35,121.3,0.00567,0.417,0.286800507
1554777704060,44.396,121.3,0.00567,0.417,0.286800507
1554777704106,44.442,121.3,0.00567,0.417,0.286800507
1554777704167,44.503,121.3,0.00569,0.417,0.287812149
1554777704213,44.549,121.3,0.00569,0.417,0.287812149
1554777704259,44.595,121.3,0.00569,0.417,0.287812149
1554777704305,44.641,121.3,0.00569,0.417,0.287812149
1554777704368,44.704,121.3,0.00576,0.416,0.290654208
1554777704414,44.75,121.3,0.00576,0.416,0.290654208
1554777704460,44.796,121.3,0.00576,0.416,0.290654208
1554777704506,44.842,121.3,0.00576,0.416,0.290654208
1554777704567,44.903,121.3,0.00576,0.416,0.290654208
1554777704614,44.95,121.3,0.00576,0.416,0.290654208
1554777704660,44.996,121.3,0.00576,0.416,0.290654208
1554777704706,45.042,121.3,0.00576,0.416,0.290654208
1554777704767,45.103,121.3,0.00574,0.416,0.289644992
1554777704813,45.149,121.3,0.00574,0.416,0.289644992
1554777704859,45.195,121.3,0.00574,0.416,0.289644992
1554777704905,45.241,121.3,0.00574,0.416,0.289644992
1554777704968,45.304,121.3,0.00573,0.415,0.288445335
1554777705014,45.35,121.3,0.00573,0.415,0.288445335
1554777705060,45.396,121.3,0.00573,0.415,0.288445335
1554777705106,45.442,121.3,0.00573,0.415,0.288445335
1554777705167,45.503,121.3,0.00574,0.415,0.28894873
1554777705213,45.549,121.3,0.00574,0.415,0.28894873
1554777705259,45.595,121.3,0.00574,0.415,0.28894873
1554777705305,45.641,121.3,0.00574,0.415,0.28894873
1554777705368,45.704,121.3,0.00574,0.415,0.28894873
1554777705414,45.75,121.3,0.00574,0.415,0.28894873
1554777705460,45.796,121.3,0.00574,0.415,0.28894873
1554777705506,45.842,121.3,0.00574,0.415,0.28894873
1554777705567,45.903,121.4,0.00572,0.414,0.287484912
1554777705613,45.949,121.4,0.00572,0.414,0.287484912
1554777705659,45.995,121.4,0.00572,0.414,0.287484912
1554777705705,46.041,121.4,0.00572,0.414,0.287484912
1554777705767,46.103,121.4,0.00575,0.411,0.28689855
1554777705814,46.15,121.4,0.00575,0.411,0.28689855
1554777705860,46.196,121.4,0.00575,0.411,0.28689855
1554777705906,46.242,121.4,0.00575,0.411,0.28689855
1554777705967,46.303,121.4,0.00571,0.412,0.285595928
1554777706013,46.349,121.4,0.00571,0.412,0.285595928
1554777706059,46.395,121.4,0.00571,0.412,0.285595928
1554777706106,46.442,121.4,0.00571,0.412,0.285595928
1554777706167,46.503,121.4,0.00566,0.416,0.285843584
1554777706212,46.548,121.4,0.00566,0.416,0.285843584
1554777706259,46.595,121.4,0.00566,0.416,0.285843584
1554777706304,46.64,121.4,0.00566,0.416,0.285843584
1554777706367,46.703,121.4,0.00567,0.415,0.28566027
1554777706413,46.749,121.4,0.00567,0.415,0.28566027
1554777706459,46.795,121.4,0.00567,0.415,0.28566027
1554777706505,46.841,121.4,0.00567,0.415,0.28566027
1554777706567,46.903,121.4,0.00565,0.415,0.28465265
1554777706614,46.95,121.4,0.00565,0.415,0.28465265
1554777706660,46.996,121.4,0.00565,0.415,0.28465265
1554777706706,47.042,121.4,0.00565,0.415,0.28465265
1554777706767,47.103,121.4,0.00568,0.415,0.28616408
1554777706813,47.149,121.4,0.00568,0.415,0.28616408
1554777706859,47.195,121.4,0.00568,0.415,0.28616408
1554777706905,47.241,121.4,0.00568,0.415,0.28616408
1554777706966,47.302,121.4,0.00566,0.414,0.284469336
1554777707012,47.348,121.4,0.00566,0.414,0.284469336
1554777707058,47.394,121.4,0.00566,0.414,0.284469336
1554777707105,47.441,121.4,0.00566,0.414,0.284469336
1554777707167,47.503,121.4,0.00567,0.414,0.284971932
1554777707213,47.549,121.4,0.00567,0.414,0.284971932
1554777707259,47.595,121.4,0.00567,0.414,0.284971932
1554777707305,47.641,121.4,0.00567,0.414,0.284971932
1554777707366,47.702,121.3,0.00569,0.415,0.286431755
1554777707412,47.748,121.3,0.00569,0.415,0.286431755
1554777707458,47.794,121.3,0.00569,0.415,0.286431755
1554777707504,47.84,121.3,0.00569,0.415,0.286431755
1554777707567,47.903,121.4,0.0057,0.416,0.28786368
1554777707613,47.949,121.4,0.0057,0.416,0.28786368
1554777707659,47.995,121.4,0.0057,0.416,0.28786368
1554777707705,48.041,121.4,0.0057,0.416,0.28786368
1554777707767,48.103,121.4,0.00568,0.416,0.286853632
1554777707813,48.149,121.4,0.00568,0.416,0.286853632
1554777707859,48.196,121.4,0.00568,0.416,0.286853632
1554777707906,48.242,121.4,0.00568,0.416,0.286853632
1554777707966,48.303,121.3,0.00568,0.417,0.287306328
1554777708013,48.349,121.3,0.00568,0.417,0.287306328
1554777708059,48.395,121.3,0.00568,0.417,0.287306328
1554777708105,48.441,121.3,0.00568,0.417,0.287306328
1554777708167,48.503,121.3,0.0057,0.416,0.28762656
1554777708213,48.55,121.3,0.0057,0.416,0.28762656
1554777708260,48.596,121.3,0.0057,0.416,0.28762656
1554777708306,48.642,121.3,0.0057,0.416,0.28762656
1554777708367,48.703,121.3,0.00575,0.415,0.289452125
1554777708413,48.749,121.3,0.00575,0.415,0.289452125
1554777708459,48.795,121.3,0.00575,0.415,0.289452125
1554777708505,48.841,121.3,0.00575,0.415,0.289452125
1554777708567,48.903,121.3,0.00574,0.418,0.291037516
1554777708613,48.949,121.3,0.00574,0.418,0.291037516
1554777708659,48.995,121.3,0.00574,0.418,0.291037516
1554777708705,49.041,121.3,0.00574,0.418,0.291037516
1554777708766,49.102,121.3,0.00572,0.418,0.290023448
1554777708812,49.148,121.3,0.00572,0.418,0.290023448
1554777708858,49.194,121.3,0.00572,0.418,0.290023448
1554777708904,49.24,121.3,0.00572,0.418,0.290023448
1554777708967,49.303,121.3,0.00572,0.416,0.288635776
1554777709013,49.349,121.3,0.00572,0.416,0.288635776
1554777709059,49.395,121.3,0.00572,0.416,0.288635776
1554777709105,49.441,121.3,0.00572,0.416,0.288635776
1554777709166,49.502,121.2,0.0057,0.417,0.28808028
1554777709212,49.548,121.2,0.0057,0.417,0.28808028
1554777709258,49.594,121.2,0.0057,0.417,0.28808028
1554777709304,49.64,121.2,0.0057,0.417,0.28808028
1554777709367,49.703,121.3,0.00572,0.417,0.289329612
1554777709413,49.749,121.3,0.00572,0.417,0.289329612
1554777709459,49.795,121.3,0.00572,0.417,0.289329612
1554777709505,49.841,121.3,0.00572,0.417,0.289329612
1554777709567,49.903,121.3,0.00569,0.42,0.28988274
1554777709613,49.949,121.3,0.00569,0.42,0.28988274
1554777709659,49.995,121.3,0.00569,0.42,0.28988274
1554777709705,50.041,121.3,0.00569,0.42,0.28988274
1554777709766,50.102,121.3,0.00567,0.418,0.287488278
1554777709812,50.148,121.3,0.00567,0.418,0.287488278
1554777709859,50.195,121.3,0.00567,0.418,0.287488278
1554777709905,50.241,121.3,0.00567,0.418,0.287488278
1554777709967,50.303,121.3,0.0057,0.416,0.28762656
1554777710013,50.349,121.3,0.0057,0.416,0.28762656
1554777710059,50.395,121.3,0.0057,0.416,0.28762656
1554777710105,50.441,121.3,0.0057,0.416,0.28762656
1554777710166,50.502,121.3,0.00563,0.417,0.284777223
1554777710213,50.549,121.3,0.00563,0.417,0.284777223
1554777710259,50.595,121.3,0.00563,0.417,0.284777223
1554777710305,50.641,121.3,0.00563,0.417,0.284777223
1554777710366,50.702,121.3,0.00564,0.418,0.285967176
1554777710412,50.748,121.3,0.00564,0.418,0.285967176
1554777710458,50.794,121.3,0.00564,0.418,0.285967176
1554777710505,50.841,121.3,0.00564,0.418,0.285967176
1554777710567,50.903,121.4,0.00565,0.418,0.28671038
1554777710613,50.949,121.4,0.00565,0.418,0.28671038
1554777710659,50.995,121.4,0.00565,0.418,0.28671038
1554777710705,51.042,121.4,0.00565,0.418,0.28671038
1554777710767,51.103,121.4,0.00565,0.416,0.28533856
1554777710813,51.149,121.4,0.00565,0.416,0.28533856
1554777710858,51.195,121.4,0.00565,0.416,0.28533856
1554777710905,51.241,121.4,0.00565,0.416,0.28533856
1554777710966,51.302,121.4,0.00564,0.416,0.284833536
1554777711011,51.348,121.4,0.00564,0.416,0.284833536
1554777711058,51.394,121.4,0.00564,0.416,0.284833536
1554777711104,51.44,121.4,0.00564,0.416,0.284833536
1554777711166,51.502,121.4,0.00563,0.418,0.285695476
1554777711212,51.548,121.4,0.00563,0.418,0.285695476
1554777711258,51.594,121.4,0.00563,0.418,0.285695476
1554777711304,51.64,121.4,0.00563,0.418,0.285695476
1554777711366,51.702,121.3,0.00567,0.416,0.286112736
1554777711412,51.749,121.3,0.00567,0.416,0.286112736
1554777711459,51.795,121.3,0.00567,0.416,0.286112736
1554777711505,51.841,121.3,0.00567,0.416,0.286112736
1554777711566,51.902,121.4,0.00568,0.417,0.287543184
1554777711612,51.948,121.4,0.00568,0.417,0.287543184
1554777711658,51.994,121.4,0.00568,0.417,0.287543184
1554777711704,52.04,121.4,0.00568,0.417,0.287543184
1554777711767,52.103,121.4,0.00569,0.417,0.288049422
1554777711813,52.149,121.4,0.00569,0.417,0.288049422
1554777711859,52.195,121.4,0.00569,0.417,0.288049422
1554777711905,52.241,121.4,0.00569,0.417,0.288049422
1554777711966,52.302,121.4,0.00567,0.418,0.287725284
1554777712013,52.349,121.4,0.00567,0.418,0.287725284
1554777712059,52.395,121.4,0.00567,0.418,0.287725284
1554777712105,52.441,121.4,0.00567,0.418,0.287725284
1554777712166,52.502,121.3,0.00569,0.417,0.287812149
1554777712212,52.548,121.3,0.00569,0.417,0.287812149
1554777712258,52.594,121.3,0.00569,0.417,0.287812149
1554777712304,52.64,121.3,0.00569,0.417,0.287812149
1554777712366,52.702,121.3,0.0057,0.415,0.28693515
1554777712411,52.747,121.3,0.0057,0.415,0.28693515
1554777712458,52.794,121.3,0.0057,0.415,0.28693515
1554777712504,52.84,121.3,0.0057,0.415,0.28693515
1554777712566,52.902,121.3,0.00572,0.417,0.289329612
1554777712612,52.948,121.3,0.00572,0.417,0.289329612
1554777712658,52.994,121.3,0.00572,0.417,0.289329612
1554777712704,53.04,121.3,0.00572,0.417,0.289329612
1554777712767,53.103,121.3,0.00573,0.418,0.290530482
1554777712813,53.149,121.3,0.00573,0.418,0.290530482
1554777712859,53.195,121.3,0.00573,0.418,0.290530482
1554777712905,53.241,121.3,0.00573,0.418,0.290530482
1554777712966,53.302,121.3,0.00572,0.417,0.289329612
1554777713012,53.348,121.3,0.00572,0.417,0.289329612
1554777713058,53.394,121.3,0.00572,0.417,0.289329612
1554777713105,53.441,121.3,0.00572,0.417,0.289329612
1554777713166,53.502,121.3,0.00575,0.414,0.28875465
1554777713211,53.547,121.3,0.00575,0.414,0.28875465
1554777713258,53.594,121.3,0.00575,0.414,0.28875465
1554777713304,53.64,121.3,0.00575,0.414,0.28875465
1554777713366,53.702,121.3,0.00572,0.416,0.288635776
1554777713412,53.748,121.3,0.00572,0.416,0.288635776
1554777713459,53.795,121.3,0.00572,0.416,0.288635776
1554777713505,53.841,121.3,0.00572,0.416,0.288635776
1554777713566,53.902,121.3,0.00568,0.42,0.28937328
1554777713612,53.948,121.3,0.00568,0.42,0.28937328
1554777713658,53.994,121.3,0.00568,0.42,0.28937328
1554777713704,54.04,121.3,0.00568,0.42,0.28937328
1554777713765,54.101,121.3,0.00569,0.418,0.288502346
1554777713811,54.147,121.3,0.00569,0.418,0.288502346
1554777713857,54.193,121.3,0.00569,0.418,0.288502346
1554777713903,54.24,121.3,0.00569,0.418,0.288502346
1554777713966,54.302,121.3,0.00568,0.416,0.286617344
1554777714012,54.348,121.3,0.00568,0.416,0.286617344
1554777714058,54.394,121.3,0.00568,0.416,0.286617344
1554777714104,54.44,121.3,0.00568,0.416,0.286617344
1554777714166,54.502,121.3,0.00562,0.417,0.284271402
1554777714212,54.549,121.3,0.00562,0.417,0.284271402
1554777714259,54.595,121.3,0.00562,0.417,0.284271402
1554777714305,54.641,121.3,0.00562,0.417,0.284271402
1554777714366,54.702,121.3,0.00566,0.417,0.286294686
1554777714412,54.748,121.3,0.00566,0.417,0.286294686
1554777714458,54.795,121.3,0.00566,0.417,0.286294686
1554777714505,54.841,121.3,0.00566,0.417,0.286294686
1554777714566,54.902,121.3,0.00564,0.416,0.284598912
1554777714612,54.948,121.3,0.00564,0.416,0.284598912
1554777714658,54.994,121.3,0.00564,0.416,0.284598912
1554777714704,55.04,121.3,0.00564,0.416,0.284598912
1554777714765,55.101,121.3,0.00564,0.418,0.285967176
1554777714811,55.147,121.3,0.00564,0.418,0.285967176
1554777714857,55.193,121.3,0.00564,0.418,0.285967176
1554777714903,55.239,121.3,0.00564,0.418,0.285967176
1554777714966,55.302,121.4,0.00564,0.418,0.286202928
1554777715012,55.348,121.4,0.00564,0.418,0.286202928
1554777715058,55.394,121.4,0.00564,0.418,0.286202928
1554777715104,55.44,121.4,0.00564,0.418,0.286202928
1554777715166,55.502,121.3,0.00563,0.419,0.286143061
1554777715212,55.548,121.3,0.00563,0.419,0.286143061
1554777715258,55.594,121.3,0.00563,0.419,0.286143061
1554777715304,55.64,121.3,0.00563,0.419,0.286143061
1554777715365,55.701,121.3,0.00569,0.415,0.286431755
1554777715412,55.748,121.3,0.00569,0.415,0.286431755
1554777715458,55.794,121.3,0.00569,0.415,0.286431755
1554777715504,55.84,121.3,0.00569,0.415,0.286431755
1554777715566,55.902,121.4,0.00572,0.414,0.287484912
1554777715612,55.948,121.4,0.00572,0.414,0.287484912
1554777715658,55.994,121.4,0.00572,0.414,0.287484912
1554777715704,56.04,121.4,0.00572,0.414,0.287484912
1554777715765,56.101,121.4,0.0057,0.417,0.28855566
1554777715812,56.148,121.4,0.0057,0.417,0.28855566
1554777715858,56.194,121.4,0.0057,0.417,0.28855566
1554777715904,56.24,121.4,0.0057,0.417,0.28855566
1554777715966,56.302,121.4,0.00568,0.417,0.287543184
1554777716012,56.348,121.4,0.00568,0.417,0.287543184
1554777716058,56.394,121.4,0.00568,0.417,0.287543184
1554777716104,56.44,121.4,0.00568,0.417,0.287543184
1554777716165,56.501,121.3,0.00568,0.417,0.287306328
1554777716211,56.548,121.3,0.00568,0.417,0.287306328
1554777716257,56.594,121.3,0.00568,0.417,0.287306328
1554777716304,56.64,121.3,0.00568,0.417,0.287306328
1554777716366,56.702,121.3,0.00572,0.414,0.287248104
1554777716412,56.748,121.3,0.00572,0.414,0.287248104
1554777716458,56.795,121.3,0.00572,0.414,0.287248104
1554777716505,56.841,121.3,0.00572,0.414,0.287248104
1554777716566,56.902,121.3,0.00576,0.416,0.290654208
1554777716612,56.948,121.3,0.00576,0.416,0.290654208
1554777716658,56.994,121.3,0.00576,0.416,0.290654208
1554777716704,57.04,121.3,0.00576,0.416,0.290654208
1554777716765,57.101,121.3,0.00574,0.416,0.289644992
1554777716811,57.147,121.3,0.00574,0.416,0.289644992
1554777716857,57.193,121.3,0.00574,0.416,0.289644992
1554777716903,57.239,121.3,0.00574,0.416,0.289644992
1554777716966,57.302,121.3,0.00575,0.415,0.289452125
1554777717012,57.348,121.3,0.00575,0.415,0.289452125
1554777717058,57.394,121.3,0.00575,0.415,0.289452125
1554777717104,57.44,121.3,0.00575,0.415,0.289452125
1554777717165,57.501,121.3,0.00572,0.415,0.28794194
1554777717211,57.547,121.3,0.00572,0.415,0.28794194
1554777717257,57.593,121.3,0.00572,0.415,0.28794194
1554777717303,57.639,121.3,0.00572,0.415,0.28794194
1554777717365,57.701,121.3,0.00573,0.416,0.289140384
1554777717412,57.748,121.3,0.00573,0.416,0.289140384
1554777717458,57.794,121.3,0.00573,0.416,0.289140384
1554777717504,57.84,121.3,0.00573,0.416,0.289140384
1554777717565,57.901,121.3,0.00577,0.412,0.288359212
1554777717611,57.947,121.3,0.00577,0.412,0.288359212
1554777717657,57.993,121.3,0.00577,0.412,0.288359212
1554777717703,58.039,121.3,0.00577,0.412,0.288359212
1554777717765,58.101,121.3,0.00573,0.414,0.287750286
1554777717811,58.147,121.3,0.00573,0.414,0.287750286
1554777717858,58.194,121.3,0.00573,0.414,0.287750286
1554777717904,58.24,121.3,0.00573,0.414,0.287750286
1554777717965,58.301,121.3,0.00568,0.415,0.28592836
1554777718011,58.347,121.3,0.00568,0.415,0.28592836
1554777718057,58.393,121.3,0.00568,0.415,0.28592836
1554777718103,58.439,121.3,0.00568,0.415,0.28592836
1554777718165,58.501,121.3,0.00566,0.416,0.285608128
1554777718211,58.547,121.3,0.00566,0.416,0.285608128
1554777718258,58.594,121.3,0.00566,0.416,0.285608128
1554777718304,58.64,121.3,0.00566,0.416,0.285608128
1554777718365,58.701,121.3,0.00568,0.415,0.28592836
1554777718411,58.747,121.3,0.00568,0.415,0.28592836
1554777718457,58.793,121.3,0.00568,0.415,0.28592836
1554777718503,58.839,121.3,0.00568,0.415,0.28592836
1554777718565,58.901,121.3,0.00584,0.415,0.29398268
1554777718611,58.947,121.3,0.00584,0.415,0.29398268
1554777718658,58.994,121.3,0.00584,0.415,0.29398268
1554777718704,59.04,121.3,0.00584,0.415,0.29398268
1554777718765,59.101,121.4,0.00588,0.417,0.297667944
1554777718810,59.147,121.4,0.00588,0.417,0.297667944
1554777718857,59.193,121.4,0.00588,0.417,0.297667944
1554777718903,59.239,121.4,0.00588,0.417,0.297667944
1554777718965,59.301,121.4,0.00589,0.415,0.29674409
1554777719011,59.347,121.4,0.00589,0.415,0.29674409
1554777719057,59.393,121.4,0.00589,0.415,0.29674409
1554777719103,59.44,121.4,0.00589,0.415,0.29674409
1554777719165,59.501,121.4,0.00588,0.418,0.298381776
1554777719211,59.547,121.4,0.00588,0.418,0.298381776
1554777719257,59.593,121.4,0.00588,0.418,0.298381776
1554777719303,59.639,121.4,0.00588,0.418,0.298381776
1554777719365,59.701,121.4,0.00585,0.419,0.29756961
1554777719411,59.748,121.4,0.00585,0.419,0.29756961
1554777719458,59.794,121.4,0.00585,0.419,0.29756961
1554777719504,59.84,121.4,0.00585,0.419,0.29756961
1554777719565,59.901,121.4,0.00595,0.418,0.30193394
1554777719611,59.947,121.4,0.00595,0.418,0.30193394
1554777719657,59.993,121.4,0.00595,0.418,0.30193394
1554777719703,60.039,121.4,0.00595,0.418,0.30193394
1554777719764,60.101,121.4,0.00593,0.415,0.29875933
1554777719810,60.146,121.4,0.00593,0.415,0.29875933
1554777719856,60.192,121.4,0.00593,0.415,0.29875933
1554777719902,60.238,121.4,0.00593,0.415,0.29875933
1554777719965,60.301,121.4,0.00592,0.417,0.299692896
1554777720011,60.347,121.4,0.00592,0.417,0.299692896
1554777720057,60.393,121.4,0.00592,0.417,0.299692896
1554777720103,60.439,121.4,0.00592,0.417,0.299692896
1554777720165,60.501,121.4,0.00587,0.418,0.297874324
1554777720211,60.547,121.4,0.00587,0.418,0.297874324
1554777720258,60.594,121.4,0.00587,0.418,0.297874324
1554777720304,60.64,121.4,0.00587,0.418,0.297874324
1554777720365,60.701,121.3,0.0059,0.419,0.29986573
1554777720411,60.747,121.3,0.0059,0.419,0.29986573
1554777720457,60.793,121.3,0.0059,0.419,0.29986573
1554777720503,60.839,121.3,0.0059,0.419,0.29986573
1554777720565,60.901,121.3,0.00591,0.419,0.300373977
1554777720611,60.947,121.3,0.00591,0.419,0.300373977
1554777720657,60.993,121.3,0.00591,0.419,0.300373977
1554777720704,61.04,121.3,0.00591,0.419,0.300373977
1554777720765,61.101,121.3,0.00594,0.422,0.304060284
1554777720811,61.147,121.3,0.00594,0.422,0.304060284
1554777720857,61.193,121.3,0.00594,0.422,0.304060284
1554777720903,61.239,121.3,0.00594,0.422,0.304060284
1554777720965,61.301,121.3,0.00589,0.42,0.30007194
1554777721011,61.347,121.3,0.00589,0.42,0.30007194
1554777721056,61.392,121.3,0.00589,0.42,0.30007194
1554777721102,61.438,121.3,0.00589,0.42,0.30007194
1554777721165,61.501,121.3,0.00587,0.419,0.298340989
1554777721211,61.547,121.3,0.00587,0.419,0.298340989
1554777721257,61.593,121.3,0.00587,0.419,0.298340989
1554777721303,61.639,121.3,0.00587,0.419,0.298340989
1554777721364,61.7,121.2,0.00586,0.422,0.299717904
1554777721410,61.746,121.2,0.00586,0.422,0.299717904
1554777721456,61.792,121.2,0.00586,0.422,0.299717904
1554777721503,61.839,121.2,0.00586,0.422,0.299717904
1554777721565,61.901,121.3,0.0059,0.42,0.3005814
1554777721611,61.947,121.3,0.0059,0.42,0.3005814
1554777721657,61.993,121.3,0.0059,0.42,0.3005814
1554777721703,62.039,121.3,0.0059,0.42,0.3005814
1554777721764,62.1,121.3,0.00596,0.416,0.300746368
1554777721810,62.146,121.3,0.00596,0.416,0.300746368
1554777721856,62.192,121.3,0.00596,0.416,0.300746368
1554777721902,62.238,121.3,0.00596,0.416,0.300746368
1554777721965,62.301,121.3,0.00591,0.42,0.30109086
1554777722011,62.347,121.3,0.00591,0.42,0.30109086
1554777722057,62.393,121.3,0.00591,0.42,0.30109086
1554777722103,62.439,121.3,0.00591,0.42,0.30109086
1554777722164,62.5,121.3,0.00583,0.423,0.299136717
1554777722211,62.547,121.3,0.00583,0.423,0.299136717
1554777722257,62.593,121.3,0.00583,0.423,0.299136717
1554777722303,62.639,121.3,0.00583,0.423,0.299136717
1554777722364,62.7,121.3,0.00585,0.421,0.298743705
1554777722410,62.746,121.3,0.00585,0.421,0.298743705
1554777722456,62.792,121.3,0.00585,0.421,0.298743705
You pressed Ctrl+C!
