# Mon Apr 08 22:49:55 2019
abstime,time_stamp,volt,curr,pf,mul
1554788995129,0.081,121.1,0.00592,0.425,0.3046876
1554788995177,0.128,121.1,0.00592,0.425,0.3046876
1554788995223,0.174,121.1,0.00568,0.423,0.290959704
1554788995269,0.22,121.1,0.00568,0.423,0.290959704
1554788995315,0.266,121.1,0.00568,0.423,0.290959704
1554788995361,0.312,121.1,0.00568,0.423,0.290959704
1554788995411,0.362,121.1,0.00566,0.425,0.29130605
1554788995455,0.406,121.1,0.00566,0.425,0.29130605
1554788995501,0.452,121.1,0.00566,0.425,0.29130605
1554788995546,0.497,121.1,0.00566,0.425,0.29130605
1554788995611,0.562,121.1,0.00566,0.423,0.289935198
1554788995657,0.608,121.1,0.00566,0.423,0.289935198
1554788995702,0.653,121.1,0.00566,0.423,0.289935198
1554788995748,0.699,121.1,0.00566,0.423,0.289935198
1554788995811,0.762,121.1,0.00567,0.423,0.290447451
1554788995857,0.808,121.1,0.00567,0.423,0.290447451
1554788995903,0.854,121.1,0.00567,0.423,0.290447451
1554788995949,0.9,121.1,0.00567,0.423,0.290447451
1554788996011,0.962,121.1,0.00566,0.421,0.288564346
1554788996057,1.008,121.1,0.00566,0.421,0.288564346
1554788996103,1.054,121.1,0.00566,0.421,0.288564346
1554788996150,1.101,121.1,0.00566,0.421,0.288564346
1554788996211,1.162,121.1,0.00562,0.424,0.288566768
1554788996257,1.208,121.1,0.00562,0.424,0.288566768
1554788996303,1.254,121.1,0.00562,0.424,0.288566768
1554788996349,1.3,121.1,0.00562,0.424,0.288566768
1554788996411,1.362,121.0,0.00562,0.424,0.28832848
1554788996458,1.409,121.0,0.00562,0.424,0.28832848
1554788996504,1.455,121.0,0.00562,0.424,0.28832848
1554788996550,1.501,121.0,0.00562,0.424,0.28832848
1554788996611,1.562,121.0,0.00563,0.423,0.28816029
1554788996657,1.608,121.0,0.00563,0.423,0.28816029
1554788996703,1.654,121.0,0.00563,0.423,0.28816029
1554788996749,1.7,121.0,0.00563,0.423,0.28816029
1554788996811,1.762,121.1,0.00566,0.422,0.289249772
1554788996858,1.809,121.1,0.00566,0.422,0.289249772
1554788996904,1.855,121.1,0.00566,0.422,0.289249772
1554788996950,1.901,121.1,0.00566,0.422,0.289249772
1554788997011,1.962,121.0,0.00568,0.423,0.29071944
1554788997057,2.008,121.0,0.00568,0.423,0.29071944
1554788997103,2.054,121.0,0.00568,0.423,0.29071944
1554788997149,2.1,121.0,0.00568,0.423,0.29071944
1554788997211,2.162,121.0,0.00566,0.424,0.29038064
1554788997257,2.208,121.0,0.00566,0.424,0.29038064
1554788997303,2.254,121.0,0.00566,0.424,0.29038064
1554788997350,2.301,121.0,0.00566,0.424,0.29038064
1554788997411,2.362,121.0,0.0057,0.423,0.2917431
1554788997456,2.407,121.0,0.0057,0.423,0.2917431
1554788997503,2.454,121.0,0.0057,0.423,0.2917431
1554788997549,2.5,121.0,0.0057,0.423,0.2917431
1554788997611,2.562,121.0,0.00568,0.424,0.29140672
1554788997657,2.608,121.0,0.00568,0.424,0.29140672
1554788997704,2.655,121.0,0.00568,0.424,0.29140672
1554788997750,2.701,121.0,0.00568,0.424,0.29140672
1554788997811,2.762,121.0,0.00575,0.423,0.29430225
1554788997857,2.808,121.0,0.00575,0.423,0.29430225
1554788997903,2.854,121.0,0.00575,0.423,0.29430225
1554788997949,2.9,121.0,0.00575,0.423,0.29430225
1554788998011,2.962,121.0,0.00578,0.42,0.2937396
1554788998057,3.008,121.0,0.00578,0.42,0.2937396
1554788998104,3.055,121.0,0.00578,0.42,0.2937396
1554788998150,3.101,121.0,0.00578,0.42,0.2937396
1554788998211,3.162,121.1,0.0058,0.421,0.29570198
1554788998257,3.208,121.1,0.0058,0.421,0.29570198
1554788998303,3.254,121.1,0.0058,0.421,0.29570198
1554788998349,3.3,121.1,0.0058,0.421,0.29570198
1554788998411,3.362,121.1,0.00574,0.424,0.294728336
1554788998457,3.408,121.1,0.00574,0.424,0.294728336
1554788998504,3.455,121.1,0.00574,0.424,0.294728336
1554788998550,3.501,121.1,0.00574,0.424,0.294728336
1554788998611,3.562,121.1,0.00575,0.424,0.2952418
1554788998657,3.608,121.1,0.00575,0.424,0.2952418
1554788998703,3.654,121.1,0.00575,0.424,0.2952418
1554788998749,3.7,121.1,0.00575,0.424,0.2952418
1554788998810,3.761,121.1,0.0057,0.425,0.29336475
1554788998856,3.807,121.1,0.0057,0.425,0.29336475
1554788998902,3.853,121.1,0.0057,0.425,0.29336475
1554788998948,3.899,121.1,0.0057,0.425,0.29336475
1554788999011,3.962,121.2,0.0057,0.424,0.29291616
1554788999057,4.008,121.2,0.0057,0.424,0.29291616
1554788999103,4.054,121.2,0.0057,0.424,0.29291616
1554788999149,4.1,121.2,0.0057,0.424,0.29291616
1554788999211,4.162,121.1,0.00566,0.424,0.290620624
1554788999257,4.208,121.1,0.00566,0.424,0.290620624
1554788999303,4.254,121.1,0.00566,0.424,0.290620624
1554788999349,4.3,121.1,0.00566,0.424,0.290620624
1554788999411,4.362,121.1,0.00566,0.424,0.290620624
1554788999457,4.408,121.1,0.00566,0.424,0.290620624
1554788999503,4.454,121.1,0.00566,0.424,0.290620624
1554788999549,4.5,121.1,0.00566,0.424,0.290620624
1554788999611,4.562,121.1,0.00568,0.423,0.290959704
1554788999657,4.608,121.1,0.00568,0.423,0.290959704
1554788999703,4.654,121.1,0.00568,0.423,0.290959704
1554788999749,4.7,121.1,0.00568,0.423,0.290959704
1554788999810,4.761,121.1,0.00568,0.426,0.293023248
1554788999856,4.807,121.1,0.00568,0.426,0.293023248
1554788999902,4.853,121.1,0.00568,0.426,0.293023248
1554788999949,4.9,121.1,0.00568,0.426,0.293023248
1554789000011,4.962,121.1,0.00562,0.425,0.28924735
1554789000057,5.008,121.1,0.00562,0.425,0.28924735
1554789000103,5.054,121.1,0.00562,0.425,0.28924735
1554789000149,5.1,121.1,0.00562,0.425,0.28924735
1554789000210,5.161,121.1,0.00562,0.421,0.286525022
1554789000256,5.207,121.1,0.00562,0.421,0.286525022
1554789000302,5.253,121.1,0.00562,0.421,0.286525022
1554789000348,5.299,121.1,0.00562,0.421,0.286525022
1554789000410,5.361,121.0,0.00563,0.423,0.28816029
1554789000457,5.408,121.0,0.00563,0.423,0.28816029
1554789000503,5.454,121.0,0.00563,0.423,0.28816029
1554789000549,5.5,121.0,0.00563,0.423,0.28816029
1554789000610,5.561,121.0,0.00567,0.422,0.28952154
1554789000656,5.607,121.0,0.00567,0.422,0.28952154
1554789000702,5.653,121.0,0.00567,0.422,0.28952154
1554789000748,5.699,121.0,0.00567,0.422,0.28952154
1554789000811,5.762,121.0,0.00569,0.423,0.29123127
1554789000857,5.808,121.0,0.00569,0.423,0.29123127
1554789000903,5.854,121.0,0.00569,0.423,0.29123127
1554789000949,5.9,121.0,0.00569,0.423,0.29123127
1554789001010,5.961,121.0,0.00571,0.423,0.29225493
1554789001056,6.007,121.0,0.00571,0.423,0.29225493
1554789001102,6.053,121.0,0.00571,0.423,0.29225493
1554789001148,6.099,121.0,0.00571,0.423,0.29225493
1554789001211,6.162,121.0,0.00571,0.419,0.28949129
1554789001257,6.208,121.0,0.00571,0.419,0.28949129
1554789001303,6.254,121.0,0.00571,0.419,0.28949129
1554789001349,6.3,121.0,0.00571,0.419,0.28949129
1554789001410,6.361,121.0,0.00575,0.419,0.29151925
1554789001456,6.407,121.0,0.00575,0.419,0.29151925
1554789001502,6.453,121.0,0.00575,0.419,0.29151925
1554789001548,6.499,121.0,0.00575,0.419,0.29151925
1554789001611,6.562,121.0,0.00573,0.422,0.29258526
1554789001657,6.608,121.0,0.00573,0.422,0.29258526
1554789001703,6.654,121.0,0.00573,0.422,0.29258526
1554789001749,6.7,121.0,0.00573,0.422,0.29258526
1554789001811,6.762,121.1,0.00571,0.425,0.293879425
1554789001857,6.808,121.1,0.00571,0.425,0.293879425
1554789001903,6.854,121.1,0.00571,0.425,0.293879425
1554789001949,6.9,121.1,0.00571,0.425,0.293879425
1554789002010,6.961,121.1,0.00572,0.425,0.2943941
1554789002056,7.007,121.1,0.00572,0.425,0.2943941
1554789002103,7.054,121.1,0.00572,0.425,0.2943941
1554789002149,7.1,121.1,0.00572,0.425,0.2943941
1554789002211,7.162,121.1,0.00574,0.425,0.29542345
1554789002257,7.208,121.1,0.00574,0.425,0.29542345
1554789002303,7.254,121.1,0.00574,0.425,0.29542345
1554789002349,7.3,121.1,0.00574,0.425,0.29542345
1554789002410,7.361,121.1,0.00569,0.427,0.294228193
1554789002456,7.407,121.1,0.00569,0.427,0.294228193
1554789002502,7.453,121.1,0.00569,0.427,0.294228193
1554789002548,7.499,121.1,0.00569,0.427,0.294228193
1554789002611,7.562,121.0,0.00567,0.424,0.29089368
1554789002657,7.608,121.0,0.00567,0.424,0.29089368
1554789002703,7.654,121.0,0.00567,0.424,0.29089368
1554789002749,7.7,121.0,0.00567,0.424,0.29089368
1554789002811,7.762,121.1,0.00572,0.426,0.295086792
1554789002857,7.808,121.1,0.00572,0.426,0.295086792
1554789002903,7.854,121.1,0.00572,0.426,0.295086792
1554789002949,7.9,121.1,0.00572,0.426,0.295086792
1554789003010,7.961,121.1,0.00567,0.426,0.292507362
1554789003056,8.007,121.1,0.00567,0.426,0.292507362
1554789003102,8.053,121.1,0.00567,0.426,0.292507362
1554789003148,8.099,121.1,0.00567,0.426,0.292507362
1554789003210,8.161,121.1,0.00566,0.424,0.290620624
1554789003257,8.208,121.1,0.00566,0.424,0.290620624
1554789003303,8.254,121.1,0.00566,0.424,0.290620624
1554789003349,8.3,121.1,0.00566,0.424,0.290620624
1554789003410,8.361,121.1,0.00562,0.428,0.291289096
1554789003456,8.407,121.1,0.00562,0.428,0.291289096
1554789003502,8.453,121.1,0.00562,0.428,0.291289096
1554789003548,8.499,121.1,0.00562,0.428,0.291289096
1554789003610,8.561,121.1,0.00565,0.425,0.290791375
1554789003657,8.608,121.1,0.00565,0.425,0.290791375
1554789003703,8.654,121.1,0.00565,0.425,0.290791375
1554789003749,8.7,121.1,0.00565,0.425,0.290791375
1554789003810,8.761,121.1,0.00566,0.426,0.291991476
1554789003856,8.807,121.1,0.00566,0.426,0.291991476
1554789003902,8.853,121.1,0.00566,0.426,0.291991476
1554789003948,8.899,121.1,0.00566,0.426,0.291991476
1554789004010,8.961,121.1,0.00562,0.425,0.28924735
1554789004057,9.008,121.1,0.00562,0.425,0.28924735
1554789004103,9.054,121.1,0.00562,0.425,0.28924735
1554789004148,9.099,121.1,0.00562,0.425,0.28924735
1554789004211,9.162,121.1,0.00561,0.425,0.288732675
1554789004257,9.208,121.1,0.00561,0.425,0.288732675
1554789004303,9.254,121.1,0.00561,0.425,0.288732675
1554789004349,9.3,121.1,0.00561,0.425,0.288732675
1554789004410,9.361,121.1,0.00564,0.425,0.2902767
1554789004456,9.407,121.1,0.00564,0.425,0.2902767
1554789004503,9.454,121.1,0.00564,0.425,0.2902767
1554789004549,9.5,121.1,0.00564,0.425,0.2902767
1554789004610,9.561,121.1,0.00567,0.423,0.290447451
1554789004656,9.607,121.1,0.00567,0.423,0.290447451
1554789004702,9.653,121.1,0.00567,0.423,0.290447451
1554789004748,9.699,121.1,0.00567,0.423,0.290447451
1554789004810,9.761,121.1,0.00569,0.422,0.290782898
1554789004857,9.808,121.1,0.00569,0.422,0.290782898
1554789004902,9.853,121.1,0.00569,0.422,0.290782898
1554789004948,9.899,121.1,0.00569,0.422,0.290782898
1554789005010,9.961,121.1,0.00563,0.425,0.289762025
1554789005056,10.007,121.1,0.00563,0.425,0.289762025
1554789005102,10.053,121.1,0.00563,0.425,0.289762025
1554789005148,10.099,121.1,0.00563,0.425,0.289762025
1554789005210,10.161,121.1,0.00564,0.426,0.290959704
1554789005256,10.207,121.1,0.00564,0.426,0.290959704
1554789005302,10.253,121.1,0.00564,0.426,0.290959704
1554789005348,10.299,121.1,0.00564,0.426,0.290959704
1554789005411,10.362,121.1,0.00566,0.423,0.289935198
1554789005457,10.408,121.1,0.00566,0.423,0.289935198
1554789005503,10.454,121.1,0.00566,0.423,0.289935198
1554789005549,10.5,121.1,0.00566,0.423,0.289935198
1554789005610,10.561,121.1,0.0057,0.425,0.29336475
1554789005656,10.607,121.1,0.0057,0.425,0.29336475
1554789005702,10.653,121.1,0.0057,0.425,0.29336475
1554789005748,10.699,121.1,0.0057,0.425,0.29336475
1554789005811,10.762,121.1,0.0057,0.424,0.29267448
1554789005857,10.808,121.1,0.0057,0.424,0.29267448
1554789005903,10.854,121.1,0.0057,0.424,0.29267448
1554789005949,10.9,121.1,0.0057,0.424,0.29267448
1554789006010,10.961,121.1,0.0057,0.425,0.29336475
1554789006056,11.007,121.1,0.0057,0.425,0.29336475
1554789006102,11.053,121.1,0.0057,0.425,0.29336475
1554789006148,11.099,121.1,0.0057,0.425,0.29336475
1554789006210,11.161,121.0,0.00567,0.425,0.29157975
1554789006255,11.206,121.0,0.00567,0.425,0.29157975
1554789006302,11.253,121.0,0.00567,0.425,0.29157975
1554789006348,11.299,121.0,0.00567,0.425,0.29157975
1554789006410,11.361,121.0,0.00572,0.425,0.294151
1554789006456,11.407,121.0,0.00572,0.425,0.294151
1554789006503,11.454,121.0,0.00572,0.425,0.294151
1554789006549,11.5,121.0,0.00572,0.425,0.294151
1554789006610,11.561,121.0,0.00572,0.425,0.294151
1554789006656,11.607,121.0,0.00572,0.425,0.294151
1554789006702,11.653,121.0,0.00572,0.425,0.294151
1554789006748,11.699,121.0,0.00572,0.425,0.294151
1554789006810,11.761,121.1,0.00572,0.426,0.295086792
1554789006856,11.807,121.1,0.00572,0.426,0.295086792
1554789006903,11.854,121.1,0.00572,0.426,0.295086792
1554789006949,11.9,121.1,0.00572,0.426,0.295086792
1554789007010,11.961,121.1,0.00572,0.423,0.293008716
1554789007056,12.007,121.1,0.00572,0.423,0.293008716
1554789007102,12.053,121.1,0.00572,0.423,0.293008716
1554789007148,12.099,121.1,0.00572,0.423,0.293008716
1554789007210,12.161,121.1,0.00568,0.422,0.290271856
1554789007256,12.207,121.1,0.00568,0.422,0.290271856
1554789007303,12.254,121.1,0.00568,0.422,0.290271856
1554789007349,12.3,121.1,0.00568,0.422,0.290271856
1554789007410,12.361,121.1,0.00567,0.422,0.289760814
1554789007456,12.407,121.1,0.00567,0.422,0.289760814
1554789007503,12.454,121.1,0.00567,0.422,0.289760814
1554789007549,12.5,121.1,0.00567,0.422,0.289760814
1554789007610,12.561,121.0,0.00569,0.423,0.29123127
1554789007656,12.607,121.0,0.00569,0.423,0.29123127
1554789007702,12.653,121.0,0.00569,0.423,0.29123127
1554789007748,12.699,121.0,0.00569,0.423,0.29123127
1554789007809,12.761,121.1,0.00569,0.424,0.292161016
1554789007855,12.806,121.1,0.00569,0.424,0.292161016
1554789007902,12.853,121.1,0.00569,0.424,0.292161016
1554789007948,12.899,121.1,0.00569,0.424,0.292161016
1554789008010,12.961,121.1,0.00571,0.419,0.289730539
1554789008056,13.007,121.1,0.00571,0.419,0.289730539
1554789008102,13.053,121.1,0.00571,0.419,0.289730539
1554789008148,13.1,121.1,0.00571,0.419,0.289730539
1554789008210,13.161,121.1,0.00569,0.42,0.28940478
1554789008256,13.207,121.1,0.00569,0.42,0.28940478
1554789008302,13.253,121.1,0.00569,0.42,0.28940478
1554789008348,13.299,121.1,0.00569,0.42,0.28940478
1554789008410,13.361,121.1,0.00566,0.421,0.288564346
1554789008457,13.408,121.1,0.00566,0.421,0.288564346
1554789008503,13.454,121.1,0.00566,0.421,0.288564346
1554789008549,13.5,121.1,0.00566,0.421,0.288564346
1554789008610,13.561,121.1,0.00564,0.422,0.288227688
1554789008656,13.607,121.1,0.00564,0.422,0.288227688
1554789008702,13.653,121.1,0.00564,0.422,0.288227688
1554789008748,13.699,121.1,0.00564,0.422,0.288227688
1554789008809,13.76,121.1,0.00569,0.423,0.291471957
1554789008855,13.806,121.1,0.00569,0.423,0.291471957
1554789008901,13.852,121.1,0.00569,0.423,0.291471957
1554789008947,13.898,121.1,0.00569,0.423,0.291471957
1554789009010,13.961,121.1,0.00567,0.424,0.291134088
1554789009056,14.007,121.1,0.00567,0.424,0.291134088
1554789009102,14.053,121.1,0.00567,0.424,0.291134088
1554789009148,14.099,121.1,0.00567,0.424,0.291134088
1554789009209,14.16,121.1,0.00568,0.422,0.290271856
1554789009256,14.207,121.1,0.00568,0.422,0.290271856
1554789009302,14.253,121.1,0.00568,0.422,0.290271856
1554789009348,14.299,121.1,0.00568,0.422,0.290271856
1554789009409,14.36,121.0,0.00569,0.422,0.29054278
1554789009455,14.406,121.0,0.00569,0.422,0.29054278
1554789009501,14.452,121.0,0.00569,0.422,0.29054278
1554789009547,14.498,121.0,0.00569,0.422,0.29054278
1554789009610,14.561,121.0,0.0057,0.422,0.2910534
1554789009656,14.607,121.0,0.0057,0.422,0.2910534
1554789009702,14.653,121.0,0.0057,0.422,0.2910534
1554789009748,14.699,121.0,0.0057,0.422,0.2910534
1554789009809,14.76,121.0,0.00572,0.425,0.294151
1554789009855,14.806,121.0,0.00572,0.425,0.294151
1554789009901,14.852,121.0,0.00572,0.425,0.294151
1554789009947,14.898,121.0,0.00572,0.425,0.294151
1554789010010,14.961,121.0,0.00573,0.422,0.29258526
1554789010056,15.007,121.0,0.00573,0.422,0.29258526
1554789010102,15.053,121.0,0.00573,0.422,0.29258526
1554789010148,15.099,121.0,0.00573,0.422,0.29258526
1554789010210,15.161,121.0,0.00573,0.424,0.29397192
1554789010256,15.207,121.0,0.00573,0.424,0.29397192
1554789010302,15.253,121.0,0.00573,0.424,0.29397192
1554789010348,15.299,121.0,0.00573,0.424,0.29397192
1554789010409,15.36,121.0,0.00571,0.424,0.29294584
1554789010455,15.406,121.0,0.00571,0.424,0.29294584
1554789010501,15.452,121.0,0.00571,0.424,0.29294584
1554789010548,15.499,121.0,0.00571,0.424,0.29294584
1554789010610,15.561,121.0,0.0057,0.425,0.2931225
1554789010656,15.607,121.0,0.0057,0.425,0.2931225
1554789010702,15.653,121.0,0.0057,0.425,0.2931225
1554789010748,15.699,121.0,0.0057,0.425,0.2931225
1554789010809,15.76,121.0,0.00572,0.424,0.29345888
1554789010855,15.806,121.0,0.00572,0.424,0.29345888
1554789010902,15.853,121.0,0.00572,0.424,0.29345888
1554789010948,15.899,121.0,0.00572,0.424,0.29345888
1554789011010,15.961,121.1,0.00569,0.425,0.292850075
1554789011056,16.007,121.1,0.00569,0.425,0.292850075
1554789011102,16.053,121.1,0.00569,0.425,0.292850075
1554789011148,16.099,121.1,0.00569,0.425,0.292850075
1554789011209,16.16,121.1,0.00573,0.422,0.292827066
1554789011256,16.207,121.1,0.00573,0.422,0.292827066
1554789011301,16.252,121.1,0.00573,0.422,0.292827066
1554789011348,16.299,121.1,0.00573,0.422,0.292827066
1554789011409,16.36,121.1,0.00572,0.421,0.291623332
1554789011455,16.406,121.1,0.00572,0.421,0.291623332
1554789011501,16.452,121.1,0.00572,0.421,0.291623332
1554789011547,16.498,121.1,0.00572,0.421,0.291623332
1554789011609,16.56,121.1,0.00569,0.423,0.291471957
1554789011656,16.607,121.1,0.00569,0.423,0.291471957
1554789011702,16.653,121.1,0.00569,0.423,0.291471957
1554789011748,16.699,121.1,0.00569,0.423,0.291471957
1554789011809,16.76,121.1,0.00569,0.425,0.292850075
1554789011855,16.806,121.1,0.00569,0.425,0.292850075
1554789011901,16.852,121.1,0.00569,0.425,0.292850075
1554789011947,16.898,121.1,0.00569,0.425,0.292850075
1554789012010,16.961,121.1,0.00567,0.425,0.291820725
1554789012056,17.007,121.1,0.00567,0.425,0.291820725
1554789012102,17.053,121.1,0.00567,0.425,0.291820725
1554789012148,17.099,121.1,0.00567,0.425,0.291820725
1554789012210,17.161,121.1,0.00564,0.421,0.287544684
1554789012256,17.207,121.1,0.00564,0.421,0.287544684
1554789012302,17.253,121.1,0.00564,0.421,0.287544684
1554789012348,17.299,121.1,0.00564,0.421,0.287544684
1554789012409,17.36,121.1,0.00564,0.424,0.289593696
1554789012455,17.406,121.1,0.00564,0.424,0.289593696
1554789012501,17.452,121.1,0.00564,0.424,0.289593696
1554789012547,17.498,121.1,0.00564,0.424,0.289593696
1554789012610,17.561,121.1,0.0056,0.426,0.28889616
1554789012656,17.607,121.1,0.0056,0.426,0.28889616
1554789012702,17.653,121.1,0.0056,0.426,0.28889616
1554789012748,17.699,121.1,0.0056,0.426,0.28889616
1554789012809,17.76,121.1,0.00566,0.422,0.289249772
1554789012855,17.806,121.1,0.00566,0.422,0.289249772
1554789012901,17.852,121.1,0.00566,0.422,0.289249772
1554789012947,17.898,121.1,0.00566,0.422,0.289249772
1554789013009,17.96,121.1,0.00566,0.424,0.290620624
1554789013055,18.006,121.1,0.00566,0.424,0.290620624
1554789013102,18.053,121.1,0.00566,0.424,0.290620624
1554789013148,18.099,121.1,0.00566,0.424,0.290620624
1554789013209,18.16,121.1,0.00567,0.424,0.291134088
1554789013255,18.206,121.1,0.00567,0.424,0.291134088
1554789013301,18.252,121.1,0.00567,0.424,0.291134088
1554789013347,18.298,121.1,0.00567,0.424,0.291134088
1554789013409,18.36,121.0,0.0057,0.424,0.2924328
1554789013454,18.405,121.0,0.0057,0.424,0.2924328
1554789013501,18.452,121.0,0.0057,0.424,0.2924328
1554789013547,18.498,121.0,0.0057,0.424,0.2924328
1554789013609,18.56,121.0,0.00571,0.422,0.29156402
1554789013656,18.607,121.0,0.00571,0.422,0.29156402
1554789013701,18.652,121.0,0.00571,0.422,0.29156402
1554789013748,18.699,121.0,0.00571,0.422,0.29156402
1554789013810,18.761,121.0,0.00573,0.425,0.29466525
1554789013856,18.807,121.0,0.00573,0.425,0.29466525
1554789013902,18.853,121.0,0.00573,0.425,0.29466525
1554789013948,18.899,121.0,0.00573,0.425,0.29466525
1554789014010,18.961,121.0,0.00574,0.424,0.29448496
1554789014057,19.008,121.0,0.00574,0.424,0.29448496
1554789014103,19.054,121.0,0.00574,0.424,0.29448496
1554789014149,19.1,121.0,0.00574,0.424,0.29448496
1554789014210,19.161,121.0,0.00576,0.421,0.29342016
1554789014256,19.207,121.0,0.00576,0.421,0.29342016
1554789014303,19.254,121.0,0.00576,0.421,0.29342016
1554789014349,19.3,121.0,0.00576,0.421,0.29342016
1554789014410,19.361,121.0,0.00576,0.422,0.29411712
1554789014456,19.407,121.0,0.00576,0.422,0.29411712
1554789014503,19.454,121.0,0.00576,0.422,0.29411712
1554789014549,19.5,121.0,0.00576,0.422,0.29411712
1554789014610,19.561,121.0,0.00572,0.423,0.29276676
1554789014656,19.607,121.0,0.00572,0.423,0.29276676
1554789014702,19.653,121.0,0.00572,0.423,0.29276676
1554789014748,19.699,121.0,0.00572,0.423,0.29276676
1554789014809,19.76,121.0,0.00573,0.426,0.29535858
1554789014855,19.806,121.0,0.00573,0.426,0.29535858
1554789014901,19.852,121.0,0.00573,0.426,0.29535858
1554789014947,19.898,121.0,0.00573,0.426,0.29535858
1554789015010,19.961,121.1,0.00569,0.425,0.292850075
1554789015056,20.007,121.1,0.00569,0.425,0.292850075
1554789015102,20.053,121.1,0.00569,0.425,0.292850075
1554789015148,20.099,121.1,0.00569,0.425,0.292850075
1554789015209,20.16,121.1,0.00569,0.423,0.291471957
1554789015255,20.206,121.1,0.00569,0.423,0.291471957
1554789015301,20.252,121.1,0.00569,0.423,0.291471957
1554789015347,20.298,121.1,0.00569,0.423,0.291471957
1554789015409,20.36,121.1,0.00568,0.421,0.289584008
1554789015455,20.406,121.1,0.00568,0.421,0.289584008
1554789015501,20.452,121.1,0.00568,0.421,0.289584008
1554789015547,20.498,121.1,0.00568,0.421,0.289584008
1554789015610,20.561,121.1,0.00566,0.422,0.289249772
1554789015656,20.607,121.1,0.00566,0.422,0.289249772
1554789015702,20.653,121.1,0.00566,0.422,0.289249772
1554789015748,20.699,121.1,0.00566,0.422,0.289249772
1554789015809,20.76,121.1,0.00568,0.424,0.291647552
1554789015855,20.806,121.1,0.00568,0.424,0.291647552
1554789015902,20.853,121.1,0.00568,0.424,0.291647552
1554789015948,20.899,121.1,0.00568,0.424,0.291647552
1554789016009,20.96,121.1,0.00565,0.424,0.29010716
1554789016055,21.006,121.1,0.00565,0.424,0.29010716
1554789016101,21.052,121.1,0.00565,0.424,0.29010716
1554789016147,21.098,121.1,0.00565,0.424,0.29010716
1554789016209,21.16,121.1,0.00562,0.423,0.287886186
1554789016255,21.206,121.1,0.00562,0.423,0.287886186
1554789016301,21.252,121.1,0.00562,0.423,0.287886186
1554789016347,21.298,121.1,0.00562,0.423,0.287886186
1554789016408,21.359,121.1,0.00561,0.423,0.287373933
1554789016454,21.405,121.1,0.00561,0.423,0.287373933
1554789016501,21.452,121.1,0.00561,0.423,0.287373933
1554789016547,21.498,121.1,0.00561,0.423,0.287373933
1554789016609,21.56,121.0,0.0056,0.424,0.2873024
1554789016655,21.606,121.0,0.0056,0.424,0.2873024
1554789016701,21.652,121.0,0.0056,0.424,0.2873024
1554789016747,21.698,121.0,0.0056,0.424,0.2873024
1554789016809,21.76,121.0,0.00566,0.425,0.2910655
1554789016855,21.806,121.0,0.00566,0.425,0.2910655
1554789016900,21.851,121.0,0.00566,0.425,0.2910655
1554789016947,21.898,121.0,0.00566,0.425,0.2910655
1554789017009,21.96,121.0,0.0057,0.422,0.2910534
1554789017055,22.006,121.0,0.0057,0.422,0.2910534
1554789017102,22.053,121.0,0.0057,0.422,0.2910534
1554789017148,22.099,121.0,0.0057,0.422,0.2910534
1554789017209,22.16,121.0,0.00569,0.421,0.28985429
1554789017255,22.206,121.0,0.00569,0.421,0.28985429
1554789017301,22.252,121.0,0.00569,0.421,0.28985429
1554789017347,22.298,121.0,0.00569,0.421,0.28985429
1554789017409,22.36,121.0,0.00569,0.42,0.2891658
1554789017456,22.407,121.0,0.00569,0.42,0.2891658
1554789017502,22.453,121.0,0.00569,0.42,0.2891658
1554789017548,22.499,121.0,0.00569,0.42,0.2891658
1554789017609,22.56,121.0,0.00567,0.426,0.29226582
1554789017655,22.606,121.0,0.00567,0.426,0.29226582
1554789017702,22.653,121.0,0.00567,0.426,0.29226582
1554789017748,22.699,121.0,0.00567,0.426,0.29226582
1554789017809,22.76,121.0,0.0057,0.424,0.2924328
1554789017855,22.806,121.0,0.0057,0.424,0.2924328
1554789017901,22.852,121.0,0.0057,0.424,0.2924328
1554789017947,22.898,121.0,0.0057,0.424,0.2924328
1554789018008,22.959,121.0,0.00571,0.427,0.29501857
1554789018054,23.005,121.0,0.00571,0.427,0.29501857
1554789018100,23.051,121.0,0.00571,0.427,0.29501857
1554789018147,23.098,121.0,0.00571,0.427,0.29501857
1554789018209,23.16,121.1,0.00571,0.427,0.295262387
1554789018255,23.206,121.1,0.00571,0.427,0.295262387
1554789018301,23.253,121.1,0.00571,0.427,0.295262387
1554789018347,23.298,121.1,0.00571,0.427,0.295262387
1554789018408,23.359,121.0,0.00569,0.423,0.29123127
1554789018454,23.405,121.0,0.00569,0.423,0.29123127
1554789018501,23.452,121.0,0.00569,0.423,0.29123127
1554789018547,23.498,121.0,0.00569,0.423,0.29123127
1554789018608,23.559,121.0,0.00568,0.424,0.29140672
1554789018654,23.605,121.0,0.00568,0.424,0.29140672
1554789018700,23.651,121.0,0.00568,0.424,0.29140672
1554789018746,23.697,121.0,0.00568,0.424,0.29140672
1554789018809,23.76,121.0,0.00572,0.424,0.29345888
1554789018855,23.806,121.0,0.00572,0.424,0.29345888
1554789018901,23.852,121.0,0.00572,0.424,0.29345888
1554789018947,23.898,121.0,0.00572,0.424,0.29345888
1554789019008,23.959,121.1,0.00568,0.422,0.290271856
1554789019054,24.005,121.1,0.00568,0.422,0.290271856
1554789019100,24.051,121.1,0.00568,0.422,0.290271856
1554789019146,24.097,121.1,0.00568,0.422,0.290271856
1554789019209,24.16,121.1,0.00567,0.424,0.291134088
1554789019255,24.206,121.1,0.00567,0.424,0.291134088
1554789019301,24.252,121.1,0.00567,0.424,0.291134088
1554789019347,24.298,121.1,0.00567,0.424,0.291134088
1554789019408,24.359,121.1,0.00566,0.424,0.290620624
1554789019454,24.405,121.1,0.00566,0.424,0.290620624
1554789019500,24.451,121.1,0.00566,0.424,0.290620624
1554789019546,24.497,121.1,0.00566,0.424,0.290620624
1554789019608,24.559,121.1,0.00565,0.423,0.289422945
1554789019655,24.606,121.1,0.00565,0.423,0.289422945
1554789019701,24.652,121.1,0.00565,0.423,0.289422945
1554789019747,24.698,121.1,0.00565,0.423,0.289422945
1554789019808,24.759,121.1,0.0057,0.421,0.29060367
1554789019854,24.805,121.1,0.0057,0.421,0.29060367
1554789019900,24.851,121.1,0.0057,0.421,0.29060367
1554789019946,24.897,121.1,0.0057,0.421,0.29060367
1554789020009,24.96,121.1,0.00569,0.422,0.290782898
1554789020055,25.006,121.1,0.00569,0.422,0.290782898
1554789020101,25.052,121.1,0.00569,0.422,0.290782898
1554789020147,25.098,121.1,0.00569,0.422,0.290782898
1554789020208,25.159,121.1,0.00562,0.423,0.287886186
1554789020254,25.205,121.1,0.00562,0.423,0.287886186
1554789020300,25.251,121.1,0.00562,0.423,0.287886186
1554789020346,25.297,121.1,0.00562,0.423,0.287886186
1554789020409,25.36,121.1,0.00557,0.425,0.286673975
1554789020455,25.406,121.1,0.00557,0.425,0.286673975
1554789020501,25.452,121.1,0.00557,0.425,0.286673975
1554789020547,25.498,121.1,0.00557,0.425,0.286673975
1554789020608,25.559,121.1,0.00559,0.426,0.288380274
1554789020654,25.605,121.1,0.00559,0.426,0.288380274
1554789020700,25.651,121.1,0.00559,0.426,0.288380274
1554789020747,25.698,121.1,0.00559,0.426,0.288380274
1554789020809,25.76,121.1,0.00564,0.425,0.2902767
1554789020855,25.806,121.1,0.00564,0.425,0.2902767
1554789020901,25.852,121.1,0.00564,0.425,0.2902767
1554789020947,25.898,121.1,0.00564,0.425,0.2902767
1554789021008,25.959,121.1,0.00566,0.424,0.290620624
1554789021055,26.006,121.1,0.00566,0.424,0.290620624
1554789021101,26.052,121.1,0.00566,0.424,0.290620624
1554789021147,26.098,121.1,0.00566,0.424,0.290620624
1554789021208,26.159,121.1,0.00565,0.423,0.289422945
1554789021254,26.205,121.1,0.00565,0.423,0.289422945
1554789021300,26.251,121.1,0.00565,0.423,0.289422945
1554789021346,26.297,121.1,0.00565,0.423,0.289422945
1554789021409,26.36,121.1,0.00566,0.426,0.291991476
1554789021455,26.406,121.1,0.00566,0.426,0.291991476
1554789021501,26.452,121.1,0.00566,0.426,0.291991476
1554789021547,26.498,121.1,0.00566,0.426,0.291991476
1554789021608,26.559,121.1,0.00562,0.427,0.290608514
1554789021655,26.606,121.1,0.00562,0.427,0.290608514
1554789021701,26.652,121.1,0.00562,0.427,0.290608514
1554789021747,26.698,121.1,0.00562,0.427,0.290608514
1554789021808,26.759,121.0,0.00567,0.426,0.29226582
1554789021854,26.805,121.0,0.00567,0.426,0.29226582
1554789021900,26.851,121.0,0.00567,0.426,0.29226582
1554789021946,26.897,121.0,0.00567,0.426,0.29226582
1554789022008,26.959,121.0,0.0057,0.427,0.2945019
1554789022055,27.006,121.0,0.0057,0.427,0.2945019
1554789022101,27.052,121.0,0.0057,0.427,0.2945019
1554789022147,27.098,121.0,0.0057,0.427,0.2945019
1554789022208,27.159,121.0,0.00571,0.422,0.29156402
1554789022254,27.205,121.0,0.00571,0.422,0.29156402
1554789022300,27.251,121.0,0.00571,0.422,0.29156402
1554789022347,27.298,121.0,0.00571,0.422,0.29156402
1554789022409,27.36,121.0,0.0057,0.423,0.2917431
1554789022455,27.406,121.0,0.0057,0.423,0.2917431
1554789022501,27.452,121.0,0.0057,0.423,0.2917431
1554789022547,27.498,121.0,0.0057,0.423,0.2917431
1554789022608,27.559,121.0,0.00574,0.424,0.29448496
1554789022654,27.605,121.0,0.00574,0.424,0.29448496
1554789022701,27.652,121.0,0.00574,0.424,0.29448496
1554789022747,27.698,121.0,0.00574,0.424,0.29448496
1554789022808,27.759,121.0,0.00571,0.423,0.29225493
1554789022854,27.805,121.0,0.00571,0.423,0.29225493
1554789022900,27.851,121.0,0.00571,0.423,0.29225493
1554789022946,27.897,121.0,0.00571,0.423,0.29225493
1554789023008,27.959,121.0,0.00567,0.427,0.29295189
1554789023054,28.005,121.0,0.00567,0.427,0.29295189
1554789023101,28.052,121.0,0.00567,0.427,0.29295189
1554789023147,28.098,121.0,0.00567,0.427,0.29295189
1554789023208,28.159,121.0,0.00569,0.423,0.29123127
1554789023254,28.205,121.0,0.00569,0.423,0.29123127
1554789023300,28.251,121.0,0.00569,0.423,0.29123127
1554789023346,28.297,121.0,0.00569,0.423,0.29123127
1554789023408,28.359,121.0,0.00564,0.425,0.290037
1554789023454,28.405,121.0,0.00564,0.425,0.290037
1554789023500,28.451,121.0,0.00564,0.425,0.290037
1554789023547,28.498,121.0,0.00564,0.425,0.290037
1554789023608,28.559,121.0,0.00562,0.423,0.28764846
1554789023654,28.605,121.0,0.00562,0.423,0.28764846
1554789023700,28.651,121.0,0.00562,0.423,0.28764846
1554789023746,28.697,121.0,0.00562,0.423,0.28764846
1554789023808,28.759,121.1,0.00568,0.425,0.2923354
1554789023854,28.805,121.1,0.00568,0.425,0.2923354
1554789023900,28.851,121.1,0.00568,0.425,0.2923354
1554789023947,28.898,121.1,0.00568,0.425,0.2923354
1554789024008,28.959,121.1,0.00567,0.422,0.289760814
1554789024053,29.005,121.1,0.00567,0.422,0.289760814
1554789024100,29.051,121.1,0.00567,0.422,0.289760814
1554789024146,29.097,121.1,0.00567,0.422,0.289760814
1554789024208,29.159,121.1,0.00567,0.421,0.289074177
1554789024254,29.205,121.1,0.00567,0.421,0.289074177
1554789024301,29.252,121.1,0.00567,0.421,0.289074177
1554789024347,29.298,121.1,0.00567,0.421,0.289074177
1554789024408,29.359,121.2,0.00565,0.422,0.28897716
1554789024454,29.405,121.2,0.00565,0.422,0.28897716
1554789024501,29.452,121.2,0.00565,0.422,0.28897716
1554789024548,29.499,121.2,0.00565,0.422,0.28897716
1554789024609,29.56,121.1,0.00566,0.42,0.28787892
1554789024655,29.606,121.1,0.00566,0.42,0.28787892
1554789024701,29.652,121.1,0.00566,0.42,0.28787892
1554789024747,29.698,121.1,0.00566,0.42,0.28787892
1554789024808,29.759,121.1,0.00564,0.423,0.288910692
1554789024854,29.805,121.1,0.00564,0.423,0.288910692
1554789024901,29.852,121.1,0.00564,0.423,0.288910692
1554789024947,29.898,121.1,0.00564,0.423,0.288910692
1554789025008,29.959,121.1,0.00569,0.423,0.291471957
1554789025054,30.005,121.1,0.00569,0.423,0.291471957
1554789025100,30.051,121.1,0.00569,0.423,0.291471957
1554789025146,30.097,121.1,0.00569,0.423,0.291471957
1554789025208,30.159,121.1,0.00571,0.421,0.291113501
1554789025254,30.205,121.1,0.00571,0.421,0.291113501
1554789025300,30.251,121.1,0.00571,0.421,0.291113501
1554789025346,30.297,121.1,0.00571,0.421,0.291113501
1554789025408,30.359,121.1,0.00568,0.422,0.290271856
1554789025454,30.405,121.1,0.00568,0.422,0.290271856
1554789025500,30.451,121.1,0.00568,0.422,0.290271856
1554789025546,30.497,121.1,0.00568,0.422,0.290271856
1554789025608,30.56,121.1,0.00567,0.421,0.289074177
1554789025654,30.605,121.1,0.00567,0.421,0.289074177
1554789025700,30.652,121.1,0.00567,0.421,0.289074177
1554789025746,30.698,121.1,0.00567,0.421,0.289074177
1554789025808,30.759,121.0,0.00566,0.424,0.29038064
1554789025852,30.803,121.0,0.00566,0.424,0.29038064
1554789025897,30.848,121.0,0.00566,0.424,0.29038064
1554789025943,30.894,121.0,0.00566,0.424,0.29038064
1554789026008,30.959,121.0,0.00571,0.425,0.29363675
1554789026054,31.005,121.0,0.00571,0.425,0.29363675
1554789026100,31.051,121.0,0.00571,0.425,0.29363675
1554789026145,31.096,121.0,0.00571,0.425,0.29363675
1554789026207,31.158,121.1,0.00573,0.423,0.293520969
1554789026252,31.203,121.1,0.00573,0.423,0.293520969
1554789026298,31.249,121.1,0.00573,0.423,0.293520969
1554789026343,31.294,121.1,0.00573,0.423,0.293520969
1554789026408,31.359,121.0,0.00572,0.423,0.29276676
1554789026453,31.404,121.0,0.00572,0.423,0.29276676
1554789026499,31.45,121.0,0.00572,0.423,0.29276676
1554789026545,31.496,121.0,0.00572,0.423,0.29276676
1554789026607,31.558,121.0,0.0057,0.424,0.2924328
1554789026653,31.604,121.0,0.0057,0.424,0.2924328
1554789026699,31.651,121.0,0.0057,0.424,0.2924328
1554789026745,31.696,121.0,0.0057,0.424,0.2924328
1554789026808,31.759,121.0,0.00574,0.423,0.29379042
1554789026854,31.805,121.0,0.00574,0.423,0.29379042
1554789026900,31.851,121.0,0.00574,0.423,0.29379042
1554789026946,31.897,121.0,0.00574,0.423,0.29379042
1554789027008,31.959,121.0,0.0057,0.425,0.2931225
1554789027055,32.006,121.0,0.0057,0.425,0.2931225
1554789027101,32.052,121.0,0.0057,0.425,0.2931225
1554789027147,32.098,121.0,0.0057,0.425,0.2931225
1554789027208,32.159,121.0,0.0057,0.425,0.2931225
1554789027254,32.205,121.0,0.0057,0.425,0.2931225
1554789027301,32.252,121.0,0.0057,0.425,0.2931225
1554789027347,32.298,121.0,0.0057,0.425,0.2931225
1554789027408,32.359,121.0,0.00567,0.426,0.29226582
1554789027454,32.405,121.0,0.00567,0.426,0.29226582
1554789027500,32.451,121.0,0.00567,0.426,0.29226582
1554789027546,32.497,121.0,0.00567,0.426,0.29226582
1554789027607,32.558,121.0,0.00566,0.424,0.29038064
1554789027653,32.604,121.0,0.00566,0.424,0.29038064
1554789027700,32.651,121.0,0.00566,0.424,0.29038064
1554789027746,32.697,121.0,0.00566,0.424,0.29038064
1554789027808,32.759,121.0,0.00566,0.422,0.28901092
1554789027854,32.805,121.0,0.00566,0.422,0.28901092
1554789027900,32.851,121.0,0.00566,0.422,0.28901092
1554789027946,32.897,121.0,0.00566,0.422,0.28901092
1554789028007,32.958,121.1,0.0057,0.423,0.29198421
1554789028054,33.005,121.1,0.0057,0.423,0.29198421
1554789028100,33.051,121.1,0.0057,0.423,0.29198421
1554789028146,33.097,121.1,0.0057,0.423,0.29198421
1554789028208,33.159,121.1,0.00566,0.421,0.288564346
1554789028254,33.205,121.1,0.00566,0.421,0.288564346
1554789028300,33.251,121.1,0.00566,0.421,0.288564346
1554789028346,33.297,121.1,0.00566,0.421,0.288564346
1554789028407,33.358,121.1,0.00562,0.425,0.28924735
1554789028453,33.404,121.1,0.00562,0.425,0.28924735
1554789028500,33.451,121.1,0.00562,0.425,0.28924735
1554789028546,33.497,121.1,0.00562,0.425,0.28924735
1554789028608,33.559,121.1,0.0056,0.426,0.28889616
1554789028654,33.605,121.1,0.0056,0.426,0.28889616
1554789028700,33.651,121.1,0.0056,0.426,0.28889616
1554789028747,33.698,121.1,0.0056,0.426,0.28889616
1554789028808,33.759,121.1,0.00562,0.422,0.287205604
1554789028854,33.805,121.1,0.00562,0.422,0.287205604
1554789028900,33.851,121.1,0.00562,0.422,0.287205604
1554789028946,33.897,121.1,0.00562,0.422,0.287205604
1554789029007,33.958,121.1,0.00566,0.426,0.291991476
1554789029053,34.004,121.1,0.00566,0.426,0.291991476
1554789029099,34.05,121.1,0.00566,0.426,0.291991476
1554789029145,34.096,121.1,0.00566,0.426,0.291991476
1554789029208,34.159,121.1,0.00568,0.424,0.291647552
1554789029254,34.205,121.1,0.00568,0.424,0.291647552
1554789029300,34.251,121.1,0.00568,0.424,0.291647552
1554789029346,34.297,121.1,0.00568,0.424,0.291647552
1554789029407,34.358,121.1,0.00563,0.424,0.289080232
1554789029454,34.405,121.1,0.00563,0.424,0.289080232
1554789029500,34.451,121.1,0.00563,0.424,0.289080232
1554789029546,34.497,121.1,0.00563,0.424,0.289080232
1554789029607,34.558,121.1,0.00566,0.426,0.291991476
1554789029653,34.604,121.1,0.00566,0.426,0.291991476
1554789029699,34.65,121.1,0.00566,0.426,0.291991476
1554789029745,34.696,121.1,0.00566,0.426,0.291991476
1554789029808,34.759,121.0,0.00569,0.422,0.29054278
1554789029854,34.805,121.0,0.00569,0.422,0.29054278
1554789029900,34.851,121.0,0.00569,0.422,0.29054278
1554789029946,34.897,121.0,0.00569,0.422,0.29054278
1554789030008,34.959,121.1,0.00574,0.42,0.29194788
1554789030053,35.004,121.1,0.00574,0.42,0.29194788
1554789030100,35.051,121.1,0.00574,0.42,0.29194788
1554789030146,35.097,121.1,0.00574,0.42,0.29194788
1554789030207,35.158,121.1,0.00573,0.424,0.294214872
1554789030253,35.204,121.1,0.00573,0.424,0.294214872
1554789030299,35.25,121.1,0.00573,0.424,0.294214872
1554789030345,35.296,121.1,0.00573,0.424,0.294214872
1554789030407,35.358,121.1,0.00572,0.424,0.293701408
1554789030454,35.405,121.1,0.00572,0.424,0.293701408
1554789030500,35.451,121.1,0.00572,0.424,0.293701408
1554789030546,35.497,121.1,0.00572,0.424,0.293701408
1554789030607,35.558,121.1,0.00572,0.419,0.290237948
1554789030653,35.604,121.1,0.00572,0.419,0.290237948
1554789030699,35.65,121.1,0.00572,0.419,0.290237948
1554789030745,35.696,121.1,0.00572,0.419,0.290237948
1554789030808,35.759,121.0,0.00577,0.419,0.29253323
1554789030854,35.805,121.0,0.00577,0.419,0.29253323
1554789030900,35.851,121.0,0.00577,0.419,0.29253323
1554789030946,35.897,121.0,0.00577,0.419,0.29253323
1554789031007,35.958,121.0,0.00573,0.42,0.2911986
1554789031053,36.004,121.0,0.00573,0.42,0.2911986
1554789031099,36.051,121.0,0.00573,0.42,0.2911986
1554789031146,36.097,121.0,0.00573,0.42,0.2911986
1554789031208,36.159,121.0,0.0057,0.419,0.2889843
1554789031254,36.205,121.0,0.0057,0.419,0.2889843
1554789031300,36.251,121.0,0.0057,0.419,0.2889843
1554789031346,36.297,121.0,0.0057,0.419,0.2889843
1554789031407,36.358,121.0,0.00571,0.422,0.29156402
1554789031454,36.405,121.0,0.00571,0.422,0.29156402
1554789031500,36.451,121.0,0.00571,0.422,0.29156402
1554789031546,36.497,121.0,0.00571,0.422,0.29156402
1554789031607,36.558,121.0,0.00569,0.421,0.28985429
1554789031654,36.605,121.0,0.00569,0.421,0.28985429
1554789031700,36.651,121.0,0.00569,0.421,0.28985429
1554789031746,36.697,121.0,0.00569,0.421,0.28985429
1554789031807,36.758,121.0,0.00568,0.421,0.28934488
1554789031853,36.804,121.0,0.00568,0.421,0.28934488
1554789031900,36.851,121.0,0.00568,0.421,0.28934488
1554789031946,36.897,121.0,0.00568,0.421,0.28934488
1554789032007,36.958,121.0,0.00569,0.42,0.2891658
1554789032053,37.004,121.0,0.00569,0.42,0.2891658
1554789032099,37.05,121.0,0.00569,0.42,0.2891658
1554789032145,37.096,121.0,0.00569,0.42,0.2891658
1554789032208,37.159,121.0,0.00565,0.422,0.2885003
1554789032254,37.205,121.0,0.00565,0.422,0.2885003
1554789032300,37.251,121.0,0.00565,0.422,0.2885003
1554789032346,37.297,121.0,0.00565,0.422,0.2885003
1554789032407,37.358,121.0,0.00563,0.425,0.28952275
1554789032454,37.405,121.0,0.00563,0.425,0.28952275
1554789032500,37.451,121.0,0.00563,0.425,0.28952275
1554789032546,37.497,121.0,0.00563,0.425,0.28952275
1554789032607,37.558,121.0,0.00564,0.424,0.28935456
1554789032653,37.604,121.0,0.00564,0.424,0.28935456
1554789032699,37.65,121.0,0.00564,0.424,0.28935456
1554789032745,37.696,121.0,0.00564,0.424,0.28935456
1554789032808,37.759,121.0,0.00563,0.424,0.28884152
1554789032854,37.805,121.0,0.00563,0.424,0.28884152
1554789032900,37.851,121.0,0.00563,0.424,0.28884152
1554789032946,37.897,121.0,0.00563,0.424,0.28884152
1554789033007,37.958,121.0,0.00566,0.425,0.2910655
1554789033053,38.004,121.0,0.00566,0.425,0.2910655
1554789033099,38.05,121.0,0.00566,0.425,0.2910655
1554789033145,38.096,121.0,0.00566,0.425,0.2910655
1554789033208,38.159,121.1,0.00566,0.426,0.291991476
1554789033254,38.205,121.1,0.00566,0.426,0.291991476
1554789033300,38.251,121.1,0.00566,0.426,0.291991476
1554789033346,38.297,121.1,0.00566,0.426,0.291991476
1554789033407,38.358,121.1,0.00566,0.423,0.289935198
1554789033453,38.404,121.1,0.00566,0.423,0.289935198
1554789033499,38.45,121.1,0.00566,0.423,0.289935198
1554789033546,38.497,121.1,0.00566,0.423,0.289935198
1554789033607,38.558,121.1,0.00573,0.421,0.292133163
1554789033652,38.604,121.1,0.00573,0.421,0.292133163
1554789033699,38.65,121.1,0.00573,0.421,0.292133163
1554789033745,38.696,121.1,0.00573,0.421,0.292133163
1554789033807,38.758,121.1,0.00571,0.422,0.291804982
1554789033853,38.804,121.1,0.00571,0.422,0.291804982
1554789033900,38.851,121.1,0.00571,0.422,0.291804982
1554789033947,38.898,121.1,0.00571,0.422,0.291804982
1554789034007,38.958,121.1,0.00568,0.424,0.291647552
1554789034052,39.004,121.1,0.00568,0.424,0.291647552
1554789034098,39.049,121.1,0.00568,0.424,0.291647552
1554789034145,39.096,121.1,0.00568,0.424,0.291647552
1554789034207,39.158,121.1,0.00571,0.425,0.293879425
1554789034253,39.204,121.1,0.00571,0.425,0.293879425
1554789034299,39.25,121.1,0.00571,0.425,0.293879425
1554789034345,39.296,121.1,0.00571,0.425,0.293879425
1554789034407,39.358,121.1,0.0057,0.425,0.29336475
1554789034454,39.405,121.1,0.0057,0.425,0.29336475
1554789034500,39.451,121.1,0.0057,0.425,0.29336475
1554789034546,39.497,121.1,0.0057,0.425,0.29336475
1554789034607,39.558,121.1,0.00568,0.425,0.2923354
1554789034653,39.604,121.1,0.00568,0.425,0.2923354
1554789034699,39.65,121.1,0.00568,0.425,0.2923354
1554789034745,39.696,121.1,0.00568,0.425,0.2923354
1554789034807,39.758,121.1,0.00567,0.426,0.292507362
1554789034854,39.805,121.1,0.00567,0.426,0.292507362
1554789034900,39.851,121.1,0.00567,0.426,0.292507362
1554789034946,39.897,121.1,0.00567,0.426,0.292507362
1554789035007,39.958,121.0,0.00564,0.427,0.29140188
1554789035053,40.004,121.0,0.00564,0.427,0.29140188
1554789035099,40.051,121.0,0.00564,0.427,0.29140188
1554789035145,40.097,121.0,0.00564,0.427,0.29140188
1554789035207,40.158,121.1,0.00564,0.426,0.290959704
1554789035252,40.204,121.1,0.00564,0.426,0.290959704
1554789035298,40.25,121.1,0.00564,0.426,0.290959704
1554789035344,40.296,121.1,0.00564,0.426,0.290959704
1554789035407,40.358,121.1,0.00565,0.424,0.29010716
1554789035453,40.404,121.1,0.00565,0.424,0.29010716
1554789035499,40.45,121.1,0.00565,0.424,0.29010716
1554789035545,40.496,121.1,0.00565,0.424,0.29010716
1554789035606,40.557,121.0,0.00563,0.423,0.28816029
1554789035652,40.603,121.0,0.00563,0.423,0.28816029
1554789035699,40.65,121.0,0.00563,0.423,0.28816029
1554789035745,40.696,121.0,0.00563,0.423,0.28816029
1554789035807,40.758,121.0,0.00564,0.424,0.28935456
1554789035853,40.804,121.0,0.00564,0.424,0.28935456
1554789035899,40.85,121.0,0.00564,0.424,0.28935456
1554789035945,40.896,121.0,0.00564,0.424,0.28935456
1554789036006,40.957,121.0,0.00563,0.423,0.28816029
1554789036052,41.003,121.0,0.00563,0.423,0.28816029
1554789036098,41.049,121.0,0.00563,0.423,0.28816029
1554789036145,41.096,121.0,0.00563,0.423,0.28816029
1554789036207,41.158,121.0,0.00563,0.422,0.28747906
1554789036253,41.204,121.0,0.00563,0.422,0.28747906
1554789036299,41.25,121.0,0.00563,0.422,0.28747906
1554789036345,41.296,121.0,0.00563,0.422,0.28747906
1554789036407,41.358,121.0,0.00566,0.422,0.28901092
1554789036453,41.404,121.0,0.00566,0.422,0.28901092
1554789036499,41.45,121.0,0.00566,0.422,0.28901092
1554789036545,41.496,121.0,0.00566,0.422,0.28901092
1554789036607,41.558,121.0,0.00565,0.422,0.2885003
1554789036654,41.605,121.0,0.00565,0.422,0.2885003
1554789036700,41.651,121.0,0.00565,0.422,0.2885003
1554789036746,41.697,121.0,0.00565,0.422,0.2885003
1554789036807,41.758,121.0,0.00562,0.421,0.28628842
1554789036853,41.804,121.0,0.00562,0.421,0.28628842
1554789036899,41.85,121.0,0.00562,0.421,0.28628842
1554789036945,41.897,121.0,0.00562,0.421,0.28628842
1554789037007,41.958,121.0,0.00562,0.421,0.28628842
1554789037053,42.004,121.0,0.00562,0.421,0.28628842
1554789037099,42.05,121.0,0.00562,0.421,0.28628842
1554789037145,42.096,121.0,0.00562,0.421,0.28628842
1554789037207,42.158,121.0,0.00569,0.425,0.29260825
1554789037253,42.204,121.0,0.00569,0.425,0.29260825
1554789037300,42.251,121.0,0.00569,0.425,0.29260825
1554789037346,42.297,121.0,0.00569,0.425,0.29260825
1554789037407,42.358,121.1,0.00566,0.424,0.290620624
1554789037453,42.404,121.1,0.00566,0.424,0.290620624
1554789037499,42.45,121.1,0.00566,0.424,0.290620624
1554789037545,42.497,121.1,0.00566,0.424,0.290620624
1554789037607,42.558,121.1,0.00566,0.426,0.291991476
1554789037653,42.604,121.1,0.00566,0.426,0.291991476
1554789037699,42.65,121.1,0.00566,0.426,0.291991476
1554789037745,42.696,121.1,0.00566,0.426,0.291991476
1554789037806,42.757,121.1,0.00569,0.424,0.292161016
1554789037852,42.803,121.1,0.00569,0.424,0.292161016
1554789037898,42.85,121.1,0.00569,0.424,0.292161016
1554789037945,42.896,121.1,0.00569,0.424,0.292161016
1554789038007,42.958,121.1,0.00568,0.425,0.2923354
1554789038053,43.004,121.1,0.00568,0.425,0.2923354
1554789038099,43.05,121.1,0.00568,0.425,0.2923354
1554789038145,43.096,121.1,0.00568,0.425,0.2923354
1554789038206,43.157,121.1,0.00569,0.426,0.293539134
1554789038253,43.204,121.1,0.00569,0.426,0.293539134
1554789038299,43.25,121.1,0.00569,0.426,0.293539134
1554789038345,43.296,121.1,0.00569,0.426,0.293539134
1554789038406,43.357,121.1,0.00571,0.425,0.293879425
1554789038452,43.403,121.1,0.00571,0.425,0.293879425
1554789038498,43.449,121.1,0.00571,0.425,0.293879425
1554789038544,43.495,121.1,0.00571,0.425,0.293879425
1554789038606,43.557,121.1,0.00568,0.424,0.291647552
1554789038653,43.604,121.1,0.00568,0.424,0.291647552
1554789038699,43.65,121.1,0.00568,0.424,0.291647552
1554789038745,43.696,121.1,0.00568,0.424,0.291647552
1554789038807,43.758,121.1,0.00569,0.422,0.290782898
1554789038853,43.804,121.1,0.00569,0.422,0.290782898
1554789038899,43.85,121.1,0.00569,0.422,0.290782898
1554789038945,43.896,121.1,0.00569,0.422,0.290782898
1554789039006,43.957,121.1,0.00566,0.425,0.29130605
1554789039053,44.004,121.1,0.00566,0.425,0.29130605
1554789039099,44.05,121.1,0.00566,0.425,0.29130605
1554789039145,44.096,121.1,0.00566,0.425,0.29130605
1554789039206,44.157,121.1,0.00566,0.425,0.29130605
1554789039252,44.203,121.1,0.00566,0.425,0.29130605
1554789039298,44.249,121.1,0.00566,0.425,0.29130605
1554789039345,44.296,121.1,0.00566,0.425,0.29130605
1554789039407,44.358,121.1,0.00569,0.42,0.28940478
1554789039453,44.404,121.1,0.00569,0.42,0.28940478
1554789039499,44.45,121.1,0.00569,0.42,0.28940478
1554789039546,44.497,121.1,0.00569,0.42,0.28940478
1554789039607,44.558,121.1,0.00568,0.421,0.289584008
1554789039653,44.604,121.1,0.00568,0.421,0.289584008
1554789039699,44.65,121.1,0.00568,0.421,0.289584008
1554789039745,44.697,121.1,0.00568,0.421,0.289584008
1554789039807,44.758,121.0,0.00565,0.423,0.28918395
1554789039853,44.804,121.0,0.00565,0.423,0.28918395
1554789039899,44.85,121.0,0.00565,0.423,0.28918395
1554789039945,44.896,121.0,0.00565,0.423,0.28918395
1554789040006,44.957,121.0,0.00561,0.425,0.28849425
1554789040052,45.003,121.0,0.00561,0.425,0.28849425
1554789040098,45.05,121.0,0.00561,0.425,0.28849425
1554789040145,45.096,121.0,0.00561,0.425,0.28849425
1554789040207,45.158,121.0,0.00562,0.423,0.28764846
1554789040253,45.204,121.0,0.00562,0.423,0.28764846
1554789040299,45.251,121.0,0.00562,0.423,0.28764846
1554789040346,45.297,121.0,0.00562,0.423,0.28764846
1554789040407,45.358,121.0,0.00565,0.421,0.28781665
1554789040453,45.404,121.0,0.00565,0.421,0.28781665
1554789040499,45.45,121.0,0.00565,0.421,0.28781665
1554789040545,45.496,121.0,0.00565,0.421,0.28781665
1554789040606,45.557,121.0,0.00562,0.423,0.28764846
1554789040652,45.603,121.0,0.00562,0.423,0.28764846
1554789040698,45.649,121.0,0.00562,0.423,0.28764846
1554789040744,45.695,121.0,0.00562,0.423,0.28764846
1554789040806,45.757,121.0,0.00565,0.422,0.2885003
1554789040853,45.804,121.0,0.00565,0.422,0.2885003
1554789040899,45.85,121.0,0.00565,0.422,0.2885003
1554789040945,45.896,121.0,0.00565,0.422,0.2885003
1554789041006,45.957,121.0,0.00564,0.423,0.28867212
1554789041052,46.003,121.0,0.00564,0.423,0.28867212
1554789041098,46.049,121.0,0.00564,0.423,0.28867212
1554789041145,46.096,121.0,0.00564,0.423,0.28867212
1554789041207,46.158,121.0,0.00568,0.422,0.29003216
1554789041253,46.204,121.0,0.00568,0.422,0.29003216
1554789041299,46.25,121.0,0.00568,0.422,0.29003216
1554789041346,46.297,121.0,0.00568,0.422,0.29003216
1554789041407,46.358,121.0,0.00568,0.424,0.29140672
1554789041453,46.404,121.0,0.00568,0.424,0.29140672
1554789041499,46.45,121.0,0.00568,0.424,0.29140672
1554789041546,46.497,121.0,0.00568,0.424,0.29140672
1554789041607,46.558,121.0,0.00572,0.422,0.29207464
1554789041653,46.604,121.0,0.00572,0.422,0.29207464
1554789041699,46.65,121.0,0.00572,0.422,0.29207464
1554789041745,46.696,121.0,0.00572,0.422,0.29207464
1554789041806,46.757,121.0,0.00573,0.42,0.2911986
1554789041852,46.803,121.0,0.00573,0.42,0.2911986
1554789041898,46.849,121.0,0.00573,0.42,0.2911986
1554789041945,46.896,121.0,0.00573,0.42,0.2911986
1554789042006,46.957,121.0,0.00574,0.421,0.29240134
1554789042052,47.003,121.0,0.00574,0.421,0.29240134
1554789042098,47.049,121.0,0.00574,0.421,0.29240134
1554789042144,47.095,121.0,0.00574,0.421,0.29240134
1554789042206,47.157,121.1,0.00579,0.423,0.296594487
1554789042252,47.203,121.1,0.00579,0.423,0.296594487
1554789042298,47.249,121.1,0.00579,0.423,0.296594487
1554789042344,47.296,121.1,0.00579,0.423,0.296594487
1554789042406,47.357,121.1,0.00578,0.418,0.292582444
1554789042452,47.403,121.1,0.00578,0.418,0.292582444
1554789042498,47.449,121.1,0.00578,0.418,0.292582444
1554789042544,47.495,121.1,0.00578,0.418,0.292582444
1554789042606,47.557,121.2,0.00575,0.418,0.2913042
1554789042652,47.603,121.2,0.00575,0.418,0.2913042
1554789042698,47.65,121.2,0.00575,0.418,0.2913042
1554789042745,47.696,121.2,0.00575,0.418,0.2913042
1554789042806,47.757,121.1,0.00569,0.42,0.28940478
1554789042852,47.803,121.1,0.00569,0.42,0.28940478
1554789042898,47.849,121.1,0.00569,0.42,0.28940478
1554789042944,47.895,121.1,0.00569,0.42,0.28940478
1554789043006,47.957,121.1,0.00567,0.424,0.291134088
1554789043052,48.003,121.1,0.00567,0.424,0.291134088
1554789043098,48.049,121.1,0.00567,0.424,0.291134088
1554789043144,48.096,121.1,0.00567,0.424,0.291134088
1554789043206,48.157,121.1,0.00608,0.426,0.313658688
1554789043252,48.203,121.1,0.00608,0.426,0.313658688
1554789043298,48.249,121.1,0.00608,0.426,0.313658688
1554789043344,48.295,121.1,0.00608,0.426,0.313658688
1554789043406,48.357,121.1,0.00725,0.437,0.383675075
1554789043452,48.403,121.1,0.00725,0.437,0.383675075
1554789043498,48.45,121.1,0.00725,0.437,0.383675075
1554789043545,48.496,121.1,0.00725,0.437,0.383675075
1554789043606,48.557,121.1,0.00724,0.435,0.38139234
1554789043652,48.603,121.1,0.00724,0.435,0.38139234
1554789043698,48.649,121.1,0.00724,0.435,0.38139234
1554789043744,48.695,121.1,0.00724,0.435,0.38139234
1554789043808,48.759,121.0,0.00724,0.435,0.3810774
1554789043855,48.806,121.0,0.00724,0.435,0.3810774
1554789043901,48.852,121.0,0.00724,0.435,0.3810774
1554789043947,48.898,121.0,0.00724,0.435,0.3810774
1554789044006,48.957,121.0,0.00722,0.436,0.38089832
1554789044052,49.003,121.0,0.00722,0.436,0.38089832
1554789044098,49.049,121.0,0.00722,0.436,0.38089832
1554789044144,49.095,121.0,0.00722,0.436,0.38089832
1554789044206,49.157,121.0,0.00721,0.437,0.38124317
1554789044252,49.203,121.0,0.00721,0.437,0.38124317
1554789044298,49.249,121.0,0.00721,0.437,0.38124317
1554789044344,49.295,121.0,0.00721,0.437,0.38124317
1554789044405,49.356,121.0,0.00722,0.435,0.3800247
1554789044451,49.402,121.0,0.00722,0.435,0.3800247
1554789044497,49.448,121.0,0.00722,0.435,0.3800247
1554789044543,49.494,121.0,0.00722,0.435,0.3800247
1554789044606,49.557,121.0,0.00721,0.436,0.38037076
1554789044652,49.603,121.0,0.00721,0.436,0.38037076
1554789044698,49.649,121.0,0.00721,0.436,0.38037076
1554789044744,49.695,121.0,0.00721,0.436,0.38037076
1554789044805,49.756,121.0,0.0072,0.437,0.3807144
1554789044851,49.802,121.0,0.0072,0.437,0.3807144
1554789044898,49.849,121.0,0.0072,0.437,0.3807144
1554789044944,49.895,121.0,0.0072,0.437,0.3807144
1554789045006,49.957,120.9,0.00724,0.438,0.383388408
1554789045052,50.003,120.9,0.00724,0.438,0.383388408
1554789045098,50.049,120.9,0.00724,0.438,0.383388408
1554789045146,50.097,120.9,0.00724,0.438,0.383388408
1554789045206,50.157,121.0,0.00716,0.433,0.37513388
1554789045253,50.204,121.0,0.00716,0.433,0.37513388
1554789045299,50.25,121.0,0.00716,0.433,0.37513388
1554789045345,50.296,121.0,0.00716,0.433,0.37513388
1554789045406,50.357,121.0,0.00671,0.429,0.34830939
1554789045452,50.403,121.0,0.00671,0.429,0.34830939
1554789045498,50.449,121.0,0.00671,0.429,0.34830939
You pressed Ctrl+C!
1554789045544,50.495,121.0,0.00671,0.429,0.34830939
