# Mon Apr 08 20:18:11 2019
abstime,time_stamp,volt,curr,pf,mul
1554779892037,0.081,121.4,0.00601,0.423,0.308626722
1554779892090,0.134,121.3,0.0056,0.419,0.28461832
1554779892136,0.18,121.3,0.0056,0.419,0.28461832
1554779892181,0.225,121.3,0.0056,0.419,0.28461832
1554779892227,0.271,121.3,0.0056,0.419,0.28461832
1554779892289,0.333,121.4,0.00563,0.42,0.28706244
1554779892335,0.379,121.4,0.00563,0.42,0.28706244
1554779892380,0.424,121.4,0.00563,0.42,0.28706244
1554779892426,0.47,121.4,0.00563,0.42,0.28706244
1554779892490,0.534,121.4,0.00562,0.422,0.287917096
1554779892536,0.58,121.4,0.00562,0.422,0.287917096
1554779892582,0.626,121.4,0.00562,0.422,0.287917096
1554779892627,0.671,121.4,0.00562,0.422,0.287917096
1554779892689,0.733,121.4,0.00558,0.419,0.283835628
1554779892735,0.779,121.4,0.00558,0.419,0.283835628
1554779892781,0.825,121.4,0.00558,0.419,0.283835628
1554779892827,0.871,121.4,0.00558,0.419,0.283835628
1554779892889,0.933,121.4,0.00558,0.42,0.28451304
1554779892936,0.98,121.4,0.00558,0.42,0.28451304
1554779892982,1.026,121.4,0.00558,0.42,0.28451304
1554779893028,1.072,121.4,0.00558,0.42,0.28451304
1554779893089,1.133,121.4,0.0056,0.417,0.28349328
1554779893135,1.179,121.4,0.0056,0.417,0.28349328
1554779893181,1.225,121.4,0.0056,0.417,0.28349328
1554779893227,1.271,121.4,0.0056,0.417,0.28349328
1554779893289,1.333,121.4,0.00562,0.416,0.283823488
1554779893334,1.378,121.4,0.00562,0.416,0.283823488
1554779893380,1.424,121.4,0.00562,0.416,0.283823488
1554779893426,1.47,121.4,0.00562,0.416,0.283823488
1554779893489,1.533,121.4,0.00559,0.415,0.28162979
1554779893535,1.579,121.4,0.00559,0.415,0.28162979
1554779893581,1.625,121.4,0.00559,0.415,0.28162979
1554779893627,1.671,121.4,0.00559,0.415,0.28162979
1554779893689,1.733,121.4,0.00557,0.417,0.281974566
1554779893736,1.78,121.4,0.00557,0.417,0.281974566
1554779893782,1.826,121.4,0.00557,0.417,0.281974566
1554779893828,1.872,121.4,0.00557,0.417,0.281974566
1554779893889,1.933,121.4,0.00552,0.416,0.278773248
1554779893935,1.979,121.4,0.00552,0.416,0.278773248
1554779893981,2.025,121.4,0.00552,0.416,0.278773248
1554779894027,2.071,121.4,0.00552,0.416,0.278773248
1554779894089,2.133,121.3,0.00557,0.419,0.283093579
1554779894135,2.179,121.3,0.00557,0.419,0.283093579
1554779894181,2.225,121.3,0.00557,0.419,0.283093579
1554779894227,2.271,121.3,0.00557,0.419,0.283093579
1554779894288,2.332,121.3,0.00556,0.422,0.284608616
1554779894334,2.378,121.3,0.00556,0.422,0.284608616
1554779894380,2.424,121.3,0.00556,0.422,0.284608616
1554779894427,2.471,121.3,0.00556,0.422,0.284608616
1554779894489,2.533,121.4,0.00557,0.422,0.285355556
1554779894535,2.579,121.4,0.00557,0.422,0.285355556
1554779894581,2.625,121.4,0.00557,0.422,0.285355556
1554779894627,2.671,121.4,0.00557,0.422,0.285355556
1554779894688,2.732,121.4,0.00557,0.42,0.28400316
1554779894734,2.778,121.4,0.00557,0.42,0.28400316
1554779894780,2.824,121.4,0.00557,0.42,0.28400316
1554779894826,2.87,121.4,0.00557,0.42,0.28400316
1554779894889,2.933,121.3,0.00559,0.421,0.285466207
1554779894935,2.979,121.3,0.00559,0.421,0.285466207
1554779894981,3.025,121.3,0.00559,0.421,0.285466207
1554779895027,3.071,121.3,0.00559,0.421,0.285466207
1554779895089,3.133,121.3,0.0056,0.42,0.2852976
1554779895135,3.179,121.3,0.0056,0.42,0.2852976
1554779895181,3.225,121.3,0.0056,0.42,0.2852976
1554779895227,3.271,121.3,0.0056,0.42,0.2852976
1554779895289,3.333,121.3,0.00562,0.423,0.288361638
1554779895335,3.379,121.3,0.00562,0.423,0.288361638
1554779895381,3.425,121.3,0.00562,0.423,0.288361638
1554779895427,3.471,121.3,0.00562,0.423,0.288361638
1554779895488,3.532,121.4,0.00564,0.42,0.28757232
1554779895534,3.578,121.4,0.00564,0.42,0.28757232
1554779895580,3.624,121.4,0.00564,0.42,0.28757232
1554779895626,3.67,121.4,0.00564,0.42,0.28757232
1554779895689,3.733,121.4,0.0056,0.42,0.2855328
1554779895735,3.779,121.4,0.0056,0.42,0.2855328
1554779895781,3.825,121.4,0.0056,0.42,0.2855328
1554779895827,3.871,121.4,0.0056,0.42,0.2855328
1554779895888,3.932,121.3,0.00562,0.42,0.28631652
1554779895934,3.978,121.3,0.00562,0.42,0.28631652
1554779895980,4.024,121.3,0.00562,0.42,0.28631652
1554779896026,4.07,121.3,0.00562,0.42,0.28631652
1554779896089,4.133,121.3,0.00563,0.419,0.286143061
1554779896135,4.179,121.3,0.00563,0.419,0.286143061
1554779896181,4.225,121.3,0.00563,0.419,0.286143061
1554779896227,4.271,121.3,0.00563,0.419,0.286143061
1554779896288,4.332,121.3,0.0056,0.419,0.28461832
1554779896334,4.378,121.3,0.0056,0.419,0.28461832
1554779896380,4.424,121.3,0.0056,0.419,0.28461832
1554779896427,4.471,121.3,0.0056,0.419,0.28461832
1554779896489,4.533,121.4,0.00554,0.423,0.284491188
1554779896535,4.579,121.4,0.00554,0.423,0.284491188
1554779896581,4.625,121.4,0.00554,0.423,0.284491188
1554779896627,4.671,121.4,0.00554,0.423,0.284491188
1554779896689,4.733,121.4,0.00552,0.425,0.2848044
1554779896735,4.779,121.4,0.00552,0.425,0.2848044
1554779896781,4.825,121.4,0.00552,0.425,0.2848044
1554779896827,4.871,121.4,0.00552,0.425,0.2848044
1554779896888,4.932,121.4,0.00554,0.42,0.28247352
1554779896934,4.978,121.4,0.00554,0.42,0.28247352
1554779896980,5.024,121.4,0.00554,0.42,0.28247352
1554779897026,5.07,121.4,0.00554,0.42,0.28247352
1554779897089,5.133,121.4,0.00556,0.42,0.28349328
1554779897135,5.179,121.4,0.00556,0.42,0.28349328
1554779897181,5.225,121.4,0.00556,0.42,0.28349328
1554779897227,5.271,121.4,0.00556,0.42,0.28349328
1554779897288,5.332,121.4,0.00555,0.421,0.28365717
1554779897335,5.379,121.4,0.00555,0.421,0.28365717
1554779897381,5.425,121.4,0.00555,0.421,0.28365717
1554779897427,5.471,121.4,0.00555,0.421,0.28365717
1554779897488,5.532,121.4,0.00553,0.422,0.283306324
1554779897534,5.578,121.4,0.00553,0.422,0.283306324
1554779897580,5.624,121.4,0.00553,0.422,0.283306324
1554779897626,5.67,121.4,0.00553,0.422,0.283306324
1554779897688,5.732,121.4,0.00557,0.416,0.281298368
1554779897735,5.779,121.4,0.00557,0.416,0.281298368
1554779897781,5.825,121.4,0.00557,0.416,0.281298368
1554779897827,5.871,121.4,0.00557,0.416,0.281298368
1554779897888,5.932,121.4,0.00556,0.418,0.282143312
1554779897934,5.978,121.4,0.00556,0.418,0.282143312
1554779897980,6.024,121.4,0.00556,0.418,0.282143312
1554779898026,6.07,121.4,0.00556,0.418,0.282143312
1554779898088,6.132,121.4,0.0056,0.417,0.28349328
1554779898134,6.178,121.4,0.0056,0.417,0.28349328
1554779898180,6.224,121.4,0.0056,0.417,0.28349328
1554779898226,6.271,121.4,0.0056,0.417,0.28349328
1554779898288,6.332,121.4,0.00558,0.42,0.28451304
1554779898334,6.378,121.4,0.00558,0.42,0.28451304
1554779898380,6.424,121.4,0.00558,0.42,0.28451304
1554779898426,6.47,121.4,0.00558,0.42,0.28451304
1554779898488,6.532,121.4,0.0056,0.418,0.28417312
1554779898534,6.578,121.4,0.0056,0.418,0.28417312
1554779898580,6.625,121.4,0.0056,0.418,0.28417312
1554779898627,6.671,121.4,0.0056,0.418,0.28417312
1554779898688,6.732,121.4,0.00561,0.415,0.28263741
1554779898734,6.778,121.4,0.00561,0.415,0.28263741
1554779898780,6.824,121.4,0.00561,0.415,0.28263741
1554779898826,6.87,121.4,0.00561,0.415,0.28263741
1554779898888,6.933,121.4,0.0056,0.418,0.28417312
1554779898935,6.979,121.4,0.0056,0.418,0.28417312
1554779898981,7.025,121.4,0.0056,0.418,0.28417312
1554779899027,7.071,121.4,0.0056,0.418,0.28417312
1554779899088,7.132,121.3,0.00558,0.421,0.284955534
1554779899134,7.178,121.3,0.00558,0.421,0.284955534
1554779899180,7.224,121.3,0.00558,0.421,0.284955534
1554779899226,7.27,121.3,0.00558,0.421,0.284955534
1554779899288,7.333,121.3,0.0056,0.421,0.28597688
1554779899335,7.379,121.3,0.0056,0.421,0.28597688
1554779899381,7.425,121.3,0.0056,0.421,0.28597688
1554779899427,7.471,121.3,0.0056,0.421,0.28597688
1554779899488,7.532,121.3,0.00561,0.421,0.286487553
1554779899534,7.578,121.3,0.00561,0.421,0.286487553
1554779899580,7.624,121.3,0.00561,0.421,0.286487553
1554779899626,7.67,121.3,0.00561,0.421,0.286487553
1554779899688,7.732,121.3,0.00559,0.422,0.286144274
1554779899735,7.779,121.3,0.00559,0.422,0.286144274
1554779899781,7.825,121.3,0.00559,0.422,0.286144274
1554779899827,7.871,121.3,0.00559,0.422,0.286144274
1554779899888,7.932,121.3,0.00557,0.424,0.286471784
1554779899934,7.978,121.3,0.00557,0.424,0.286471784
1554779899980,8.024,121.3,0.00557,0.424,0.286471784
1554779900026,8.07,121.3,0.00557,0.424,0.286471784
1554779900088,8.132,121.3,0.00561,0.42,0.28580706
1554779900133,8.177,121.3,0.00561,0.42,0.28580706
1554779900180,8.224,121.3,0.00561,0.42,0.28580706
1554779900226,8.27,121.3,0.00561,0.42,0.28580706
1554779900288,8.332,121.3,0.00559,0.421,0.285466207
1554779900334,8.378,121.3,0.00559,0.421,0.285466207
1554779900381,8.425,121.3,0.00559,0.421,0.285466207
1554779900427,8.471,121.3,0.00559,0.421,0.285466207
1554779900488,8.532,121.4,0.00558,0.423,0.286545276
1554779900534,8.578,121.4,0.00558,0.423,0.286545276
1554779900580,8.624,121.4,0.00558,0.423,0.286545276
1554779900626,8.67,121.4,0.00558,0.423,0.286545276
1554779900687,8.731,121.4,0.00558,0.42,0.28451304
1554779900733,8.777,121.4,0.00558,0.42,0.28451304
1554779900779,8.823,121.4,0.00558,0.42,0.28451304
1554779900825,8.869,121.4,0.00558,0.42,0.28451304
1554779900888,8.932,121.4,0.00554,0.422,0.283818632
1554779900934,8.978,121.4,0.00554,0.422,0.283818632
1554779900980,9.024,121.4,0.00554,0.422,0.283818632
1554779901026,9.07,121.4,0.00554,0.422,0.283818632
1554779901088,9.132,121.4,0.00558,0.42,0.28451304
1554779901134,9.178,121.4,0.00558,0.42,0.28451304
1554779901180,9.224,121.4,0.00558,0.42,0.28451304
1554779901227,9.271,121.4,0.00558,0.42,0.28451304
1554779901288,9.332,121.4,0.0056,0.417,0.28349328
1554779901334,9.378,121.4,0.0056,0.417,0.28349328
1554779901380,9.424,121.4,0.0056,0.417,0.28349328
1554779901426,9.47,121.4,0.0056,0.417,0.28349328
1554779901488,9.532,121.4,0.00555,0.42,0.2829834
1554779901534,9.578,121.4,0.00555,0.42,0.2829834
1554779901580,9.624,121.4,0.00555,0.42,0.2829834
1554779901626,9.67,121.4,0.00555,0.42,0.2829834
1554779901687,9.731,121.4,0.00556,0.42,0.28349328
1554779901733,9.777,121.4,0.00556,0.42,0.28349328
1554779901779,9.823,121.4,0.00556,0.42,0.28349328
1554779901826,9.87,121.4,0.00556,0.42,0.28349328
1554779901888,9.932,121.4,0.00549,0.422,0.281257092
1554779901934,9.978,121.4,0.00549,0.422,0.281257092
1554779901980,10.024,121.4,0.00549,0.422,0.281257092
1554779902026,10.07,121.4,0.00549,0.422,0.281257092
1554779902087,10.131,121.4,0.00553,0.421,0.282634982
1554779902133,10.177,121.4,0.00553,0.421,0.282634982
1554779902180,10.224,121.4,0.00553,0.421,0.282634982
1554779902226,10.27,121.4,0.00553,0.421,0.282634982
1554779902288,10.332,121.4,0.00557,0.422,0.285355556
1554779902334,10.378,121.4,0.00557,0.422,0.285355556
1554779902380,10.424,121.4,0.00557,0.422,0.285355556
1554779902426,10.47,121.4,0.00557,0.422,0.285355556
1554779902487,10.531,121.4,0.00556,0.422,0.284843248
1554779902533,10.577,121.4,0.00556,0.422,0.284843248
1554779902579,10.623,121.4,0.00556,0.422,0.284843248
1554779902625,10.669,121.4,0.00556,0.422,0.284843248
1554779902688,10.732,121.4,0.00562,0.418,0.285188024
1554779902734,10.778,121.4,0.00562,0.418,0.285188024
1554779902780,10.824,121.4,0.00562,0.418,0.285188024
1554779902826,10.87,121.4,0.00562,0.418,0.285188024
1554779902887,10.931,121.4,0.00561,0.418,0.284680572
1554779902933,10.977,121.4,0.00561,0.418,0.284680572
1554779902979,11.023,121.4,0.00561,0.418,0.284680572
1554779903025,11.069,121.4,0.00561,0.418,0.284680572
1554779903087,11.131,121.4,0.0056,0.418,0.28417312
1554779903134,11.178,121.4,0.0056,0.418,0.28417312
1554779903179,11.224,121.4,0.0056,0.418,0.28417312
1554779903225,11.27,121.4,0.0056,0.418,0.28417312
1554779903288,11.332,121.4,0.00564,0.418,0.286202928
1554779903334,11.378,121.4,0.00564,0.418,0.286202928
1554779903380,11.424,121.4,0.00564,0.418,0.286202928
1554779903426,11.47,121.4,0.00564,0.418,0.286202928
1554779903487,11.531,121.4,0.00565,0.421,0.28876811
1554779903533,11.577,121.4,0.00565,0.421,0.28876811
1554779903579,11.623,121.4,0.00565,0.421,0.28876811
1554779903626,11.67,121.4,0.00565,0.421,0.28876811
1554779903688,11.732,121.4,0.00564,0.42,0.28757232
1554779903734,11.778,121.4,0.00564,0.42,0.28757232
1554779903780,11.824,121.4,0.00564,0.42,0.28757232
1554779903826,11.87,121.4,0.00564,0.42,0.28757232
1554779903887,11.931,121.3,0.00565,0.417,0.285788865
1554779903933,11.977,121.3,0.00565,0.417,0.285788865
1554779903979,12.023,121.3,0.00565,0.417,0.285788865
1554779904025,12.069,121.3,0.00565,0.417,0.285788865
1554779904088,12.132,121.3,0.0056,0.42,0.2852976
1554779904134,12.178,121.3,0.0056,0.42,0.2852976
1554779904185,12.229,121.3,0.0056,0.42,0.2852976
1554779904231,12.275,121.3,0.0056,0.42,0.2852976
1554779904287,12.331,121.3,0.00558,0.423,0.286309242
1554779904333,12.377,121.3,0.00558,0.423,0.286309242
1554779904379,12.423,121.3,0.00558,0.423,0.286309242
1554779904425,12.469,121.3,0.00558,0.423,0.286309242
1554779904488,12.532,121.4,0.00559,0.422,0.286380172
1554779904534,12.578,121.4,0.00559,0.422,0.286380172
1554779904580,12.624,121.4,0.00559,0.422,0.286380172
1554779904626,12.67,121.4,0.00559,0.422,0.286380172
1554779904687,12.731,121.4,0.00558,0.421,0.285190452
1554779904733,12.777,121.4,0.00558,0.421,0.285190452
1554779904779,12.823,121.4,0.00558,0.421,0.285190452
1554779904825,12.869,121.4,0.00558,0.421,0.285190452
1554779904888,12.932,121.4,0.00559,0.417,0.282987042
1554779904934,12.978,121.4,0.00559,0.417,0.282987042
1554779904980,13.024,121.4,0.00559,0.417,0.282987042
1554779905026,13.07,121.4,0.00559,0.417,0.282987042
1554779905087,13.131,121.3,0.00556,0.418,0.281910904
1554779905133,13.177,121.3,0.00556,0.418,0.281910904
1554779905179,13.223,121.3,0.00556,0.418,0.281910904
1554779905225,13.269,121.3,0.00556,0.418,0.281910904
1554779905288,13.332,121.3,0.00558,0.419,0.283601826
1554779905334,13.378,121.3,0.00558,0.419,0.283601826
1554779905380,13.424,121.3,0.00558,0.419,0.283601826
1554779905426,13.47,121.3,0.00558,0.419,0.283601826
1554779905487,13.531,121.4,0.00557,0.421,0.284679358
1554779905533,13.577,121.4,0.00557,0.421,0.284679358
1554779905579,13.623,121.4,0.00557,0.421,0.284679358
1554779905625,13.669,121.4,0.00557,0.421,0.284679358
1554779905687,13.731,121.4,0.00556,0.42,0.28349328
1554779905733,13.777,121.4,0.00556,0.42,0.28349328
1554779905779,13.823,121.4,0.00556,0.42,0.28349328
1554779905824,13.868,121.4,0.00556,0.42,0.28349328
1554779905888,13.932,121.4,0.00553,0.421,0.282634982
1554779905934,13.978,121.4,0.00553,0.421,0.282634982
1554779905980,14.024,121.4,0.00553,0.421,0.282634982
1554779906026,14.07,121.4,0.00553,0.421,0.282634982
1554779906087,14.131,121.4,0.00556,0.419,0.282818296
1554779906133,14.177,121.4,0.00556,0.419,0.282818296
1554779906179,14.223,121.4,0.00556,0.419,0.282818296
1554779906224,14.268,121.4,0.00556,0.419,0.282818296
1554779906287,14.331,121.4,0.00558,0.419,0.283835628
1554779906333,14.377,121.4,0.00558,0.419,0.283835628
1554779906379,14.423,121.4,0.00558,0.419,0.283835628
1554779906425,14.469,121.4,0.00558,0.419,0.283835628
1554779906487,14.531,121.4,0.00564,0.42,0.28757232
1554779906534,14.578,121.4,0.00564,0.42,0.28757232
1554779906580,14.624,121.4,0.00564,0.42,0.28757232
1554779906626,14.67,121.4,0.00564,0.42,0.28757232
1554779906687,14.731,121.4,0.0056,0.421,0.28621264
1554779906733,14.777,121.4,0.0056,0.421,0.28621264
1554779906779,14.823,121.4,0.0056,0.421,0.28621264
1554779906825,14.869,121.4,0.0056,0.421,0.28621264
1554779906887,14.931,121.4,0.00557,0.421,0.284679358
1554779906933,14.977,121.4,0.00557,0.421,0.284679358
1554779906980,15.024,121.4,0.00557,0.421,0.284679358
1554779907026,15.07,121.4,0.00557,0.421,0.284679358
1554779907087,15.131,121.4,0.00558,0.421,0.285190452
1554779907133,15.177,121.4,0.00558,0.421,0.285190452
1554779907179,15.223,121.4,0.00558,0.421,0.285190452
1554779907225,15.269,121.4,0.00558,0.421,0.285190452
1554779907287,15.331,121.4,0.00563,0.42,0.28706244
1554779907332,15.376,121.4,0.00563,0.42,0.28706244
1554779907379,15.423,121.4,0.00563,0.42,0.28706244
1554779907425,15.469,121.4,0.00563,0.42,0.28706244
1554779907487,15.531,121.4,0.00562,0.423,0.288599364
1554779907533,15.577,121.4,0.00562,0.423,0.288599364
1554779907579,15.623,121.4,0.00562,0.423,0.288599364
1554779907626,15.67,121.4,0.00562,0.423,0.288599364
1554779907687,15.731,121.4,0.00564,0.42,0.28757232
1554779907732,15.776,121.4,0.00564,0.42,0.28757232
1554779907779,15.823,121.4,0.00564,0.42,0.28757232
1554779907825,15.869,121.4,0.00564,0.42,0.28757232
1554779907887,15.931,121.4,0.00561,0.42,0.28604268
1554779907933,15.977,121.4,0.00561,0.42,0.28604268
1554779907979,16.023,121.4,0.00561,0.42,0.28604268
1554779908026,16.07,121.4,0.00561,0.42,0.28604268
1554779908087,16.131,121.3,0.00557,0.421,0.284444861
1554779908133,16.177,121.3,0.00557,0.421,0.284444861
1554779908179,16.223,121.3,0.00557,0.421,0.284444861
1554779908225,16.269,121.3,0.00557,0.421,0.284444861
1554779908287,16.331,121.3,0.00563,0.419,0.286143061
1554779908334,16.378,121.3,0.00563,0.419,0.286143061
1554779908380,16.424,121.3,0.00563,0.419,0.286143061
1554779908426,16.47,121.3,0.00563,0.419,0.286143061
1554779908488,16.532,121.3,0.0056,0.421,0.28597688
1554779908534,16.578,121.3,0.0056,0.421,0.28597688
1554779908580,16.624,121.3,0.0056,0.421,0.28597688
1554779908627,16.671,121.3,0.0056,0.421,0.28597688
1554779908686,16.73,121.4,0.0056,0.421,0.28621264
1554779908732,16.776,121.4,0.0056,0.421,0.28621264
1554779908778,16.822,121.4,0.0056,0.421,0.28621264
1554779908824,16.868,121.4,0.0056,0.421,0.28621264
1554779908886,16.93,121.4,0.00559,0.418,0.283665668
1554779908932,16.976,121.4,0.00559,0.418,0.283665668
1554779908978,17.022,121.4,0.00559,0.418,0.283665668
1554779909024,17.068,121.4,0.00559,0.418,0.283665668
1554779909086,17.13,121.3,0.00557,0.416,0.281066656
1554779909132,17.176,121.3,0.00557,0.416,0.281066656
1554779909178,17.223,121.3,0.00557,0.416,0.281066656
1554779909225,17.269,121.3,0.00557,0.416,0.281066656
1554779909287,17.331,121.3,0.00556,0.419,0.282585332
1554779909333,17.377,121.3,0.00556,0.419,0.282585332
1554779909379,17.423,121.3,0.00556,0.419,0.282585332
1554779909425,17.469,121.3,0.00556,0.419,0.282585332
1554779909486,17.53,121.4,0.00555,0.422,0.28433094
1554779909532,17.576,121.4,0.00555,0.422,0.28433094
1554779909578,17.622,121.4,0.00555,0.422,0.28433094
1554779909624,17.668,121.4,0.00555,0.422,0.28433094
1554779909686,17.73,121.4,0.00552,0.425,0.2848044
1554779909732,17.776,121.4,0.00552,0.425,0.2848044
1554779909778,17.822,121.4,0.00552,0.425,0.2848044
1554779909824,17.868,121.4,0.00552,0.425,0.2848044
1554779909887,17.931,121.4,0.00551,0.423,0.282950622
1554779909933,17.977,121.4,0.00551,0.423,0.282950622
1554779909979,18.023,121.4,0.00551,0.423,0.282950622
1554779910025,18.069,121.4,0.00551,0.423,0.282950622
1554779910086,18.13,121.4,0.00553,0.423,0.283977666
1554779910132,18.176,121.4,0.00553,0.423,0.283977666
1554779910178,18.222,121.4,0.00553,0.423,0.283977666
1554779910224,18.268,121.4,0.00553,0.423,0.283977666
1554779910286,18.33,121.4,0.00558,0.419,0.283835628
1554779910332,18.376,121.4,0.00558,0.419,0.283835628
1554779910378,18.422,121.4,0.00558,0.419,0.283835628
1554779910424,18.468,121.4,0.00558,0.419,0.283835628
1554779910486,18.53,121.4,0.00556,0.422,0.284843248
1554779910532,18.576,121.4,0.00556,0.422,0.284843248
1554779910578,18.622,121.4,0.00556,0.422,0.284843248
1554779910624,18.668,121.4,0.00556,0.422,0.284843248
1554779910687,18.731,121.4,0.00559,0.421,0.285701546
1554779910733,18.777,121.4,0.00559,0.421,0.285701546
1554779910779,18.823,121.4,0.00559,0.421,0.285701546
1554779910825,18.869,121.4,0.00559,0.421,0.285701546
1554779910886,18.93,121.4,0.00559,0.422,0.286380172
1554779910932,18.976,121.4,0.00559,0.422,0.286380172
1554779910978,19.022,121.4,0.00559,0.422,0.286380172
1554779911025,19.069,121.4,0.00559,0.422,0.286380172
1554779911087,19.131,121.4,0.00558,0.422,0.285867864
1554779911133,19.177,121.4,0.00558,0.422,0.285867864
1554779911179,19.223,121.4,0.00558,0.422,0.285867864
1554779911225,19.269,121.4,0.00558,0.422,0.285867864
1554779911286,19.33,121.4,0.00563,0.419,0.286378958
1554779911332,19.376,121.4,0.00563,0.419,0.286378958
1554779911378,19.422,121.4,0.00563,0.419,0.286378958
1554779911425,19.469,121.4,0.00563,0.419,0.286378958
1554779911490,19.534,121.4,0.00568,0.419,0.288922288
1554779911535,19.579,121.4,0.00568,0.419,0.288922288
1554779911581,19.625,121.4,0.00568,0.419,0.288922288
1554779911627,19.671,121.4,0.00568,0.419,0.288922288
1554779911687,19.731,121.4,0.00564,0.421,0.288257016
1554779911733,19.777,121.4,0.00564,0.421,0.288257016
1554779911779,19.823,121.4,0.00564,0.421,0.288257016
1554779911825,19.869,121.4,0.00564,0.421,0.288257016
1554779911886,19.93,121.4,0.00559,0.421,0.285701546
1554779911932,19.976,121.4,0.00559,0.421,0.285701546
1554779911978,20.022,121.4,0.00559,0.421,0.285701546
1554779912024,20.068,121.4,0.00559,0.421,0.285701546
1554779912087,20.131,121.4,0.00558,0.42,0.28451304
1554779912133,20.177,121.4,0.00558,0.42,0.28451304
1554779912179,20.223,121.4,0.00558,0.42,0.28451304
1554779912225,20.269,121.4,0.00558,0.42,0.28451304
1554779912287,20.331,121.3,0.00558,0.419,0.283601826
1554779912333,20.377,121.3,0.00558,0.419,0.283601826
1554779912379,20.423,121.3,0.00558,0.419,0.283601826
1554779912425,20.469,121.3,0.00558,0.419,0.283601826
1554779912486,20.53,121.3,0.0056,0.421,0.28597688
1554779912532,20.576,121.3,0.0056,0.421,0.28597688
1554779912579,20.623,121.3,0.0056,0.421,0.28597688
1554779912625,20.669,121.3,0.0056,0.421,0.28597688
1554779912686,20.73,121.4,0.0056,0.421,0.28621264
1554779912732,20.776,121.4,0.0056,0.421,0.28621264
1554779912778,20.822,121.4,0.0056,0.421,0.28621264
1554779912824,20.868,121.4,0.0056,0.421,0.28621264
1554779912886,20.93,121.4,0.00558,0.417,0.282480804
1554779912933,20.977,121.4,0.00558,0.417,0.282480804
1554779912979,21.023,121.4,0.00558,0.417,0.282480804
1554779913025,21.069,121.4,0.00558,0.417,0.282480804
1554779913086,21.13,121.3,0.00557,0.42,0.28376922
1554779913132,21.176,121.3,0.00557,0.42,0.28376922
1554779913178,21.222,121.3,0.00557,0.42,0.28376922
1554779913224,21.268,121.3,0.00557,0.42,0.28376922
1554779913286,21.33,121.3,0.00557,0.417,0.281742297
1554779913332,21.376,121.3,0.00557,0.417,0.281742297
1554779913378,21.422,121.3,0.00557,0.417,0.281742297
1554779913424,21.468,121.3,0.00557,0.417,0.281742297
1554779913487,21.531,121.3,0.00558,0.418,0.282924972
1554779913533,21.577,121.3,0.00558,0.418,0.282924972
1554779913579,21.623,121.3,0.00558,0.418,0.282924972
1554779913625,21.669,121.3,0.00558,0.418,0.282924972
1554779913686,21.73,121.4,0.00557,0.419,0.283326962
1554779913733,21.777,121.4,0.00557,0.419,0.283326962
1554779913779,21.823,121.4,0.00557,0.419,0.283326962
1554779913825,21.869,121.4,0.00557,0.419,0.283326962
1554779913886,21.93,121.4,0.00558,0.417,0.282480804
1554779913933,21.977,121.4,0.00558,0.417,0.282480804
1554779913979,22.023,121.4,0.00558,0.417,0.282480804
1554779914025,22.069,121.4,0.00558,0.417,0.282480804
1554779914086,22.13,121.4,0.00558,0.418,0.283158216
1554779914132,22.176,121.4,0.00558,0.418,0.283158216
1554779914178,22.222,121.4,0.00558,0.418,0.283158216
1554779914224,22.268,121.4,0.00558,0.418,0.283158216
1554779914286,22.33,121.4,0.00559,0.418,0.283665668
1554779914332,22.376,121.4,0.00559,0.418,0.283665668
1554779914379,22.423,121.4,0.00559,0.418,0.283665668
1554779914425,22.469,121.4,0.00559,0.418,0.283665668
1554779914486,22.53,121.4,0.00559,0.42,0.28502292
1554779914532,22.576,121.4,0.00559,0.42,0.28502292
1554779914578,22.622,121.4,0.00559,0.42,0.28502292
1554779914624,22.668,121.4,0.00559,0.42,0.28502292
1554779914686,22.73,121.4,0.0056,0.42,0.2855328
1554779914733,22.777,121.4,0.0056,0.42,0.2855328
1554779914779,22.823,121.4,0.0056,0.42,0.2855328
1554779914825,22.869,121.4,0.0056,0.42,0.2855328
1554779914886,22.93,121.4,0.00562,0.416,0.283823488
1554779914932,22.977,121.4,0.00562,0.416,0.283823488
1554779914979,23.023,121.4,0.00562,0.416,0.283823488
1554779915025,23.069,121.4,0.00562,0.416,0.283823488
1554779915086,23.13,121.4,0.00559,0.42,0.28502292
1554779915132,23.176,121.4,0.00559,0.42,0.28502292
1554779915178,23.222,121.4,0.00559,0.42,0.28502292
1554779915224,23.268,121.4,0.00559,0.42,0.28502292
1554779915286,23.33,121.4,0.00562,0.417,0.284505756
1554779915332,23.377,121.4,0.00562,0.417,0.284505756
1554779915378,23.423,121.4,0.00562,0.417,0.284505756
1554779915425,23.469,121.4,0.00562,0.417,0.284505756
1554779915486,23.53,121.4,0.00564,0.42,0.28757232
1554779915531,23.576,121.4,0.00564,0.42,0.28757232
1554779915578,23.622,121.4,0.00564,0.42,0.28757232
1554779915624,23.668,121.4,0.00564,0.42,0.28757232
1554779915686,23.73,121.4,0.00566,0.418,0.287217832
1554779915732,23.776,121.4,0.00566,0.418,0.287217832
1554779915778,23.822,121.4,0.00566,0.418,0.287217832
1554779915824,23.868,121.4,0.00566,0.418,0.287217832
1554779915886,23.93,121.4,0.00561,0.419,0.285361626
1554779915931,23.975,121.4,0.00561,0.419,0.285361626
1554779915977,24.022,121.4,0.00561,0.419,0.285361626
1554779916024,24.068,121.4,0.00561,0.419,0.285361626
1554779916086,24.13,121.4,0.00558,0.417,0.282480804
1554779916132,24.176,121.4,0.00558,0.417,0.282480804
1554779916179,24.223,121.4,0.00558,0.417,0.282480804
1554779916225,24.269,121.4,0.00558,0.417,0.282480804
1554779916286,24.33,121.4,0.00562,0.419,0.285870292
1554779916332,24.376,121.4,0.00562,0.419,0.285870292
1554779916378,24.422,121.4,0.00562,0.419,0.285870292
1554779916425,24.469,121.4,0.00562,0.419,0.285870292
1554779916486,24.53,121.4,0.00564,0.416,0.284833536
1554779916532,24.576,121.4,0.00564,0.416,0.284833536
1554779916578,24.622,121.4,0.00564,0.416,0.284833536
1554779916624,24.668,121.4,0.00564,0.416,0.284833536
1554779916686,24.73,121.4,0.00565,0.414,0.28396674
1554779916733,24.777,121.4,0.00565,0.414,0.28396674
1554779916779,24.823,121.4,0.00565,0.414,0.28396674
1554779916825,24.869,121.4,0.00565,0.414,0.28396674
1554779916886,24.93,121.4,0.00561,0.418,0.284680572
1554779916932,24.976,121.4,0.00561,0.418,0.284680572
1554779916978,25.022,121.4,0.00561,0.418,0.284680572
1554779917024,25.068,121.4,0.00561,0.418,0.284680572
1554779917085,25.129,121.4,0.00553,0.418,0.280620956
1554779917131,25.175,121.4,0.00553,0.418,0.280620956
1554779917177,25.221,121.4,0.00553,0.418,0.280620956
1554779917223,25.267,121.4,0.00553,0.418,0.280620956
1554779917286,25.33,121.3,0.00554,0.42,0.28224084
1554779917332,25.376,121.3,0.00554,0.42,0.28224084
1554779917378,25.422,121.3,0.00554,0.42,0.28224084
1554779917424,25.468,121.3,0.00554,0.42,0.28224084
1554779917486,25.53,121.3,0.00554,0.422,0.283584844
1554779917532,25.576,121.3,0.00554,0.422,0.283584844
1554779917578,25.622,121.3,0.00554,0.422,0.283584844
1554779917625,25.669,121.3,0.00554,0.422,0.283584844
1554779917686,25.73,121.4,0.00556,0.419,0.282818296
1554779917732,25.776,121.4,0.00556,0.419,0.282818296
1554779917778,25.822,121.4,0.00556,0.419,0.282818296
1554779917824,25.868,121.4,0.00556,0.419,0.282818296
1554779917886,25.93,121.4,0.00553,0.42,0.28196364
1554779917932,25.976,121.4,0.00553,0.42,0.28196364
1554779917978,26.022,121.4,0.00553,0.42,0.28196364
1554779918024,26.068,121.4,0.00553,0.42,0.28196364
1554779918085,26.129,121.4,0.00555,0.419,0.28230963
1554779918132,26.176,121.4,0.00555,0.419,0.28230963
1554779918178,26.222,121.4,0.00555,0.419,0.28230963
1554779918224,26.268,121.4,0.00555,0.419,0.28230963
1554779918286,26.33,121.4,0.00555,0.42,0.2829834
1554779918332,26.376,121.4,0.00555,0.42,0.2829834
1554779918378,26.422,121.4,0.00555,0.42,0.2829834
1554779918424,26.468,121.4,0.00555,0.42,0.2829834
1554779918485,26.529,121.4,0.00558,0.42,0.28451304
1554779918532,26.576,121.4,0.00558,0.42,0.28451304
1554779918578,26.622,121.4,0.00558,0.42,0.28451304
1554779918624,26.668,121.4,0.00558,0.42,0.28451304
1554779918686,26.73,121.4,0.0056,0.421,0.28621264
1554779918732,26.776,121.4,0.0056,0.421,0.28621264
1554779918778,26.822,121.4,0.0056,0.421,0.28621264
1554779918825,26.869,121.4,0.0056,0.421,0.28621264
1554779918885,26.929,121.4,0.00557,0.421,0.284679358
1554779918931,26.975,121.4,0.00557,0.421,0.284679358
1554779918978,27.022,121.4,0.00557,0.421,0.284679358
1554779919024,27.068,121.4,0.00557,0.421,0.284679358
1554779919086,27.13,121.4,0.00559,0.421,0.285701546
1554779919132,27.176,121.4,0.00559,0.421,0.285701546
1554779919179,27.223,121.4,0.00559,0.421,0.285701546
1554779919225,27.269,121.4,0.00559,0.421,0.285701546
1554779919286,27.33,121.4,0.00566,0.416,0.285843584
1554779919332,27.376,121.4,0.00566,0.416,0.285843584
1554779919378,27.422,121.4,0.00566,0.416,0.285843584
1554779919424,27.468,121.4,0.00566,0.416,0.285843584
1554779919485,27.529,121.4,0.00563,0.422,0.288429404
1554779919531,27.575,121.4,0.00563,0.422,0.288429404
1554779919577,27.621,121.4,0.00563,0.422,0.288429404
1554779919623,27.667,121.4,0.00563,0.422,0.288429404
1554779919685,27.729,121.4,0.00561,0.42,0.28604268
1554779919731,27.775,121.4,0.00561,0.42,0.28604268
1554779919777,27.821,121.4,0.00561,0.42,0.28604268
1554779919823,27.867,121.4,0.00561,0.42,0.28604268
1554779919885,27.929,121.4,0.00561,0.419,0.285361626
1554779919931,27.975,121.4,0.00561,0.419,0.285361626
1554779919977,28.021,121.4,0.00561,0.419,0.285361626
1554779920024,28.068,121.4,0.00561,0.419,0.285361626
1554779920086,28.13,121.4,0.00561,0.418,0.284680572
1554779920132,28.176,121.4,0.00561,0.418,0.284680572
1554779920178,28.222,121.4,0.00561,0.418,0.284680572
1554779920224,28.268,121.4,0.00561,0.418,0.284680572
1554779920285,28.329,121.4,0.0056,0.418,0.28417312
1554779920331,28.375,121.4,0.0056,0.418,0.28417312
1554779920378,28.422,121.4,0.0056,0.418,0.28417312
1554779920424,28.468,121.4,0.0056,0.418,0.28417312
1554779920485,28.529,121.4,0.00557,0.421,0.284679358
1554779920531,28.575,121.4,0.00557,0.421,0.284679358
1554779920577,28.621,121.4,0.00557,0.421,0.284679358
1554779920623,28.667,121.4,0.00557,0.421,0.284679358
1554779920685,28.729,121.4,0.00558,0.421,0.285190452
1554779920731,28.775,121.4,0.00558,0.421,0.285190452
1554779920778,28.822,121.4,0.00558,0.421,0.285190452
1554779920824,28.868,121.4,0.00558,0.421,0.285190452
1554779920886,28.93,121.4,0.00559,0.417,0.282987042
1554779920932,28.976,121.4,0.00559,0.417,0.282987042
1554779920978,29.022,121.4,0.00559,0.417,0.282987042
1554779921024,29.068,121.4,0.00559,0.417,0.282987042
1554779921085,29.129,121.3,0.00557,0.417,0.281742297
1554779921131,29.175,121.3,0.00557,0.417,0.281742297
1554779921177,29.221,121.3,0.00557,0.417,0.281742297
1554779921224,29.268,121.3,0.00557,0.417,0.281742297
1554779921285,29.329,121.3,0.00557,0.414,0.279715374
1554779921331,29.375,121.3,0.00557,0.414,0.279715374
1554779921378,29.422,121.3,0.00557,0.414,0.279715374
1554779921424,29.468,121.3,0.00557,0.414,0.279715374
1554779921485,29.529,121.3,0.00557,0.417,0.281742297
1554779921531,29.575,121.3,0.00557,0.417,0.281742297
1554779921577,29.621,121.3,0.00557,0.417,0.281742297
1554779921623,29.667,121.3,0.00557,0.417,0.281742297
1554779921685,29.729,121.4,0.00559,0.417,0.282987042
1554779921731,29.775,121.4,0.00559,0.417,0.282987042
1554779921777,29.822,121.4,0.00559,0.417,0.282987042
1554779921823,29.868,121.4,0.00559,0.417,0.282987042
1554779921885,29.929,121.4,0.00562,0.415,0.28314122
1554779921930,29.975,121.4,0.00562,0.415,0.28314122
1554779921977,30.021,121.4,0.00562,0.415,0.28314122
1554779922023,30.067,121.4,0.00562,0.415,0.28314122
1554779922085,30.129,121.4,0.00561,0.415,0.28263741
1554779922132,30.176,121.4,0.00561,0.415,0.28263741
1554779922178,30.222,121.4,0.00561,0.415,0.28263741
1554779922224,30.268,121.4,0.00561,0.415,0.28263741
1554779922285,30.329,121.4,0.00558,0.42,0.28451304
1554779922331,30.375,121.4,0.00558,0.42,0.28451304
1554779922378,30.422,121.4,0.00558,0.42,0.28451304
1554779922424,30.468,121.4,0.00558,0.42,0.28451304
1554779922485,30.529,121.4,0.00558,0.419,0.283835628
1554779922531,30.575,121.4,0.00558,0.419,0.283835628
1554779922577,30.621,121.4,0.00558,0.419,0.283835628
1554779922624,30.668,121.4,0.00558,0.419,0.283835628
1554779922685,30.729,121.4,0.00562,0.418,0.285188024
1554779922731,30.775,121.4,0.00562,0.418,0.285188024
1554779922777,30.821,121.4,0.00562,0.418,0.285188024
1554779922823,30.867,121.4,0.00562,0.418,0.285188024
1554779922886,30.93,121.4,0.00561,0.42,0.28604268
1554779922932,30.976,121.4,0.00561,0.42,0.28604268
1554779922978,31.022,121.4,0.00561,0.42,0.28604268
1554779923024,31.068,121.4,0.00561,0.42,0.28604268
1554779923085,31.129,121.4,0.0056,0.42,0.2855328
1554779923131,31.175,121.4,0.0056,0.42,0.2855328
1554779923178,31.222,121.4,0.0056,0.42,0.2855328
1554779923224,31.268,121.4,0.0056,0.42,0.2855328
1554779923285,31.329,121.4,0.00559,0.417,0.282987042
1554779923331,31.375,121.4,0.00559,0.417,0.282987042
1554779923377,31.421,121.4,0.00559,0.417,0.282987042
1554779923423,31.467,121.4,0.00559,0.417,0.282987042
1554779923485,31.529,121.4,0.00567,0.416,0.286348608
1554779923530,31.574,121.4,0.00567,0.416,0.286348608
1554779923576,31.621,121.4,0.00567,0.416,0.286348608
1554779923624,31.668,121.4,0.00567,0.416,0.286348608
1554779923685,31.729,121.4,0.00565,0.418,0.28671038
1554779923731,31.775,121.4,0.00565,0.418,0.28671038
1554779923777,31.821,121.4,0.00565,0.418,0.28671038
1554779923823,31.867,121.4,0.00565,0.418,0.28671038
1554779923885,31.929,121.4,0.00562,0.419,0.285870292
1554779923931,31.975,121.4,0.00562,0.419,0.285870292
1554779923977,32.021,121.4,0.00562,0.419,0.285870292
1554779924024,32.068,121.4,0.00562,0.419,0.285870292
1554779924085,32.129,121.4,0.0056,0.419,0.28485296
1554779924131,32.175,121.4,0.0056,0.419,0.28485296
1554779924177,32.221,121.4,0.0056,0.419,0.28485296
1554779924223,32.267,121.4,0.0056,0.419,0.28485296
1554779924285,32.329,121.4,0.00562,0.415,0.28314122
1554779924331,32.375,121.4,0.00562,0.415,0.28314122
1554779924378,32.422,121.4,0.00562,0.415,0.28314122
1554779924424,32.468,121.4,0.00562,0.415,0.28314122
1554779924485,32.529,121.3,0.0056,0.415,0.2819012
1554779924531,32.575,121.3,0.0056,0.415,0.2819012
1554779924578,32.622,121.3,0.0056,0.415,0.2819012
1554779924624,32.668,121.3,0.0056,0.415,0.2819012
1554779924685,32.729,121.3,0.00557,0.421,0.284444861
1554779924731,32.775,121.3,0.00557,0.421,0.284444861
1554779924777,32.821,121.3,0.00557,0.421,0.284444861
1554779924823,32.867,121.3,0.00557,0.421,0.284444861
1554779924885,32.929,121.4,0.00553,0.422,0.283306324
1554779924931,32.975,121.4,0.00553,0.422,0.283306324
1554779924978,33.022,121.4,0.00553,0.422,0.283306324
1554779925024,33.068,121.4,0.00553,0.422,0.283306324
1554779925084,33.129,121.3,0.00555,0.42,0.2827503
1554779925131,33.175,121.3,0.00555,0.42,0.2827503
1554779925177,33.221,121.3,0.00555,0.42,0.2827503
1554779925223,33.267,121.3,0.00555,0.42,0.2827503
1554779925285,33.329,121.3,0.00552,0.42,0.28122192
1554779925331,33.375,121.3,0.00552,0.42,0.28122192
1554779925377,33.421,121.3,0.00552,0.42,0.28122192
1554779925423,33.467,121.3,0.00552,0.42,0.28122192
1554779925484,33.528,121.3,0.00553,0.419,0.281060591
1554779925530,33.575,121.3,0.00553,0.419,0.281060591
1554779925577,33.621,121.3,0.00553,0.419,0.281060591
1554779925623,33.667,121.3,0.00553,0.419,0.281060591
1554779925685,33.729,121.3,0.00556,0.417,0.281236476
1554779925731,33.775,121.3,0.00556,0.417,0.281236476
1554779925777,33.821,121.3,0.00556,0.417,0.281236476
1554779925823,33.867,121.3,0.00556,0.417,0.281236476
1554779925884,33.928,121.4,0.00556,0.422,0.284843248
1554779925930,33.974,121.4,0.00556,0.422,0.284843248
1554779925976,34.02,121.4,0.00556,0.422,0.284843248
1554779926023,34.067,121.4,0.00556,0.422,0.284843248
1554779926085,34.129,121.4,0.00563,0.416,0.284328512
1554779926131,34.175,121.4,0.00563,0.416,0.284328512
1554779926177,34.221,121.4,0.00563,0.416,0.284328512
1554779926223,34.267,121.4,0.00563,0.416,0.284328512
1554779926284,34.328,121.3,0.00561,0.414,0.281724102
1554779926330,34.374,121.3,0.00561,0.414,0.281724102
1554779926376,34.42,121.3,0.00561,0.414,0.281724102
1554779926422,34.466,121.3,0.00561,0.414,0.281724102
1554779926485,34.529,121.4,0.00565,0.413,0.28328083
1554779926531,34.575,121.4,0.00565,0.413,0.28328083
1554779926577,34.621,121.4,0.00565,0.413,0.28328083
1554779926623,34.667,121.4,0.00565,0.413,0.28328083
1554779926684,34.728,121.4,0.00569,0.412,0.284595592
1554779926730,34.774,121.4,0.00569,0.412,0.284595592
1554779926776,34.82,121.4,0.00569,0.412,0.284595592
1554779926822,34.866,121.4,0.00569,0.412,0.284595592
1554779926884,34.928,121.4,0.00567,0.416,0.286348608
1554779926930,34.974,121.4,0.00567,0.416,0.286348608
1554779926977,35.021,121.4,0.00567,0.416,0.286348608
1554779927023,35.067,121.4,0.00567,0.416,0.286348608
1554779927085,35.129,121.4,0.00562,0.419,0.285870292
1554779927131,35.175,121.4,0.00562,0.419,0.285870292
1554779927177,35.221,121.4,0.00562,0.419,0.285870292
1554779927223,35.267,121.4,0.00562,0.419,0.285870292
1554779927284,35.329,121.4,0.00559,0.421,0.285701546
1554779927331,35.375,121.4,0.00559,0.421,0.285701546
1554779927377,35.421,121.4,0.00559,0.421,0.285701546
1554779927423,35.467,121.4,0.00559,0.421,0.285701546
1554779927484,35.528,121.4,0.00559,0.422,0.286380172
1554779927530,35.574,121.4,0.00559,0.422,0.286380172
1554779927576,35.62,121.4,0.00559,0.422,0.286380172
1554779927622,35.666,121.4,0.00559,0.422,0.286380172
1554779927684,35.728,121.4,0.0056,0.421,0.28621264
1554779927730,35.774,121.4,0.0056,0.421,0.28621264
1554779927777,35.821,121.4,0.0056,0.421,0.28621264
1554779927823,35.867,121.4,0.0056,0.421,0.28621264
1554779927884,35.928,121.4,0.0056,0.42,0.2855328
1554779927930,35.974,121.4,0.0056,0.42,0.2855328
1554779927976,36.02,121.4,0.0056,0.42,0.2855328
1554779928022,36.066,121.4,0.0056,0.42,0.2855328
1554779928084,36.128,121.4,0.00558,0.42,0.28451304
1554779928130,36.174,121.4,0.00558,0.42,0.28451304
1554779928176,36.22,121.4,0.00558,0.42,0.28451304
1554779928222,36.267,121.4,0.00558,0.42,0.28451304
1554779928285,36.329,121.4,0.00556,0.418,0.282143312
1554779928331,36.375,121.4,0.00556,0.418,0.282143312
1554779928377,36.421,121.4,0.00556,0.418,0.282143312
1554779928423,36.467,121.4,0.00556,0.418,0.282143312
1554779928484,36.528,121.4,0.00556,0.422,0.284843248
1554779928530,36.574,121.4,0.00556,0.422,0.284843248
1554779928576,36.62,121.4,0.00556,0.422,0.284843248
1554779928622,36.666,121.4,0.00556,0.422,0.284843248
1554779928685,36.729,121.4,0.00554,0.421,0.283146076
1554779928731,36.775,121.4,0.00554,0.421,0.283146076
1554779928777,36.821,121.4,0.00554,0.421,0.283146076
1554779928823,36.867,121.4,0.00554,0.421,0.283146076
1554779928884,36.928,121.4,0.00558,0.418,0.283158216
1554779928930,36.974,121.4,0.00558,0.418,0.283158216
1554779928977,37.021,121.4,0.00558,0.418,0.283158216
1554779929023,37.067,121.4,0.00558,0.418,0.283158216
1554779929084,37.128,121.4,0.00556,0.418,0.282143312
1554779929130,37.174,121.4,0.00556,0.418,0.282143312
1554779929176,37.22,121.4,0.00556,0.418,0.282143312
1554779929222,37.266,121.4,0.00556,0.418,0.282143312
1554779929284,37.328,121.3,0.00549,0.423,0.281691351
1554779929331,37.375,121.3,0.00549,0.423,0.281691351
1554779929377,37.421,121.3,0.00549,0.423,0.281691351
1554779929423,37.467,121.3,0.00549,0.423,0.281691351
1554779929484,37.528,121.3,0.00548,0.421,0.279848804
1554779929530,37.574,121.3,0.00548,0.421,0.279848804
1554779929576,37.62,121.3,0.00548,0.421,0.279848804
1554779929622,37.666,121.3,0.00548,0.421,0.279848804
1554779929684,37.728,121.3,0.00551,0.423,0.282717549
1554779929730,37.774,121.3,0.00551,0.423,0.282717549
1554779929777,37.821,121.3,0.00551,0.423,0.282717549
1554779929823,37.867,121.3,0.00551,0.423,0.282717549
1554779929884,37.928,121.4,0.00551,0.425,0.28428845
1554779929930,37.974,121.4,0.00551,0.425,0.28428845
1554779929976,38.02,121.4,0.00551,0.425,0.28428845
1554779930022,38.066,121.4,0.00551,0.425,0.28428845
1554779930084,38.128,121.4,0.00552,0.42,0.28145376
1554779930130,38.174,121.4,0.00552,0.42,0.28145376
1554779930177,38.221,121.4,0.00552,0.42,0.28145376
1554779930223,38.267,121.4,0.00552,0.42,0.28145376
1554779930284,38.328,121.3,0.00552,0.422,0.282561072
1554779930330,38.374,121.3,0.00552,0.422,0.282561072
1554779930376,38.42,121.3,0.00552,0.422,0.282561072
1554779930422,38.466,121.3,0.00552,0.422,0.282561072
1554779930484,38.528,121.3,0.00555,0.424,0.28544316
1554779930530,38.574,121.3,0.00555,0.424,0.28544316
1554779930576,38.62,121.3,0.00555,0.424,0.28544316
1554779930622,38.666,121.3,0.00555,0.424,0.28544316
1554779930684,38.729,121.4,0.00557,0.421,0.284679358
1554779930731,38.775,121.4,0.00557,0.421,0.284679358
1554779930777,38.821,121.4,0.00557,0.421,0.284679358
1554779930823,38.867,121.4,0.00557,0.421,0.284679358
1554779930884,38.928,121.4,0.00557,0.425,0.28738415
1554779930930,38.974,121.4,0.00557,0.425,0.28738415
1554779930976,39.02,121.4,0.00557,0.425,0.28738415
1554779931022,39.066,121.4,0.00557,0.425,0.28738415
1554779931084,39.128,121.4,0.00562,0.419,0.285870292
1554779931131,39.175,121.4,0.00562,0.419,0.285870292
1554779931177,39.221,121.4,0.00562,0.419,0.285870292
1554779931223,39.267,121.4,0.00562,0.419,0.285870292
1554779931284,39.328,121.4,0.00564,0.416,0.284833536
1554779931330,39.374,121.4,0.00564,0.416,0.284833536
1554779931376,39.42,121.4,0.00564,0.416,0.284833536
1554779931422,39.466,121.4,0.00564,0.416,0.284833536
1554779931484,39.528,121.4,0.00563,0.42,0.28706244
1554779931529,39.573,121.4,0.00563,0.42,0.28706244
1554779931575,39.62,121.4,0.00563,0.42,0.28706244
1554779931622,39.666,121.4,0.00563,0.42,0.28706244
1554779931684,39.728,121.4,0.00562,0.422,0.287917096
1554779931730,39.774,121.4,0.00562,0.422,0.287917096
1554779931776,39.82,121.4,0.00562,0.422,0.287917096
1554779931822,39.866,121.4,0.00562,0.422,0.287917096
1554779931883,39.927,121.4,0.0056,0.422,0.28689248
1554779931929,39.974,121.4,0.0056,0.422,0.28689248
1554779931976,40.02,121.4,0.0056,0.422,0.28689248
1554779932022,40.066,121.4,0.0056,0.422,0.28689248
1554779932084,40.128,121.4,0.0056,0.42,0.2855328
1554779932130,40.174,121.4,0.0056,0.42,0.2855328
1554779932176,40.22,121.4,0.0056,0.42,0.2855328
1554779932222,40.266,121.4,0.0056,0.42,0.2855328
1554779932283,40.327,121.4,0.00555,0.418,0.28163586
1554779932329,40.373,121.4,0.00555,0.418,0.28163586
1554779932375,40.419,121.4,0.00555,0.418,0.28163586
1554779932421,40.465,121.4,0.00555,0.418,0.28163586
1554779932484,40.528,121.4,0.00556,0.421,0.284168264
1554779932530,40.574,121.4,0.00556,0.421,0.284168264
1554779932576,40.62,121.4,0.00556,0.421,0.284168264
1554779932622,40.666,121.4,0.00556,0.421,0.284168264
1554779932684,40.728,121.4,0.00559,0.42,0.28502292
1554779932729,40.773,121.4,0.00559,0.42,0.28502292
1554779932775,40.819,121.4,0.00559,0.42,0.28502292
1554779932821,40.865,121.4,0.00559,0.42,0.28502292
1554779932884,40.928,121.4,0.00558,0.418,0.283158216
1554779932930,40.974,121.4,0.00558,0.418,0.283158216
1554779932976,41.02,121.4,0.00558,0.418,0.283158216
1554779933022,41.066,121.4,0.00558,0.418,0.283158216
1554779933083,41.127,121.4,0.00555,0.418,0.28163586
1554779933129,41.173,121.4,0.00555,0.418,0.28163586
1554779933175,41.219,121.4,0.00555,0.418,0.28163586
1554779933221,41.265,121.4,0.00555,0.418,0.28163586
1554779933284,41.328,121.4,0.00553,0.418,0.280620956
1554779933330,41.374,121.4,0.00553,0.418,0.280620956
1554779933376,41.42,121.4,0.00553,0.418,0.280620956
1554779933422,41.466,121.4,0.00553,0.418,0.280620956
1554779933484,41.528,121.4,0.00556,0.418,0.282143312
1554779933530,41.574,121.4,0.00556,0.418,0.282143312
1554779933576,41.62,121.4,0.00556,0.418,0.282143312
1554779933622,41.666,121.4,0.00556,0.418,0.282143312
1554779933683,41.727,121.4,0.00556,0.419,0.282818296
1554779933729,41.773,121.4,0.00556,0.419,0.282818296
1554779933776,41.82,121.4,0.00556,0.419,0.282818296
1554779933822,41.866,121.4,0.00556,0.419,0.282818296
1554779933884,41.928,121.4,0.00552,0.422,0.282794016
1554779933930,41.974,121.4,0.00552,0.422,0.282794016
1554779933976,42.02,121.4,0.00552,0.422,0.282794016
1554779934023,42.067,121.4,0.00552,0.422,0.282794016
1554779934084,42.128,121.4,0.00551,0.421,0.281612794
1554779934130,42.174,121.4,0.00551,0.421,0.281612794
1554779934176,42.22,121.4,0.00551,0.421,0.281612794
1554779934222,42.266,121.4,0.00551,0.421,0.281612794
1554779934284,42.328,121.4,0.00553,0.42,0.28196364
1554779934330,42.374,121.4,0.00553,0.42,0.28196364
1554779934376,42.42,121.4,0.00553,0.42,0.28196364
1554779934422,42.466,121.4,0.00553,0.42,0.28196364
1554779934483,42.527,121.3,0.00555,0.421,0.283423515
1554779934529,42.573,121.3,0.00555,0.421,0.283423515
1554779934575,42.619,121.3,0.00555,0.421,0.283423515
1554779934621,42.665,121.3,0.00555,0.421,0.283423515
1554779934684,42.728,121.4,0.00557,0.42,0.28400316
1554779934730,42.774,121.4,0.00557,0.42,0.28400316
1554779934776,42.82,121.4,0.00557,0.42,0.28400316
1554779934822,42.866,121.4,0.00557,0.42,0.28400316
1554779934884,42.928,121.4,0.00557,0.422,0.285355556
1554779934930,42.974,121.4,0.00557,0.422,0.285355556
1554779934976,43.02,121.4,0.00557,0.422,0.285355556
1554779935022,43.066,121.4,0.00557,0.422,0.285355556
1554779935083,43.127,121.4,0.00559,0.419,0.284344294
1554779935129,43.173,121.4,0.00559,0.419,0.284344294
1554779935176,43.22,121.4,0.00559,0.419,0.284344294
1554779935222,43.266,121.4,0.00559,0.419,0.284344294
1554779935283,43.327,121.4,0.00557,0.421,0.284679358
1554779935329,43.373,121.4,0.00557,0.421,0.284679358
1554779935375,43.419,121.4,0.00557,0.421,0.284679358
1554779935421,43.465,121.4,0.00557,0.421,0.284679358
1554779935484,43.528,121.4,0.00561,0.422,0.287404788
1554779935530,43.574,121.4,0.00561,0.422,0.287404788
1554779935576,43.62,121.4,0.00561,0.422,0.287404788
1554779935622,43.667,121.4,0.00561,0.422,0.287404788
1554779935684,43.728,121.4,0.00564,0.42,0.28757232
1554779935730,43.774,121.4,0.00564,0.42,0.28757232
1554779935776,43.82,121.4,0.00564,0.42,0.28757232
1554779935822,43.866,121.4,0.00564,0.42,0.28757232
1554779935883,43.927,121.5,0.00562,0.421,0.28747143
1554779935929,43.973,121.5,0.00562,0.421,0.28747143
1554779935975,44.019,121.5,0.00562,0.421,0.28747143
1554779936021,44.065,121.5,0.00562,0.421,0.28747143
1554779936083,44.128,121.5,0.00559,0.421,0.285936885
1554779936130,44.174,121.5,0.00559,0.421,0.285936885
1554779936176,44.22,121.5,0.00559,0.421,0.285936885
1554779936222,44.266,121.5,0.00559,0.421,0.285936885
1554779936283,44.327,121.4,0.00553,0.421,0.282634982
1554779936329,44.373,121.4,0.00553,0.421,0.282634982
1554779936375,44.419,121.4,0.00553,0.421,0.282634982
1554779936421,44.465,121.4,0.00553,0.421,0.282634982
1554779936483,44.527,121.4,0.00553,0.422,0.283306324
1554779936529,44.573,121.4,0.00553,0.422,0.283306324
1554779936575,44.619,121.4,0.00553,0.422,0.283306324
1554779936621,44.665,121.4,0.00553,0.422,0.283306324
1554779936684,44.728,121.4,0.00559,0.42,0.28502292
1554779936730,44.774,121.4,0.00559,0.42,0.28502292
1554779936776,44.82,121.4,0.00559,0.42,0.28502292
1554779936822,44.866,121.4,0.00559,0.42,0.28502292
1554779936883,44.927,121.4,0.00555,0.421,0.28365717
1554779936929,44.973,121.4,0.00555,0.421,0.28365717
1554779936975,45.019,121.4,0.00555,0.421,0.28365717
1554779937021,45.065,121.4,0.00555,0.421,0.28365717
1554779937084,45.128,121.4,0.00554,0.42,0.28247352
1554779937130,45.174,121.4,0.00554,0.42,0.28247352
1554779937176,45.22,121.4,0.00554,0.42,0.28247352
1554779937222,45.266,121.4,0.00554,0.42,0.28247352
1554779937284,45.328,121.4,0.00552,0.419,0.280783632
1554779937330,45.374,121.4,0.00552,0.419,0.280783632
1554779937376,45.42,121.4,0.00552,0.419,0.280783632
1554779937422,45.466,121.4,0.00552,0.419,0.280783632
1554779937483,45.527,121.3,0.00553,0.42,0.28173138
1554779937529,45.574,121.3,0.00553,0.42,0.28173138
1554779937575,45.62,121.3,0.00553,0.42,0.28173138
1554779937621,45.666,121.3,0.00553,0.42,0.28173138
1554779937683,45.727,121.3,0.00552,0.421,0.281891496
1554779937729,45.773,121.3,0.00552,0.421,0.281891496
1554779937775,45.819,121.3,0.00552,0.421,0.281891496
1554779937821,45.865,121.3,0.00552,0.421,0.281891496
1554779937883,45.927,121.4,0.00554,0.419,0.281800964
1554779937929,45.973,121.4,0.00554,0.419,0.281800964
1554779937975,46.02,121.4,0.00554,0.419,0.281800964
1554779938022,46.066,121.4,0.00554,0.419,0.281800964
1554779938083,46.127,121.4,0.00557,0.419,0.283326962
1554779938129,46.173,121.4,0.00557,0.419,0.283326962
1554779938175,46.219,121.4,0.00557,0.419,0.283326962
1554779938221,46.265,121.4,0.00557,0.419,0.283326962
1554779938283,46.327,121.4,0.00557,0.419,0.283326962
1554779938329,46.373,121.4,0.00557,0.419,0.283326962
1554779938375,46.419,121.4,0.00557,0.419,0.283326962
1554779938422,46.466,121.4,0.00557,0.419,0.283326962
1554779938483,46.527,121.3,0.00561,0.418,0.284446074
1554779938529,46.573,121.3,0.00561,0.418,0.284446074
1554779938575,46.619,121.3,0.00561,0.418,0.284446074
1554779938621,46.665,121.3,0.00561,0.418,0.284446074
1554779938683,46.727,121.4,0.00557,0.42,0.28400316
1554779938729,46.773,121.4,0.00557,0.42,0.28400316
1554779938775,46.819,121.4,0.00557,0.42,0.28400316
1554779938822,46.866,121.4,0.00557,0.42,0.28400316
1554779938883,46.927,121.4,0.00559,0.419,0.284344294
1554779938929,46.973,121.4,0.00559,0.419,0.284344294
1554779938975,47.019,121.4,0.00559,0.419,0.284344294
1554779939021,47.065,121.4,0.00559,0.419,0.284344294
1554779939083,47.127,121.4,0.00562,0.419,0.285870292
1554779939129,47.173,121.4,0.00562,0.419,0.285870292
1554779939175,47.219,121.4,0.00562,0.419,0.285870292
1554779939221,47.265,121.4,0.00562,0.419,0.285870292
1554779939283,47.327,121.4,0.0056,0.417,0.28349328
1554779939330,47.374,121.4,0.0056,0.417,0.28349328
1554779939376,47.42,121.4,0.0056,0.417,0.28349328
1554779939422,47.466,121.4,0.0056,0.417,0.28349328
1554779939483,47.527,121.4,0.0056,0.422,0.28689248
1554779939529,47.573,121.4,0.0056,0.422,0.28689248
1554779939575,47.619,121.4,0.0056,0.422,0.28689248
1554779939621,47.665,121.4,0.0056,0.422,0.28689248
1554779939682,47.726,121.4,0.00564,0.417,0.285518232
1554779939729,47.773,121.4,0.00564,0.417,0.285518232
1554779939775,47.819,121.4,0.00564,0.417,0.285518232
1554779939821,47.865,121.4,0.00564,0.417,0.285518232
1554779939883,47.927,121.4,0.00558,0.421,0.285190452
1554779939929,47.973,121.4,0.00558,0.421,0.285190452
1554779939975,48.019,121.4,0.00558,0.421,0.285190452
1554779940022,48.066,121.4,0.00558,0.421,0.285190452
1554779940083,48.127,121.5,0.00559,0.418,0.28389933
1554779940129,48.173,121.5,0.00559,0.418,0.28389933
1554779940175,48.219,121.5,0.00559,0.418,0.28389933
1554779940221,48.265,121.5,0.00559,0.418,0.28389933
1554779940283,48.327,121.4,0.00556,0.42,0.28349328
1554779940329,48.373,121.4,0.00556,0.42,0.28349328
1554779940376,48.42,121.4,0.00556,0.42,0.28349328
1554779940422,48.466,121.4,0.00556,0.42,0.28349328
1554779940483,48.527,121.4,0.00556,0.42,0.28349328
1554779940529,48.573,121.4,0.00556,0.42,0.28349328
1554779940575,48.619,121.4,0.00556,0.42,0.28349328
1554779940621,48.665,121.4,0.00556,0.42,0.28349328
1554779940683,48.727,121.4,0.0056,0.418,0.28417312
1554779940729,48.773,121.4,0.0056,0.418,0.28417312
1554779940776,48.82,121.4,0.0056,0.418,0.28417312
1554779940822,48.866,121.4,0.0056,0.418,0.28417312
1554779940883,48.927,121.4,0.00559,0.419,0.284344294
1554779940929,48.973,121.4,0.00559,0.419,0.284344294
1554779940975,49.019,121.4,0.00559,0.419,0.284344294
1554779941021,49.065,121.4,0.00559,0.419,0.284344294
1554779941083,49.127,121.4,0.00554,0.421,0.283146076
1554779941129,49.173,121.4,0.00554,0.421,0.283146076
1554779941175,49.219,121.4,0.00554,0.421,0.283146076
1554779941221,49.265,121.4,0.00554,0.421,0.283146076
1554779941282,49.326,121.4,0.0055,0.419,0.2797663
1554779941328,49.372,121.4,0.0055,0.419,0.2797663
1554779941375,49.419,121.4,0.0055,0.419,0.2797663
1554779941421,49.465,121.4,0.0055,0.419,0.2797663
1554779941483,49.527,121.4,0.0055,0.42,0.280434
1554779941529,49.573,121.4,0.0055,0.42,0.280434
1554779941575,49.619,121.4,0.0055,0.42,0.280434
1554779941622,49.666,121.4,0.0055,0.42,0.280434
1554779941682,49.726,121.3,0.00554,0.42,0.28224084
1554779941729,49.773,121.3,0.00554,0.42,0.28224084
1554779941775,49.819,121.3,0.00554,0.42,0.28224084
1554779941821,49.865,121.3,0.00554,0.42,0.28224084
1554779941883,49.927,121.3,0.00554,0.421,0.282912842
1554779941929,49.973,121.3,0.00554,0.421,0.282912842
1554779941975,50.019,121.3,0.00554,0.421,0.282912842
1554779942022,50.066,121.3,0.00554,0.421,0.282912842
1554779942083,50.127,121.3,0.00554,0.422,0.283584844
1554779942129,50.173,121.3,0.00554,0.422,0.283584844
1554779942175,50.219,121.3,0.00554,0.422,0.283584844
1554779942221,50.265,121.3,0.00554,0.422,0.283584844
1554779942282,50.326,121.3,0.00554,0.42,0.28224084
1554779942328,50.372,121.3,0.00554,0.42,0.28224084
1554779942375,50.419,121.3,0.00554,0.42,0.28224084
1554779942421,50.465,121.3,0.00554,0.42,0.28224084
1554779942483,50.527,121.3,0.00558,0.416,0.281571264
1554779942529,50.573,121.3,0.00558,0.416,0.281571264
1554779942575,50.619,121.3,0.00558,0.416,0.281571264
1554779942621,50.665,121.3,0.00558,0.416,0.281571264
1554779942682,50.726,121.3,0.00565,0.414,0.28373283
1554779942728,50.772,121.3,0.00565,0.414,0.28373283
1554779942774,50.818,121.3,0.00565,0.414,0.28373283
1554779942820,50.864,121.3,0.00565,0.414,0.28373283
1554779942883,50.927,121.4,0.00564,0.416,0.284833536
1554779942929,50.973,121.4,0.00564,0.416,0.284833536
1554779942975,51.019,121.4,0.00564,0.416,0.284833536
1554779943021,51.065,121.4,0.00564,0.416,0.284833536
1554779943082,51.126,121.4,0.00567,0.417,0.287036946
1554779943128,51.172,121.4,0.00567,0.417,0.287036946
1554779943174,51.218,121.4,0.00567,0.417,0.287036946
1554779943220,51.264,121.4,0.00567,0.417,0.287036946
1554779943283,51.327,121.4,0.00564,0.416,0.284833536
1554779943329,51.373,121.4,0.00564,0.416,0.284833536
1554779943375,51.419,121.4,0.00564,0.416,0.284833536
1554779943421,51.465,121.4,0.00564,0.416,0.284833536
1554779943482,51.527,121.4,0.00568,0.415,0.28616408
1554779943528,51.573,121.4,0.00568,0.415,0.28616408
1554779943575,51.619,121.4,0.00568,0.415,0.28616408
1554779943621,51.665,121.4,0.00568,0.415,0.28616408
1554779943682,51.726,121.4,0.00565,0.417,0.28602447
1554779943728,51.772,121.4,0.00565,0.417,0.28602447
1554779943774,51.818,121.4,0.00565,0.417,0.28602447
1554779943820,51.864,121.4,0.00565,0.417,0.28602447
1554779943882,51.927,121.4,0.00563,0.421,0.287745922
1554779943929,51.973,121.4,0.00563,0.421,0.287745922
1554779943975,52.019,121.4,0.00563,0.421,0.287745922
1554779944021,52.065,121.4,0.00563,0.421,0.287745922
1554779944082,52.126,121.4,0.00557,0.421,0.284679358
1554779944128,52.172,121.4,0.00557,0.421,0.284679358
1554779944174,52.218,121.4,0.00557,0.421,0.284679358
1554779944220,52.264,121.4,0.00557,0.421,0.284679358
1554779944283,52.327,121.4,0.00557,0.419,0.283326962
1554779944329,52.373,121.4,0.00557,0.419,0.283326962
1554779944375,52.419,121.4,0.00557,0.419,0.283326962
1554779944421,52.465,121.4,0.00557,0.419,0.283326962
1554779944482,52.526,121.4,0.00558,0.42,0.28451304
1554779944528,52.572,121.4,0.00558,0.42,0.28451304
1554779944574,52.618,121.4,0.00558,0.42,0.28451304
1554779944620,52.664,121.4,0.00558,0.42,0.28451304
1554779944682,52.726,121.4,0.00558,0.417,0.282480804
1554779944728,52.772,121.4,0.00558,0.417,0.282480804
1554779944775,52.819,121.4,0.00558,0.417,0.282480804
1554779944821,52.865,121.4,0.00558,0.417,0.282480804
1554779944882,52.926,121.4,0.00559,0.42,0.28502292
1554779944928,52.972,121.4,0.00559,0.42,0.28502292
1554779944974,53.018,121.4,0.00559,0.42,0.28502292
1554779945020,53.064,121.4,0.00559,0.42,0.28502292
1554779945083,53.127,121.4,0.00579,0.419,0.294517614
1554779945129,53.173,121.4,0.00579,0.419,0.294517614
1554779945175,53.219,121.4,0.00579,0.419,0.294517614
1554779945221,53.265,121.4,0.00579,0.419,0.294517614
1554779945282,53.326,121.4,0.00595,0.423,0.30554559
1554779945328,53.372,121.4,0.00595,0.423,0.30554559
1554779945374,53.418,121.4,0.00595,0.423,0.30554559
1554779945420,53.464,121.4,0.00595,0.423,0.30554559
1554779945482,53.526,121.4,0.00594,0.422,0.304310952
1554779945528,53.572,121.4,0.00594,0.422,0.304310952
1554779945575,53.619,121.4,0.00594,0.422,0.304310952
1554779945621,53.665,121.4,0.00594,0.422,0.304310952
1554779945682,53.726,121.4,0.00601,0.421,0.307167494
1554779945728,53.772,121.4,0.00601,0.421,0.307167494
1554779945774,53.818,121.4,0.00601,0.421,0.307167494
1554779945820,53.864,121.4,0.00601,0.421,0.307167494
1554779945882,53.926,121.4,0.00601,0.427,0.311545178
1554779945928,53.972,121.4,0.00601,0.427,0.311545178
1554779945974,54.018,121.4,0.00601,0.427,0.311545178
1554779946021,54.065,121.4,0.00601,0.427,0.311545178
1554779946082,54.126,121.4,0.00604,0.423,0.310167288
1554779946128,54.172,121.4,0.00604,0.423,0.310167288
1554779946174,54.218,121.4,0.00604,0.423,0.310167288
1554779946220,54.264,121.4,0.00604,0.423,0.310167288
1554779946282,54.326,121.4,0.00604,0.421,0.308700776
1554779946328,54.372,121.4,0.00604,0.421,0.308700776
You pressed Ctrl+C!
