# Mon Apr 08 21:55:36 2019
abstime,time_stamp,volt,curr,pf,mul
1554785736218,0.08,121.2,0.00574,0.425,0.2956674
1554785736265,0.127,121.2,0.00574,0.425,0.2956674
1554785736311,0.173,121.2,0.00574,0.425,0.2956674
1554785736357,0.219,121.2,0.00567,0.421,0.289312884
1554785736403,0.265,121.2,0.00567,0.421,0.289312884
1554785736448,0.31,121.2,0.00567,0.421,0.289312884
1554785736494,0.356,121.2,0.00567,0.421,0.289312884
1554785736540,0.402,121.2,0.00563,0.424,0.289318944
1554785736586,0.448,121.2,0.00563,0.424,0.289318944
1554785736632,0.494,121.2,0.00563,0.424,0.289318944
1554785736677,0.539,121.2,0.00563,0.424,0.289318944
1554785736740,0.602,121.2,0.00561,0.423,0.287611236
1554785736786,0.648,121.2,0.00561,0.423,0.287611236
1554785736832,0.694,121.2,0.00561,0.423,0.287611236
1554785736878,0.74,121.2,0.00561,0.423,0.287611236
1554785736940,0.802,121.2,0.0056,0.424,0.28777728
1554785736986,0.848,121.2,0.0056,0.424,0.28777728
1554785737032,0.894,121.2,0.0056,0.424,0.28777728
1554785737078,0.941,121.2,0.0056,0.424,0.28777728
1554785737141,1.003,121.2,0.00563,0.425,0.2900013
1554785737187,1.049,121.2,0.00563,0.425,0.2900013
1554785737233,1.095,121.2,0.00563,0.425,0.2900013
1554785737279,1.141,121.2,0.00563,0.425,0.2900013
1554785737340,1.202,121.2,0.00562,0.423,0.288123912
1554785737387,1.249,121.2,0.00562,0.423,0.288123912
1554785737433,1.295,121.2,0.00562,0.423,0.288123912
1554785737479,1.341,121.2,0.00562,0.423,0.288123912
1554785737540,1.402,121.2,0.00559,0.424,0.287263392
1554785737586,1.448,121.2,0.00559,0.424,0.287263392
1554785737632,1.494,121.2,0.00559,0.424,0.287263392
1554785737678,1.54,121.2,0.00559,0.424,0.287263392
1554785737740,1.602,121.2,0.00559,0.425,0.2879409
1554785737787,1.649,121.2,0.00559,0.425,0.2879409
1554785737833,1.695,121.2,0.00559,0.425,0.2879409
1554785737879,1.741,121.2,0.00559,0.425,0.2879409
1554785737940,1.802,121.2,0.00557,0.424,0.286235616
1554785737986,1.848,121.2,0.00557,0.424,0.286235616
1554785738032,1.894,121.2,0.00557,0.424,0.286235616
1554785738078,1.94,121.2,0.00557,0.424,0.286235616
1554785738141,2.003,121.2,0.0056,0.423,0.28709856
1554785738186,2.048,121.2,0.0056,0.423,0.28709856
1554785738233,2.095,121.2,0.0056,0.423,0.28709856
1554785738279,2.141,121.2,0.0056,0.423,0.28709856
1554785738340,2.202,121.2,0.00561,0.423,0.287611236
1554785738386,2.248,121.2,0.00561,0.423,0.287611236
1554785738432,2.294,121.2,0.00561,0.423,0.287611236
1554785738478,2.34,121.2,0.00561,0.423,0.287611236
1554785738541,2.403,121.2,0.00558,0.422,0.285396912
1554785738587,2.449,121.2,0.00558,0.422,0.285396912
1554785738633,2.495,121.2,0.00558,0.422,0.285396912
1554785738679,2.541,121.2,0.00558,0.422,0.285396912
1554785738740,2.602,121.2,0.00558,0.421,0.284720616
1554785738787,2.649,121.2,0.00558,0.421,0.284720616
1554785738833,2.695,121.2,0.00558,0.421,0.284720616
1554785738879,2.741,121.2,0.00558,0.421,0.284720616
1554785738940,2.802,121.2,0.00564,0.421,0.287782128
1554785738986,2.848,121.2,0.00564,0.421,0.287782128
1554785739033,2.895,121.2,0.00564,0.421,0.287782128
1554785739079,2.941,121.2,0.00564,0.421,0.287782128
1554785739140,3.002,121.2,0.00566,0.422,0.289488624
1554785739186,3.048,121.2,0.00566,0.422,0.289488624
1554785739232,3.094,121.2,0.00566,0.422,0.289488624
1554785739278,3.14,121.2,0.00566,0.422,0.289488624
1554785739340,3.202,121.2,0.00567,0.423,0.290687292
1554785739386,3.248,121.2,0.00567,0.423,0.290687292
1554785739433,3.295,121.2,0.00567,0.423,0.290687292
1554785739479,3.341,121.2,0.00567,0.423,0.290687292
1554785739540,3.402,121.2,0.00564,0.421,0.287782128
1554785739586,3.448,121.2,0.00564,0.421,0.287782128
1554785739632,3.494,121.2,0.00564,0.421,0.287782128
1554785739678,3.54,121.2,0.00564,0.421,0.287782128
1554785739740,3.602,121.1,0.0057,0.422,0.29129394
1554785739786,3.648,121.1,0.0057,0.422,0.29129394
1554785739832,3.694,121.1,0.0057,0.422,0.29129394
1554785739879,3.741,121.1,0.0057,0.422,0.29129394
1554785739940,3.802,121.1,0.00568,0.421,0.289584008
1554785739985,3.848,121.1,0.00568,0.421,0.289584008
1554785740032,3.894,121.1,0.00568,0.421,0.289584008
1554785740078,3.94,121.1,0.00568,0.421,0.289584008
1554785740140,4.002,121.1,0.0057,0.424,0.29267448
1554785740186,4.049,121.1,0.0057,0.424,0.29267448
1554785740233,4.095,121.1,0.0057,0.424,0.29267448
1554785740279,4.141,121.1,0.0057,0.424,0.29267448
1554785740340,4.202,121.2,0.00572,0.419,0.290477616
1554785740386,4.248,121.2,0.00572,0.419,0.290477616
1554785740432,4.294,121.2,0.00572,0.419,0.290477616
1554785740478,4.341,121.2,0.00572,0.419,0.290477616
1554785740540,4.402,121.1,0.00572,0.419,0.290237948
1554785740586,4.448,121.1,0.00572,0.419,0.290237948
1554785740632,4.494,121.1,0.00572,0.419,0.290237948
1554785740678,4.54,121.1,0.00572,0.419,0.290237948
1554785740741,4.603,121.1,0.00563,0.424,0.289080232
1554785740787,4.649,121.1,0.00563,0.424,0.289080232
1554785740833,4.695,121.1,0.00563,0.424,0.289080232
1554785740879,4.741,121.1,0.00563,0.424,0.289080232
1554785740940,4.802,121.1,0.00564,0.422,0.288227688
1554785740986,4.848,121.1,0.00564,0.422,0.288227688
1554785741032,4.894,121.1,0.00564,0.422,0.288227688
1554785741079,4.941,121.1,0.00564,0.422,0.288227688
1554785741140,5.002,121.1,0.00564,0.423,0.288910692
1554785741185,5.047,121.1,0.00564,0.423,0.288910692
1554785741232,5.094,121.1,0.00564,0.423,0.288910692
1554785741278,5.14,121.1,0.00564,0.423,0.288910692
1554785741340,5.202,121.2,0.00563,0.422,0.287954232
1554785741386,5.248,121.2,0.00563,0.422,0.287954232
1554785741432,5.294,121.2,0.00563,0.422,0.287954232
1554785741479,5.341,121.2,0.00563,0.422,0.287954232
1554785741540,5.402,121.2,0.00562,0.423,0.288123912
1554785741586,5.448,121.2,0.00562,0.423,0.288123912
1554785741632,5.494,121.2,0.00562,0.423,0.288123912
1554785741678,5.54,121.2,0.00562,0.423,0.288123912
1554785741740,5.602,121.2,0.00555,0.425,0.2858805
1554785741787,5.649,121.2,0.00555,0.425,0.2858805
1554785741833,5.695,121.2,0.00555,0.425,0.2858805
1554785741879,5.741,121.2,0.00555,0.425,0.2858805
1554785741940,5.802,121.2,0.00559,0.424,0.287263392
1554785741987,5.849,121.2,0.00559,0.424,0.287263392
1554785742033,5.895,121.2,0.00559,0.424,0.287263392
1554785742079,5.941,121.2,0.00559,0.424,0.287263392
1554785742140,6.002,121.2,0.00558,0.424,0.286749504
1554785742186,6.048,121.2,0.00558,0.424,0.286749504
1554785742232,6.094,121.2,0.00558,0.424,0.286749504
1554785742278,6.14,121.2,0.00558,0.424,0.286749504
1554785742339,6.201,121.2,0.0056,0.424,0.28777728
1554785742386,6.248,121.2,0.0056,0.424,0.28777728
1554785742432,6.294,121.2,0.0056,0.424,0.28777728
1554785742478,6.34,121.2,0.0056,0.424,0.28777728
1554785742540,6.402,121.2,0.00561,0.422,0.286931304
1554785742586,6.448,121.2,0.00561,0.422,0.286931304
1554785742633,6.495,121.2,0.00561,0.422,0.286931304
1554785742679,6.541,121.2,0.00561,0.422,0.286931304
1554785742740,6.602,121.2,0.00561,0.423,0.287611236
1554785742786,6.648,121.2,0.00561,0.423,0.287611236
1554785742832,6.694,121.2,0.00561,0.423,0.287611236
1554785742878,6.74,121.2,0.00561,0.423,0.287611236
1554785742939,6.801,121.2,0.0056,0.424,0.28777728
1554785742985,6.847,121.2,0.0056,0.424,0.28777728
1554785743031,6.894,121.2,0.0056,0.424,0.28777728
1554785743078,6.94,121.2,0.0056,0.424,0.28777728
1554785743140,7.002,121.2,0.00563,0.424,0.289318944
1554785743186,7.048,121.2,0.00563,0.424,0.289318944
1554785743232,7.094,121.2,0.00563,0.424,0.289318944
1554785743278,7.14,121.2,0.00563,0.424,0.289318944
1554785743339,7.202,121.1,0.00563,0.424,0.289080232
1554785743386,7.248,121.1,0.00563,0.424,0.289080232
1554785743432,7.294,121.1,0.00563,0.424,0.289080232
1554785743478,7.34,121.1,0.00563,0.424,0.289080232
1554785743540,7.402,121.2,0.00565,0.425,0.2910315
1554785743586,7.448,121.2,0.00565,0.425,0.2910315
1554785743632,7.494,121.2,0.00565,0.425,0.2910315
1554785743679,7.541,121.2,0.00565,0.425,0.2910315
1554785743740,7.602,121.2,0.00562,0.424,0.288805056
1554785743786,7.648,121.2,0.00562,0.424,0.288805056
1554785743832,7.694,121.2,0.00562,0.424,0.288805056
1554785743878,7.74,121.2,0.00562,0.424,0.288805056
1554785743940,7.802,121.1,0.00564,0.424,0.289593696
1554785743986,7.848,121.1,0.00564,0.424,0.289593696
1554785744032,7.894,121.1,0.00564,0.424,0.289593696
1554785744079,7.941,121.1,0.00564,0.424,0.289593696
1554785744140,8.002,121.1,0.00569,0.424,0.292161016
1554785744186,8.048,121.1,0.00569,0.424,0.292161016
1554785744232,8.094,121.1,0.00569,0.424,0.292161016
1554785744278,8.14,121.1,0.00569,0.424,0.292161016
1554785744340,8.202,121.1,0.00569,0.422,0.290782898
1554785744386,8.248,121.1,0.00569,0.422,0.290782898
1554785744433,8.295,121.1,0.00569,0.422,0.290782898
1554785744479,8.341,121.1,0.00569,0.422,0.290782898
1554785744540,8.402,121.1,0.00568,0.422,0.290271856
1554785744586,8.448,121.1,0.00568,0.422,0.290271856
1554785744632,8.494,121.1,0.00568,0.422,0.290271856
1554785744678,8.54,121.1,0.00568,0.422,0.290271856
1554785744739,8.601,121.1,0.00565,0.422,0.28873873
1554785744785,8.647,121.1,0.00565,0.422,0.28873873
1554785744832,8.694,121.1,0.00565,0.422,0.28873873
1554785744878,8.74,121.1,0.00565,0.422,0.28873873
1554785744940,8.802,121.1,0.00569,0.418,0.288026662
1554785744986,8.848,121.1,0.00569,0.418,0.288026662
1554785745032,8.894,121.1,0.00569,0.418,0.288026662
1554785745078,8.94,121.1,0.00569,0.418,0.288026662
1554785745139,9.001,121.1,0.00566,0.421,0.288564346
1554785745185,9.047,121.1,0.00566,0.421,0.288564346
1554785745232,9.094,121.1,0.00566,0.421,0.288564346
1554785745278,9.14,121.1,0.00566,0.421,0.288564346
1554785745340,9.202,121.1,0.00564,0.424,0.289593696
1554785745386,9.248,121.1,0.00564,0.424,0.289593696
1554785745432,9.294,121.1,0.00564,0.424,0.289593696
1554785745478,9.34,121.1,0.00564,0.424,0.289593696
1554785745539,9.401,121.1,0.00564,0.421,0.287544684
1554785745586,9.448,121.1,0.00564,0.421,0.287544684
1554785745632,9.494,121.1,0.00564,0.421,0.287544684
1554785745678,9.54,121.1,0.00564,0.421,0.287544684
1554785745740,9.602,121.1,0.00564,0.419,0.286178676
1554785745786,9.648,121.1,0.00564,0.419,0.286178676
1554785745832,9.694,121.1,0.00564,0.419,0.286178676
1554785745879,9.741,121.1,0.00564,0.419,0.286178676
1554785745940,9.802,121.1,0.00562,0.421,0.286525022
1554785745986,9.848,121.1,0.00562,0.421,0.286525022
1554785746032,9.894,121.1,0.00562,0.421,0.286525022
1554785746078,9.94,121.1,0.00562,0.421,0.286525022
1554785746139,10.001,121.1,0.00562,0.422,0.287205604
1554785746186,10.048,121.1,0.00562,0.422,0.287205604
1554785746232,10.094,121.1,0.00562,0.422,0.287205604
1554785746278,10.14,121.1,0.00562,0.422,0.287205604
1554785746339,10.201,121.2,0.00564,0.421,0.287782128
1554785746385,10.247,121.2,0.00564,0.421,0.287782128
1554785746431,10.293,121.2,0.00564,0.421,0.287782128
1554785746477,10.339,121.2,0.00564,0.421,0.287782128
1554785746539,10.401,121.2,0.00565,0.421,0.28829238
1554785746585,10.447,121.2,0.00565,0.421,0.28829238
1554785746632,10.494,121.2,0.00565,0.421,0.28829238
1554785746678,10.54,121.2,0.00565,0.421,0.28829238
1554785746740,10.602,121.2,0.0056,0.421,0.28574112
1554785746786,10.648,121.2,0.0056,0.421,0.28574112
1554785746832,10.694,121.2,0.0056,0.421,0.28574112
1554785746879,10.741,121.2,0.0056,0.421,0.28574112
1554785746940,10.802,121.1,0.00566,0.422,0.289249772
1554785746986,10.848,121.1,0.00566,0.422,0.289249772
1554785747032,10.894,121.1,0.00566,0.422,0.289249772
1554785747078,10.94,121.1,0.00566,0.422,0.289249772
1554785747139,11.001,121.1,0.00572,0.416,0.288159872
1554785747185,11.047,121.1,0.00572,0.416,0.288159872
1554785747231,11.093,121.1,0.00572,0.416,0.288159872
1554785747277,11.139,121.1,0.00572,0.416,0.288159872
1554785747340,11.202,121.2,0.00567,0.421,0.289312884
1554785747386,11.248,121.2,0.00567,0.421,0.289312884
1554785747432,11.294,121.2,0.00567,0.421,0.289312884
1554785747478,11.34,121.2,0.00567,0.421,0.289312884
1554785747539,11.401,121.2,0.00565,0.423,0.28966194
1554785747585,11.447,121.2,0.00565,0.423,0.28966194
1554785747632,11.494,121.2,0.00565,0.423,0.28966194
1554785747678,11.54,121.2,0.00565,0.423,0.28966194
1554785747740,11.602,121.2,0.00565,0.423,0.28966194
1554785747786,11.648,121.2,0.00565,0.423,0.28966194
1554785747832,11.694,121.2,0.00565,0.423,0.28966194
1554785747878,11.74,121.2,0.00565,0.423,0.28966194
1554785747940,11.802,121.1,0.00565,0.423,0.289422945
1554785747986,11.848,121.1,0.00565,0.423,0.289422945
1554785748032,11.894,121.1,0.00565,0.423,0.289422945
1554785748078,11.94,121.1,0.00565,0.423,0.289422945
1554785748139,12.001,121.1,0.00569,0.423,0.291471957
1554785748185,12.047,121.1,0.00569,0.423,0.291471957
1554785748231,12.093,121.1,0.00569,0.423,0.291471957
1554785748277,12.139,121.1,0.00569,0.423,0.291471957
1554785748340,12.202,121.1,0.00567,0.421,0.289074177
1554785748386,12.248,121.1,0.00567,0.421,0.289074177
1554785748432,12.294,121.1,0.00567,0.421,0.289074177
1554785748478,12.34,121.1,0.00567,0.421,0.289074177
1554785748539,12.401,121.1,0.00565,0.421,0.288054515
1554785748585,12.447,121.1,0.00565,0.421,0.288054515
1554785748632,12.494,121.1,0.00565,0.421,0.288054515
1554785748678,12.54,121.1,0.00565,0.421,0.288054515
1554785748740,12.602,121.1,0.00566,0.422,0.289249772
1554785748786,12.648,121.1,0.00566,0.422,0.289249772
1554785748832,12.694,121.1,0.00566,0.422,0.289249772
1554785748878,12.74,121.1,0.00566,0.422,0.289249772
1554785748939,12.801,121.1,0.00562,0.422,0.287205604
1554785748986,12.848,121.1,0.00562,0.422,0.287205604
1554785749032,12.894,121.1,0.00562,0.422,0.287205604
1554785749078,12.94,121.1,0.00562,0.422,0.287205604
1554785749139,13.001,121.1,0.00566,0.423,0.289935198
1554785749185,13.047,121.1,0.00566,0.423,0.289935198
1554785749231,13.093,121.1,0.00566,0.423,0.289935198
1554785749277,13.139,121.1,0.00566,0.423,0.289935198
1554785749340,13.202,121.1,0.00566,0.42,0.28787892
1554785749386,13.248,121.1,0.00566,0.42,0.28787892
1554785749432,13.294,121.1,0.00566,0.42,0.28787892
1554785749478,13.34,121.1,0.00566,0.42,0.28787892
1554785749539,13.401,121.1,0.00565,0.421,0.288054515
1554785749585,13.447,121.1,0.00565,0.421,0.288054515
1554785749631,13.494,121.1,0.00565,0.421,0.288054515
1554785749678,13.54,121.1,0.00565,0.421,0.288054515
1554785749740,13.602,121.1,0.0056,0.423,0.28686168
1554785749786,13.648,121.1,0.0056,0.423,0.28686168
1554785749832,13.694,121.1,0.0056,0.423,0.28686168
1554785749878,13.74,121.1,0.0056,0.423,0.28686168
1554785749939,13.801,121.1,0.00561,0.424,0.288053304
1554785749985,13.847,121.1,0.00561,0.424,0.288053304
1554785750031,13.893,121.1,0.00561,0.424,0.288053304
1554785750077,13.94,121.1,0.00561,0.424,0.288053304
1554785750140,14.002,121.1,0.00559,0.421,0.284995529
1554785750186,14.048,121.1,0.00559,0.421,0.284995529
1554785750232,14.094,121.1,0.00559,0.421,0.284995529
1554785750278,14.14,121.1,0.00559,0.421,0.284995529
1554785750340,14.202,121.1,0.00564,0.42,0.28686168
1554785750386,14.248,121.1,0.00564,0.42,0.28686168
1554785750432,14.294,121.1,0.00564,0.42,0.28686168
1554785750478,14.34,121.1,0.00564,0.42,0.28686168
1554785750539,14.401,121.2,0.00563,0.421,0.287271876
1554785750585,14.447,121.2,0.00563,0.421,0.287271876
1554785750631,14.493,121.2,0.00563,0.421,0.287271876
1554785750677,14.539,121.2,0.00563,0.421,0.287271876
1554785750739,14.601,121.2,0.00563,0.42,0.28658952
1554785750785,14.647,121.2,0.00563,0.42,0.28658952
1554785750832,14.694,121.2,0.00563,0.42,0.28658952
1554785750878,14.74,121.2,0.00563,0.42,0.28658952
1554785750939,14.801,121.2,0.00564,0.419,0.286414992
1554785750984,14.846,121.2,0.00564,0.419,0.286414992
1554785751031,14.893,121.2,0.00564,0.419,0.286414992
1554785751077,14.939,121.2,0.00564,0.419,0.286414992
1554785751139,15.001,121.2,0.00565,0.422,0.28897716
1554785751185,15.047,121.2,0.00565,0.422,0.28897716
1554785751231,15.093,121.2,0.00565,0.422,0.28897716
1554785751277,15.139,121.2,0.00565,0.422,0.28897716
1554785751340,15.202,121.2,0.00566,0.422,0.289488624
1554785751386,15.248,121.2,0.00566,0.422,0.289488624
1554785751432,15.294,121.2,0.00566,0.422,0.289488624
1554785751478,15.34,121.2,0.00566,0.422,0.289488624
1554785751539,15.402,121.2,0.00566,0.421,0.288802632
1554785751586,15.448,121.2,0.00566,0.421,0.288802632
1554785751632,15.494,121.2,0.00566,0.421,0.288802632
1554785751678,15.54,121.2,0.00566,0.421,0.288802632
1554785751739,15.601,121.2,0.00565,0.424,0.29034672
1554785751785,15.647,121.2,0.00565,0.424,0.29034672
1554785751831,15.693,121.2,0.00565,0.424,0.29034672
1554785751877,15.739,121.2,0.00565,0.424,0.29034672
1554785751939,15.801,121.2,0.00564,0.421,0.287782128
1554785751985,15.847,121.2,0.00564,0.421,0.287782128
1554785752031,15.893,121.2,0.00564,0.421,0.287782128
1554785752078,15.94,121.2,0.00564,0.421,0.287782128
1554785752139,16.001,121.1,0.00569,0.424,0.292161016
1554785752185,16.047,121.1,0.00569,0.424,0.292161016
1554785752231,16.093,121.1,0.00569,0.424,0.292161016
1554785752277,16.139,121.1,0.00569,0.424,0.292161016
1554785752339,16.201,121.2,0.00568,0.423,0.291199968
1554785752385,16.247,121.2,0.00568,0.423,0.291199968
1554785752431,16.293,121.2,0.00568,0.423,0.291199968
1554785752477,16.34,121.2,0.00568,0.423,0.291199968
1554785752539,16.401,121.2,0.00566,0.425,0.2915466
1554785752585,16.447,121.2,0.00566,0.425,0.2915466
1554785752631,16.493,121.2,0.00566,0.425,0.2915466
1554785752677,16.539,121.2,0.00566,0.425,0.2915466
1554785752740,16.602,121.1,0.00563,0.42,0.28635306
1554785752786,16.648,121.1,0.00563,0.42,0.28635306
1554785752832,16.694,121.1,0.00563,0.42,0.28635306
1554785752878,16.74,121.1,0.00563,0.42,0.28635306
1554785752939,16.801,121.1,0.00562,0.422,0.287205604
1554785752985,16.847,121.1,0.00562,0.422,0.287205604
1554785753031,16.893,121.1,0.00562,0.422,0.287205604
1554785753077,16.94,121.1,0.00562,0.422,0.287205604
1554785753139,17.001,121.1,0.00563,0.424,0.289080232
1554785753185,17.047,121.1,0.00563,0.424,0.289080232
1554785753231,17.093,121.1,0.00563,0.424,0.289080232
1554785753277,17.139,121.1,0.00563,0.424,0.289080232
1554785753340,17.202,121.1,0.00561,0.423,0.287373933
1554785753386,17.248,121.1,0.00561,0.423,0.287373933
1554785753432,17.294,121.1,0.00561,0.423,0.287373933
1554785753478,17.34,121.1,0.00561,0.423,0.287373933
1554785753539,17.401,121.1,0.00563,0.418,0.284989474
1554785753585,17.447,121.1,0.00563,0.418,0.284989474
1554785753631,17.493,121.1,0.00563,0.418,0.284989474
1554785753677,17.539,121.1,0.00563,0.418,0.284989474
1554785753740,17.602,121.1,0.00563,0.419,0.285671267
1554785753786,17.648,121.1,0.00563,0.419,0.285671267
1554785753832,17.694,121.1,0.00563,0.419,0.285671267
1554785753878,17.74,121.1,0.00563,0.419,0.285671267
1554785753939,17.801,121.1,0.00558,0.424,0.286512912
1554785753985,17.847,121.1,0.00558,0.424,0.286512912
1554785754032,17.894,121.1,0.00558,0.424,0.286512912
1554785754078,17.94,121.1,0.00558,0.424,0.286512912
1554785754139,18.001,121.1,0.00563,0.422,0.287716646
1554785754184,18.046,121.1,0.00563,0.422,0.287716646
1554785754231,18.093,121.1,0.00563,0.422,0.287716646
1554785754277,18.139,121.1,0.00563,0.422,0.287716646
1554785754339,18.201,121.2,0.0056,0.423,0.28709856
1554785754385,18.247,121.2,0.0056,0.423,0.28709856
1554785754431,18.293,121.2,0.0056,0.423,0.28709856
1554785754478,18.34,121.2,0.0056,0.423,0.28709856
1554785754539,18.401,121.2,0.00564,0.421,0.287782128
1554785754585,18.447,121.2,0.00564,0.421,0.287782128
1554785754631,18.493,121.2,0.00564,0.421,0.287782128
1554785754677,18.539,121.2,0.00564,0.421,0.287782128
1554785754739,18.601,121.2,0.00561,0.422,0.286931304
1554785754785,18.647,121.2,0.00561,0.422,0.286931304
1554785754831,18.693,121.2,0.00561,0.422,0.286931304
1554785754878,18.74,121.2,0.00561,0.422,0.286931304
1554785754939,18.801,121.2,0.00563,0.421,0.287271876
1554785754984,18.846,121.2,0.00563,0.421,0.287271876
1554785755031,18.893,121.2,0.00563,0.421,0.287271876
1554785755077,18.939,121.2,0.00563,0.421,0.287271876
1554785755139,19.001,121.2,0.00567,0.422,0.290000088
1554785755185,19.047,121.2,0.00567,0.422,0.290000088
1554785755231,19.093,121.2,0.00567,0.422,0.290000088
1554785755277,19.139,121.2,0.00567,0.422,0.290000088
1554785755339,19.201,121.2,0.00563,0.423,0.288636588
1554785755384,19.246,121.2,0.00563,0.423,0.288636588
1554785755431,19.293,121.2,0.00563,0.423,0.288636588
1554785755477,19.339,121.2,0.00563,0.423,0.288636588
1554785755539,19.401,121.2,0.00564,0.423,0.289149264
1554785755585,19.447,121.2,0.00564,0.423,0.289149264
1554785755631,19.493,121.2,0.00564,0.423,0.289149264
1554785755677,19.539,121.2,0.00564,0.423,0.289149264
1554785755739,19.601,121.2,0.00571,0.42,0.29066184
1554785755784,19.646,121.2,0.00571,0.42,0.29066184
1554785755830,19.693,121.2,0.00571,0.42,0.29066184
1554785755876,19.739,121.2,0.00571,0.42,0.29066184
1554785755939,19.801,121.1,0.00567,0.421,0.289074177
1554785755985,19.847,121.1,0.00567,0.421,0.289074177
1554785756031,19.893,121.1,0.00567,0.421,0.289074177
1554785756077,19.939,121.1,0.00567,0.421,0.289074177
1554785756139,20.001,121.1,0.0057,0.42,0.2899134
1554785756186,20.048,121.1,0.0057,0.42,0.2899134
1554785756232,20.094,121.1,0.0057,0.42,0.2899134
1554785756278,20.14,121.1,0.0057,0.42,0.2899134
1554785756339,20.201,121.2,0.00568,0.422,0.290511552
1554785756385,20.247,121.2,0.00568,0.422,0.290511552
1554785756431,20.293,121.2,0.00568,0.422,0.290511552
1554785756478,20.34,121.2,0.00568,0.422,0.290511552
1554785756539,20.401,121.1,0.00568,0.421,0.289584008
1554785756584,20.446,121.1,0.00568,0.421,0.289584008
1554785756630,20.492,121.1,0.00568,0.421,0.289584008
1554785756677,20.539,121.1,0.00568,0.421,0.289584008
1554785756739,20.601,121.2,0.00566,0.422,0.289488624
1554785756785,20.647,121.2,0.00566,0.422,0.289488624
1554785756831,20.693,121.2,0.00566,0.422,0.289488624
1554785756878,20.74,121.2,0.00566,0.422,0.289488624
1554785756939,20.801,121.1,0.00563,0.421,0.287034853
1554785756985,20.847,121.1,0.00563,0.421,0.287034853
1554785757031,20.893,121.1,0.00563,0.421,0.287034853
1554785757077,20.939,121.1,0.00563,0.421,0.287034853
1554785757139,21.001,121.1,0.00567,0.422,0.289760814
1554785757186,21.048,121.1,0.00567,0.422,0.289760814
1554785757232,21.094,121.1,0.00567,0.422,0.289760814
1554785757278,21.14,121.1,0.00567,0.422,0.289760814
1554785757339,21.201,121.1,0.00564,0.422,0.288227688
1554785757385,21.247,121.1,0.00564,0.422,0.288227688
1554785757431,21.293,121.1,0.00564,0.422,0.288227688
1554785757478,21.34,121.1,0.00564,0.422,0.288227688
1554785757539,21.401,121.1,0.00565,0.422,0.28873873
1554785757585,21.447,121.1,0.00565,0.422,0.28873873
1554785757631,21.493,121.1,0.00565,0.422,0.28873873
1554785757677,21.539,121.1,0.00565,0.422,0.28873873
1554785757739,21.601,121.1,0.00562,0.421,0.286525022
1554785757786,21.648,121.1,0.00562,0.421,0.286525022
1554785757832,21.694,121.1,0.00562,0.421,0.286525022
1554785757878,21.74,121.1,0.00562,0.421,0.286525022
1554785757939,21.801,121.1,0.00564,0.415,0.28344666
1554785757985,21.847,121.1,0.00564,0.415,0.28344666
1554785758031,21.893,121.1,0.00564,0.415,0.28344666
1554785758077,21.94,121.1,0.00564,0.415,0.28344666
1554785758139,22.001,121.1,0.00563,0.419,0.285671267
1554785758184,22.046,121.1,0.00563,0.419,0.285671267
1554785758231,22.093,121.1,0.00563,0.419,0.285671267
1554785758277,22.139,121.1,0.00563,0.419,0.285671267
1554785758339,22.201,121.1,0.00564,0.421,0.287544684
1554785758385,22.247,121.1,0.00564,0.421,0.287544684
1554785758431,22.293,121.1,0.00564,0.421,0.287544684
1554785758478,22.34,121.1,0.00564,0.421,0.287544684
1554785758539,22.401,121.2,0.00567,0.419,0.287938476
1554785758585,22.447,121.2,0.00567,0.419,0.287938476
1554785758631,22.493,121.2,0.00567,0.419,0.287938476
1554785758677,22.539,121.2,0.00567,0.419,0.287938476
1554785758739,22.601,121.2,0.00565,0.421,0.28829238
1554785758785,22.647,121.2,0.00565,0.421,0.28829238
1554785758831,22.693,121.2,0.00565,0.421,0.28829238
1554785758877,22.739,121.2,0.00565,0.421,0.28829238
1554785758939,22.801,121.2,0.00564,0.42,0.28709856
1554785758985,22.847,121.2,0.00564,0.42,0.28709856
1554785759031,22.894,121.2,0.00564,0.42,0.28709856
1554785759078,22.94,121.2,0.00564,0.42,0.28709856
1554785759139,23.001,121.2,0.00566,0.422,0.289488624
1554785759185,23.047,121.2,0.00566,0.422,0.289488624
1554785759231,23.093,121.2,0.00566,0.422,0.289488624
1554785759277,23.139,121.2,0.00566,0.422,0.289488624
1554785759339,23.201,121.2,0.00568,0.421,0.289823136
1554785759385,23.247,121.2,0.00568,0.421,0.289823136
1554785759431,23.294,121.2,0.00568,0.421,0.289823136
1554785759478,23.34,121.2,0.00568,0.421,0.289823136
1554785759539,23.401,121.2,0.00566,0.421,0.288802632
1554785759585,23.447,121.2,0.00566,0.421,0.288802632
1554785759631,23.493,121.2,0.00566,0.421,0.288802632
1554785759677,23.539,121.2,0.00566,0.421,0.288802632
1554785759738,23.6,121.2,0.00569,0.423,0.291712644
1554785759784,23.646,121.2,0.00569,0.423,0.291712644
1554785759830,23.692,121.2,0.00569,0.423,0.291712644
1554785759876,23.738,121.2,0.00569,0.423,0.291712644
1554785759939,23.801,121.2,0.00569,0.418,0.288264504
1554785759985,23.847,121.2,0.00569,0.418,0.288264504
1554785760031,23.893,121.2,0.00569,0.418,0.288264504
1554785760077,23.939,121.2,0.00569,0.418,0.288264504
1554785760139,24.001,121.2,0.00573,0.419,0.290985444
1554785760185,24.047,121.2,0.00573,0.419,0.290985444
1554785760232,24.094,121.2,0.00573,0.419,0.290985444
1554785760278,24.14,121.2,0.00573,0.419,0.290985444
1554785760339,24.201,121.2,0.00569,0.421,0.290333388
1554785760385,24.247,121.2,0.00569,0.421,0.290333388
1554785760431,24.293,121.2,0.00569,0.421,0.290333388
1554785760477,24.339,121.2,0.00569,0.421,0.290333388
1554785760538,24.4,121.2,0.00566,0.421,0.288802632
1554785760584,24.446,121.2,0.00566,0.421,0.288802632
1554785760630,24.492,121.2,0.00566,0.421,0.288802632
1554785760677,24.539,121.2,0.00566,0.421,0.288802632
1554785760739,24.601,121.1,0.00565,0.418,0.28600187
1554785760785,24.647,121.1,0.00565,0.418,0.28600187
1554785760831,24.693,121.1,0.00565,0.418,0.28600187
1554785760877,24.739,121.1,0.00565,0.418,0.28600187
1554785760939,24.801,121.1,0.00563,0.423,0.288398439
1554785760985,24.847,121.1,0.00563,0.423,0.288398439
1554785761032,24.894,121.1,0.00563,0.423,0.288398439
1554785761078,24.94,121.1,0.00563,0.423,0.288398439
1554785761139,25.001,121.1,0.00562,0.421,0.286525022
1554785761185,25.047,121.1,0.00562,0.421,0.286525022
1554785761231,25.093,121.1,0.00562,0.421,0.286525022
1554785761277,25.139,121.1,0.00562,0.421,0.286525022
1554785761338,25.2,121.1,0.00563,0.422,0.287716646
1554785761384,25.246,121.1,0.00563,0.422,0.287716646
1554785761430,25.292,121.1,0.00563,0.422,0.287716646
1554785761476,25.338,121.1,0.00563,0.422,0.287716646
1554785761539,25.401,121.1,0.00564,0.42,0.28686168
1554785761585,25.447,121.1,0.00564,0.42,0.28686168
1554785761631,25.493,121.1,0.00564,0.42,0.28686168
1554785761677,25.539,121.1,0.00564,0.42,0.28686168
1554785761738,25.6,121.1,0.00565,0.42,0.2873703
1554785761784,25.646,121.1,0.00565,0.42,0.2873703
1554785761830,25.692,121.1,0.00565,0.42,0.2873703
1554785761876,25.738,121.1,0.00565,0.42,0.2873703
1554785761938,25.8,121.1,0.00559,0.421,0.284995529
1554785761985,25.847,121.1,0.00559,0.421,0.284995529
1554785762031,25.893,121.1,0.00559,0.421,0.284995529
1554785762077,25.939,121.1,0.00559,0.421,0.284995529
1554785762138,26.0,121.0,0.00566,0.416,0.28490176
1554785762184,26.046,121.0,0.00566,0.416,0.28490176
1554785762230,26.092,121.0,0.00566,0.416,0.28490176
1554785762276,26.138,121.0,0.00566,0.416,0.28490176
1554785762339,26.201,121.0,0.00565,0.419,0.28644935
1554785762385,26.247,121.0,0.00565,0.419,0.28644935
1554785762431,26.293,121.0,0.00565,0.419,0.28644935
1554785762477,26.339,121.0,0.00565,0.419,0.28644935
1554785762538,26.4,121.1,0.00565,0.422,0.28873873
1554785762584,26.446,121.1,0.00565,0.422,0.28873873
1554785762630,26.492,121.1,0.00565,0.422,0.28873873
1554785762676,26.538,121.1,0.00565,0.422,0.28873873
1554785762739,26.601,121.1,0.00562,0.42,0.28584444
1554785762785,26.647,121.1,0.00562,0.42,0.28584444
1554785762831,26.693,121.1,0.00562,0.42,0.28584444
1554785762877,26.739,121.1,0.00562,0.42,0.28584444
1554785762938,26.8,121.1,0.00564,0.421,0.287544684
1554785762984,26.846,121.1,0.00564,0.421,0.287544684
1554785763030,26.893,121.1,0.00564,0.421,0.287544684
1554785763077,26.939,121.1,0.00564,0.421,0.287544684
1554785763139,27.001,121.1,0.00568,0.42,0.28889616
1554785763185,27.047,121.1,0.00568,0.42,0.28889616
1554785763231,27.093,121.1,0.00568,0.42,0.28889616
1554785763277,27.139,121.1,0.00568,0.42,0.28889616
1554785763339,27.201,121.1,0.00569,0.42,0.28940478
1554785763385,27.247,121.1,0.00569,0.42,0.28940478
1554785763431,27.293,121.1,0.00569,0.42,0.28940478
1554785763477,27.339,121.1,0.00569,0.42,0.28940478
1554785763538,27.4,121.2,0.00568,0.42,0.28913472
1554785763584,27.446,121.2,0.00568,0.42,0.28913472
1554785763630,27.492,121.2,0.00568,0.42,0.28913472
1554785763676,27.538,121.2,0.00568,0.42,0.28913472
1554785763738,27.6,121.2,0.00571,0.42,0.29066184
1554785763784,27.646,121.2,0.00571,0.42,0.29066184
1554785763831,27.693,121.2,0.00571,0.42,0.29066184
1554785763877,27.739,121.2,0.00571,0.42,0.29066184
1554785763939,27.801,121.2,0.00568,0.42,0.28913472
1554785763985,27.847,121.2,0.00568,0.42,0.28913472
1554785764031,27.893,121.2,0.00568,0.42,0.28913472
1554785764077,27.939,121.2,0.00568,0.42,0.28913472
1554785764138,28.0,121.2,0.0057,0.422,0.29153448
1554785764184,28.046,121.2,0.0057,0.422,0.29153448
1554785764231,28.093,121.2,0.0057,0.422,0.29153448
1554785764277,28.139,121.2,0.0057,0.422,0.29153448
1554785764338,28.2,121.2,0.00571,0.42,0.29066184
1554785764384,28.246,121.2,0.00571,0.42,0.29066184
1554785764430,28.292,121.2,0.00571,0.42,0.29066184
1554785764476,28.338,121.2,0.00571,0.42,0.29066184
1554785764539,28.401,121.2,0.00568,0.422,0.290511552
1554785764584,28.447,121.2,0.00568,0.422,0.290511552
1554785764630,28.492,121.2,0.00568,0.422,0.290511552
1554785764677,28.539,121.2,0.00568,0.422,0.290511552
1554785764739,28.601,121.2,0.00562,0.425,0.2894862
1554785764785,28.647,121.2,0.00562,0.425,0.2894862
1554785764831,28.693,121.2,0.00562,0.425,0.2894862
1554785764877,28.739,121.2,0.00562,0.425,0.2894862
1554785764939,28.801,121.1,0.00563,0.421,0.287034853
1554785764985,28.847,121.1,0.00563,0.421,0.287034853
1554785765031,28.893,121.1,0.00563,0.421,0.287034853
1554785765077,28.939,121.1,0.00563,0.421,0.287034853
1554785765138,29.0,121.1,0.00562,0.421,0.286525022
1554785765184,29.046,121.1,0.00562,0.421,0.286525022
1554785765230,29.092,121.1,0.00562,0.421,0.286525022
1554785765276,29.138,121.1,0.00562,0.421,0.286525022
1554785765339,29.201,121.1,0.00565,0.421,0.288054515
1554785765385,29.247,121.1,0.00565,0.421,0.288054515
1554785765431,29.293,121.1,0.00565,0.421,0.288054515
1554785765477,29.339,121.1,0.00565,0.421,0.288054515
1554785765538,29.4,121.1,0.00564,0.42,0.28686168
1554785765584,29.446,121.1,0.00564,0.42,0.28686168
1554785765630,29.492,121.1,0.00564,0.42,0.28686168
1554785765676,29.538,121.1,0.00564,0.42,0.28686168
1554785765739,29.601,121.1,0.00565,0.42,0.2873703
1554785765785,29.647,121.1,0.00565,0.42,0.2873703
1554785765831,29.693,121.1,0.00565,0.42,0.2873703
1554785765877,29.739,121.1,0.00565,0.42,0.2873703
1554785765938,29.8,121.1,0.00561,0.418,0.283977078
1554785765984,29.846,121.1,0.00561,0.418,0.283977078
1554785766030,29.892,121.1,0.00561,0.418,0.283977078
1554785766076,29.938,121.1,0.00561,0.418,0.283977078
1554785766138,30.0,121.1,0.0056,0.422,0.28618352
1554785766185,30.047,121.1,0.0056,0.422,0.28618352
1554785766231,30.093,121.1,0.0056,0.422,0.28618352
1554785766277,30.139,121.1,0.0056,0.422,0.28618352
1554785766338,30.2,121.0,0.00562,0.424,0.28832848
1554785766384,30.246,121.0,0.00562,0.424,0.28832848
1554785766430,30.292,121.0,0.00562,0.424,0.28832848
1554785766476,30.338,121.0,0.00562,0.424,0.28832848
1554785766539,30.401,121.1,0.00563,0.421,0.287034853
1554785766585,30.447,121.1,0.00563,0.421,0.287034853
1554785766631,30.493,121.1,0.00563,0.421,0.287034853
1554785766677,30.539,121.1,0.00563,0.421,0.287034853
1554785766738,30.6,121.1,0.00564,0.42,0.28686168
1554785766784,30.646,121.1,0.00564,0.42,0.28686168
1554785766830,30.692,121.1,0.00564,0.42,0.28686168
1554785766876,30.738,121.1,0.00564,0.42,0.28686168
1554785766939,30.801,121.1,0.00563,0.422,0.287716646
1554785766985,30.847,121.1,0.00563,0.422,0.287716646
1554785767031,30.893,121.1,0.00563,0.422,0.287716646
1554785767077,30.939,121.1,0.00563,0.422,0.287716646
1554785767138,31.0,121.1,0.00563,0.423,0.288398439
1554785767185,31.047,121.1,0.00563,0.423,0.288398439
1554785767231,31.093,121.1,0.00563,0.423,0.288398439
1554785767277,31.139,121.1,0.00563,0.423,0.288398439
1554785767338,31.2,121.1,0.00566,0.421,0.288564346
1554785767384,31.246,121.1,0.00566,0.421,0.288564346
1554785767430,31.292,121.1,0.00566,0.421,0.288564346
1554785767476,31.338,121.1,0.00566,0.421,0.288564346
1554785767538,31.4,121.1,0.00568,0.422,0.290271856
1554785767584,31.446,121.1,0.00568,0.422,0.290271856
1554785767631,31.493,121.1,0.00568,0.422,0.290271856
1554785767677,31.539,121.1,0.00568,0.422,0.290271856
1554785767738,31.6,121.1,0.00569,0.423,0.291471957
1554785767784,31.646,121.1,0.00569,0.423,0.291471957
1554785767830,31.692,121.1,0.00569,0.423,0.291471957
1554785767876,31.738,121.1,0.00569,0.423,0.291471957
1554785767938,31.8,121.1,0.00566,0.422,0.289249772
1554785767984,31.846,121.1,0.00566,0.422,0.289249772
1554785768031,31.893,121.1,0.00566,0.422,0.289249772
1554785768077,31.939,121.1,0.00566,0.422,0.289249772
1554785768138,32.0,121.1,0.00568,0.424,0.291647552
1554785768184,32.046,121.1,0.00568,0.424,0.291647552
1554785768230,32.092,121.1,0.00568,0.424,0.291647552
1554785768276,32.138,121.1,0.00568,0.424,0.291647552
1554785768339,32.201,121.1,0.00569,0.421,0.290093839
1554785768385,32.247,121.1,0.00569,0.421,0.290093839
1554785768431,32.293,121.1,0.00569,0.421,0.290093839
1554785768477,32.339,121.1,0.00569,0.421,0.290093839
1554785768538,32.4,121.2,0.00567,0.423,0.290687292
1554785768584,32.446,121.2,0.00567,0.423,0.290687292
1554785768631,32.493,121.2,0.00567,0.423,0.290687292
1554785768677,32.539,121.2,0.00567,0.423,0.290687292
1554785768738,32.6,121.2,0.0057,0.419,0.28946196
1554785768784,32.646,121.2,0.0057,0.419,0.28946196
1554785768830,32.692,121.2,0.0057,0.419,0.28946196
1554785768876,32.738,121.2,0.0057,0.419,0.28946196
1554785768939,32.801,121.2,0.00569,0.416,0.286885248
1554785768985,32.847,121.2,0.00569,0.416,0.286885248
1554785769031,32.893,121.2,0.00569,0.416,0.286885248
1554785769077,32.939,121.2,0.00569,0.416,0.286885248
1554785769138,33.0,121.1,0.00564,0.421,0.287544684
1554785769184,33.046,121.1,0.00564,0.421,0.287544684
1554785769231,33.093,121.1,0.00564,0.421,0.287544684
1554785769277,33.139,121.1,0.00564,0.421,0.287544684
1554785769338,33.2,121.1,0.00564,0.423,0.288910692
1554785769383,33.246,121.1,0.00564,0.423,0.288910692
1554785769430,33.292,121.1,0.00564,0.423,0.288910692
1554785769476,33.338,121.1,0.00564,0.423,0.288910692
1554785769538,33.4,121.1,0.00559,0.421,0.284995529
1554785769584,33.446,121.1,0.00559,0.421,0.284995529
1554785769631,33.493,121.1,0.00559,0.421,0.284995529
1554785769676,33.539,121.1,0.00559,0.421,0.284995529
1554785769738,33.6,121.1,0.0056,0.42,0.2848272
1554785769784,33.646,121.1,0.0056,0.42,0.2848272
1554785769830,33.692,121.1,0.0056,0.42,0.2848272
1554785769876,33.738,121.1,0.0056,0.42,0.2848272
1554785769938,33.8,121.1,0.0056,0.423,0.28686168
1554785769984,33.846,121.1,0.0056,0.423,0.28686168
1554785770030,33.892,121.1,0.0056,0.423,0.28686168
1554785770076,33.938,121.1,0.0056,0.423,0.28686168
1554785770138,34.0,121.1,0.00559,0.421,0.284995529
1554785770183,34.045,121.1,0.00559,0.421,0.284995529
1554785770230,34.092,121.1,0.00559,0.421,0.284995529
1554785770276,34.138,121.1,0.00559,0.421,0.284995529
1554785770338,34.2,121.1,0.00561,0.423,0.287373933
1554785770384,34.246,121.1,0.00561,0.423,0.287373933
1554785770430,34.292,121.1,0.00561,0.423,0.287373933
1554785770476,34.338,121.1,0.00561,0.423,0.287373933
1554785770537,34.399,121.1,0.00561,0.424,0.288053304
1554785770583,34.445,121.1,0.00561,0.424,0.288053304
1554785770630,34.492,121.1,0.00561,0.424,0.288053304
1554785770676,34.538,121.1,0.00561,0.424,0.288053304
1554785770738,34.6,121.1,0.00565,0.422,0.28873873
1554785770784,34.646,121.1,0.00565,0.422,0.28873873
1554785770830,34.692,121.1,0.00565,0.422,0.28873873
1554785770877,34.739,121.1,0.00565,0.422,0.28873873
1554785770938,34.8,121.1,0.00562,0.423,0.287886186
1554785770984,34.846,121.1,0.00562,0.423,0.287886186
1554785771030,34.892,121.1,0.00562,0.423,0.287886186
1554785771076,34.938,121.1,0.00562,0.423,0.287886186
1554785771138,35.0,121.1,0.00568,0.419,0.288208312
1554785771184,35.046,121.1,0.00568,0.419,0.288208312
1554785771230,35.092,121.1,0.00568,0.419,0.288208312
1554785771276,35.138,121.1,0.00568,0.419,0.288208312
1554785771337,35.199,121.1,0.00566,0.42,0.28787892
1554785771383,35.245,121.1,0.00566,0.42,0.28787892
1554785771429,35.291,121.1,0.00566,0.42,0.28787892
1554785771476,35.338,121.1,0.00566,0.42,0.28787892
1554785771538,35.4,121.1,0.00569,0.423,0.291471957
1554785771584,35.446,121.1,0.00569,0.423,0.291471957
1554785771630,35.492,121.1,0.00569,0.423,0.291471957
1554785771676,35.538,121.1,0.00569,0.423,0.291471957
1554785771738,35.6,121.1,0.00566,0.422,0.289249772
1554785771785,35.647,121.1,0.00566,0.422,0.289249772
1554785771831,35.693,121.1,0.00566,0.422,0.289249772
1554785771877,35.739,121.1,0.00566,0.422,0.289249772
1554785771938,35.8,121.2,0.00566,0.421,0.288802632
1554785771984,35.846,121.2,0.00566,0.421,0.288802632
1554785772030,35.892,121.2,0.00566,0.421,0.288802632
1554785772076,35.938,121.2,0.00566,0.421,0.288802632
1554785772137,36.0,121.1,0.0057,0.423,0.29198421
1554785772183,36.045,121.1,0.0057,0.423,0.29198421
1554785772229,36.091,121.1,0.0057,0.423,0.29198421
1554785772276,36.138,121.1,0.0057,0.423,0.29198421
1554785772338,36.2,121.2,0.00567,0.422,0.290000088
1554785772384,36.246,121.2,0.00567,0.422,0.290000088
1554785772430,36.292,121.2,0.00567,0.422,0.290000088
1554785772476,36.338,121.2,0.00567,0.422,0.290000088
1554785772537,36.399,121.2,0.00569,0.421,0.290333388
1554785772583,36.446,121.2,0.00569,0.421,0.290333388
1554785772630,36.492,121.2,0.00569,0.421,0.290333388
1554785772676,36.538,121.2,0.00569,0.421,0.290333388
1554785772738,36.6,121.2,0.00609,0.423,0.312219684
1554785772784,36.647,121.2,0.00609,0.423,0.312219684
1554785772831,36.693,121.2,0.00609,0.423,0.312219684
1554785772877,36.739,121.2,0.00609,0.423,0.312219684
1554785772938,36.8,121.2,0.00727,0.435,0.38328894
1554785772984,36.846,121.2,0.00727,0.435,0.38328894
1554785773030,36.892,121.2,0.00727,0.435,0.38328894
1554785773076,36.938,121.2,0.00727,0.435,0.38328894
1554785773137,36.999,121.2,0.00725,0.435,0.3822345
1554785773183,37.045,121.2,0.00725,0.435,0.3822345
1554785773229,37.091,121.2,0.00725,0.435,0.3822345
1554785773275,37.137,121.2,0.00725,0.435,0.3822345
1554785773338,37.2,121.2,0.00729,0.434,0.383459832
1554785773384,37.246,121.2,0.00729,0.434,0.383459832
1554785773430,37.292,121.2,0.00729,0.434,0.383459832
1554785773476,37.338,121.2,0.00729,0.434,0.383459832
1554785773537,37.399,121.2,0.00733,0.431,0.382898676
1554785773583,37.445,121.2,0.00733,0.431,0.382898676
1554785773629,37.491,121.2,0.00733,0.431,0.382898676
1554785773675,37.537,121.2,0.00733,0.431,0.382898676
1554785773738,37.6,121.2,0.00724,0.433,0.379952304
1554785773784,37.646,121.2,0.00724,0.433,0.379952304
1554785773830,37.692,121.2,0.00724,0.433,0.379952304
1554785773876,37.738,121.2,0.00724,0.433,0.379952304
1554785773937,37.799,121.1,0.00721,0.434,0.378938854
1554785773983,37.845,121.1,0.00721,0.434,0.378938854
1554785774029,37.891,121.1,0.00721,0.434,0.378938854
1554785774076,37.938,121.1,0.00721,0.434,0.378938854
1554785774138,38.0,121.1,0.00719,0.433,0.377016997
1554785774184,38.046,121.1,0.00719,0.433,0.377016997
1554785774230,38.092,121.1,0.00719,0.433,0.377016997
1554785774276,38.138,121.1,0.00719,0.433,0.377016997
1554785774338,38.2,121.1,0.00724,0.436,0.382269104
1554785774384,38.246,121.1,0.00724,0.436,0.382269104
1554785774430,38.292,121.1,0.00724,0.436,0.382269104
1554785774477,38.339,121.1,0.00724,0.436,0.382269104
1554785774538,38.4,121.1,0.00725,0.435,0.381919125
1554785774584,38.446,121.1,0.00725,0.435,0.381919125
1554785774630,38.492,121.1,0.00725,0.435,0.381919125
1554785774676,38.538,121.1,0.00725,0.435,0.381919125
1554785774737,38.599,121.1,0.00712,0.432,0.372484224
1554785774783,38.645,121.1,0.00712,0.432,0.372484224
1554785774829,38.691,121.1,0.00712,0.432,0.372484224
1554785774876,38.738,121.1,0.00712,0.432,0.372484224
1554785774938,38.8,121.1,0.00669,0.428,0.346748052
1554785774984,38.846,121.1,0.00669,0.428,0.346748052
1554785775030,38.892,121.1,0.00669,0.428,0.346748052
1554785775076,38.938,121.1,0.00669,0.428,0.346748052
1554785775138,39.0,121.1,0.0067,0.429,0.34807773
1554785775184,39.046,121.1,0.0067,0.429,0.34807773
1554785775230,39.092,121.1,0.0067,0.429,0.34807773
1554785775277,39.139,121.1,0.0067,0.429,0.34807773
1554785775338,39.2,121.1,0.00671,0.429,0.348597249
1554785775384,39.246,121.1,0.00671,0.429,0.348597249
1554785775430,39.292,121.1,0.00671,0.429,0.348597249
1554785775476,39.338,121.1,0.00671,0.429,0.348597249
1554785775537,39.399,121.1,0.00673,0.431,0.351266293
1554785775583,39.445,121.1,0.00673,0.431,0.351266293
1554785775629,39.491,121.1,0.00673,0.431,0.351266293
1554785775675,39.537,121.1,0.00673,0.431,0.351266293
1554785775738,39.6,121.1,0.00679,0.43,0.35357567
1554785775784,39.646,121.1,0.00679,0.43,0.35357567
1554785775830,39.692,121.1,0.00679,0.43,0.35357567
1554785775876,39.738,121.1,0.00679,0.43,0.35357567
1554785775937,39.799,121.1,0.00677,0.427,0.350074669
1554785775983,39.845,121.1,0.00677,0.427,0.350074669
1554785776029,39.891,121.1,0.00677,0.427,0.350074669
1554785776075,39.938,121.1,0.00677,0.427,0.350074669
1554785776138,40.0,121.1,0.00673,0.43,0.35045129
1554785776184,40.046,121.1,0.00673,0.43,0.35045129
You pressed Ctrl+C!
1554785776230,40.092,121.1,0.00673,0.43,0.35045129
