# Mon Apr 08 19:32:54 2019
abstime,time_stamp,volt,curr,pf,mul
1554777174281,0.084,121.3,0.00581,0.418,0.294586754
1554777174328,0.131,121.3,0.00581,0.418,0.294586754
1554777174374,0.177,121.3,0.00581,0.418,0.294586754
1554777174420,0.223,121.3,0.00581,0.418,0.294586754
1554777174474,0.278,121.3,0.00575,0.418,0.29154455
1554777174519,0.322,121.3,0.00575,0.418,0.29154455
1554777174565,0.368,121.3,0.00575,0.418,0.29154455
1554777174610,0.413,121.3,0.00575,0.418,0.29154455
1554777174675,0.478,121.3,0.0058,0.417,0.29337618
1554777174720,0.523,121.3,0.0058,0.417,0.29337618
1554777174766,0.569,121.3,0.0058,0.417,0.29337618
1554777174812,0.615,121.3,0.0058,0.417,0.29337618
1554777174874,0.677,121.3,0.00577,0.417,0.291858717
1554777174920,0.723,121.3,0.00577,0.417,0.291858717
1554777174966,0.769,121.3,0.00577,0.417,0.291858717
1554777175012,0.815,121.3,0.00577,0.417,0.291858717
1554777175074,0.877,121.3,0.0058,0.414,0.29126556
1554777175121,0.924,121.3,0.0058,0.414,0.29126556
1554777175167,0.97,121.3,0.0058,0.414,0.29126556
1554777175213,1.016,121.3,0.0058,0.414,0.29126556
1554777175275,1.078,121.3,0.00575,0.417,0.290847075
1554777175321,1.124,121.3,0.00575,0.417,0.290847075
1554777175367,1.17,121.3,0.00575,0.417,0.290847075
1554777175413,1.216,121.3,0.00575,0.417,0.290847075
1554777175474,1.277,121.2,0.00573,0.42,0.29167992
1554777175520,1.323,121.2,0.00573,0.42,0.29167992
1554777175566,1.369,121.2,0.00573,0.42,0.29167992
1554777175614,1.417,121.2,0.00573,0.42,0.29167992
1554777175675,1.478,121.2,0.00574,0.42,0.29218896
1554777175721,1.524,121.2,0.00574,0.42,0.29218896
1554777175767,1.57,121.2,0.00574,0.42,0.29218896
1554777175813,1.616,121.2,0.00574,0.42,0.29218896
1554777175874,1.677,121.3,0.00571,0.422,0.292286906
1554777175920,1.723,121.3,0.00571,0.422,0.292286906
1554777175966,1.769,121.3,0.00571,0.422,0.292286906
1554777176012,1.815,121.3,0.00571,0.422,0.292286906
1554777176075,1.878,121.3,0.00571,0.42,0.29090166
1554777176121,1.924,121.3,0.00571,0.42,0.29090166
1554777176167,1.97,121.3,0.00571,0.42,0.29090166
1554777176213,2.016,121.3,0.00571,0.42,0.29090166
1554777176274,2.077,121.3,0.00571,0.419,0.290209037
1554777176320,2.123,121.3,0.00571,0.419,0.290209037
1554777176366,2.169,121.3,0.00571,0.419,0.290209037
1554777176412,2.215,121.3,0.00571,0.419,0.290209037
1554777176474,2.277,121.3,0.00567,0.417,0.286800507
1554777176520,2.323,121.3,0.00567,0.417,0.286800507
1554777176566,2.369,121.3,0.00567,0.417,0.286800507
1554777176612,2.415,121.3,0.00567,0.417,0.286800507
1554777176674,2.477,121.3,0.0057,0.417,0.28831797
1554777176720,2.523,121.3,0.0057,0.417,0.28831797
1554777176766,2.569,121.3,0.0057,0.417,0.28831797
1554777176812,2.615,121.3,0.0057,0.417,0.28831797
1554777176874,2.677,121.3,0.0057,0.419,0.28970079
1554777176921,2.724,121.3,0.0057,0.419,0.28970079
1554777176967,2.77,121.3,0.0057,0.419,0.28970079
1554777177012,2.815,121.3,0.0057,0.419,0.28970079
1554777177074,2.877,121.3,0.00568,0.418,0.287995312
1554777177120,2.923,121.3,0.00568,0.418,0.287995312
1554777177166,2.969,121.3,0.00568,0.418,0.287995312
1554777177212,3.015,121.3,0.00568,0.418,0.287995312
1554777177274,3.077,121.3,0.00565,0.418,0.28647421
1554777177320,3.123,121.3,0.00565,0.418,0.28647421
1554777177366,3.169,121.3,0.00565,0.418,0.28647421
1554777177412,3.215,121.3,0.00565,0.418,0.28647421
1554777177474,3.277,121.3,0.00572,0.415,0.28794194
1554777177520,3.323,121.3,0.00572,0.415,0.28794194
1554777177567,3.37,121.3,0.00572,0.415,0.28794194
1554777177613,3.416,121.3,0.00572,0.415,0.28794194
1554777177674,3.477,121.3,0.00575,0.415,0.289452125
1554777177720,3.523,121.3,0.00575,0.415,0.289452125
1554777177766,3.569,121.3,0.00575,0.415,0.289452125
1554777177812,3.615,121.3,0.00575,0.415,0.289452125
1554777177873,3.676,121.3,0.00573,0.417,0.289835433
1554777177919,3.722,121.3,0.00573,0.417,0.289835433
1554777177966,3.769,121.3,0.00573,0.417,0.289835433
1554777178012,3.815,121.3,0.00573,0.417,0.289835433
1554777178074,3.877,121.3,0.00572,0.416,0.288635776
1554777178120,3.923,121.3,0.00572,0.416,0.288635776
1554777178166,3.969,121.3,0.00572,0.416,0.288635776
1554777178212,4.015,121.3,0.00572,0.416,0.288635776
1554777178274,4.077,121.3,0.00572,0.417,0.289329612
1554777178320,4.123,121.3,0.00572,0.417,0.289329612
1554777178366,4.169,121.3,0.00572,0.417,0.289329612
1554777178412,4.215,121.3,0.00572,0.417,0.289329612
1554777178473,4.276,121.3,0.00574,0.415,0.28894873
1554777178520,4.323,121.3,0.00574,0.415,0.28894873
1554777178566,4.369,121.3,0.00574,0.415,0.28894873
1554777178612,4.415,121.3,0.00574,0.415,0.28894873
1554777178673,4.476,121.3,0.00578,0.416,0.291663424
1554777178719,4.522,121.3,0.00578,0.416,0.291663424
1554777178765,4.568,121.3,0.00578,0.416,0.291663424
1554777178811,4.614,121.3,0.00578,0.416,0.291663424
1554777178873,4.676,121.3,0.00578,0.419,0.293766766
1554777178919,4.722,121.3,0.00578,0.419,0.293766766
1554777178965,4.768,121.3,0.00578,0.419,0.293766766
1554777179011,4.814,121.3,0.00578,0.419,0.293766766
1554777179074,4.877,121.3,0.00571,0.417,0.288823791
1554777179120,4.923,121.3,0.00571,0.417,0.288823791
1554777179166,4.969,121.3,0.00571,0.417,0.288823791
1554777179212,5.015,121.3,0.00571,0.417,0.288823791
1554777179273,5.076,121.3,0.00572,0.422,0.292798792
1554777179319,5.122,121.3,0.00572,0.422,0.292798792
1554777179365,5.168,121.3,0.00572,0.422,0.292798792
1554777179411,5.214,121.3,0.00572,0.422,0.292798792
1554777179473,5.277,121.3,0.00572,0.419,0.290717284
1554777179520,5.323,121.3,0.00572,0.419,0.290717284
1554777179566,5.369,121.3,0.00572,0.419,0.290717284
1554777179612,5.415,121.3,0.00572,0.419,0.290717284
1554777179673,5.476,121.2,0.00572,0.419,0.290477616
1554777179719,5.522,121.2,0.00572,0.419,0.290477616
1554777179765,5.568,121.2,0.00572,0.419,0.290477616
1554777179811,5.614,121.2,0.00572,0.419,0.290477616
1554777179873,5.676,121.3,0.00573,0.419,0.291225531
1554777179919,5.723,121.3,0.00573,0.419,0.291225531
1554777179966,5.769,121.3,0.00573,0.419,0.291225531
1554777180012,5.815,121.3,0.00573,0.419,0.291225531
1554777180073,5.876,121.3,0.00574,0.417,0.290341254
1554777180119,5.922,121.3,0.00574,0.417,0.290341254
1554777180165,5.968,121.3,0.00574,0.417,0.290341254
1554777180211,6.014,121.3,0.00574,0.417,0.290341254
1554777180274,6.077,121.3,0.00569,0.415,0.286431755
1554777180320,6.123,121.3,0.00569,0.415,0.286431755
1554777180366,6.169,121.3,0.00569,0.415,0.286431755
1554777180412,6.215,121.3,0.00569,0.415,0.286431755
1554777180473,6.277,121.3,0.00569,0.419,0.289192543
1554777180520,6.323,121.3,0.00569,0.419,0.289192543
1554777180566,6.369,121.3,0.00569,0.419,0.289192543
1554777180612,6.415,121.3,0.00569,0.419,0.289192543
1554777180673,6.476,121.3,0.0057,0.419,0.28970079
1554777180719,6.522,121.3,0.0057,0.419,0.28970079
1554777180765,6.569,121.3,0.0057,0.419,0.28970079
1554777180812,6.615,121.3,0.0057,0.419,0.28970079
1554777180873,6.676,121.3,0.00565,0.42,0.2878449
1554777180919,6.722,121.3,0.00565,0.42,0.2878449
1554777180965,6.768,121.3,0.00565,0.42,0.2878449
1554777181015,6.818,121.3,0.00565,0.42,0.2878449
1554777181072,6.875,121.3,0.00566,0.417,0.286294686
1554777181118,6.921,121.3,0.00566,0.417,0.286294686
1554777181164,6.967,121.3,0.00566,0.417,0.286294686
1554777181210,7.013,121.3,0.00566,0.417,0.286294686
1554777181273,7.076,121.3,0.00572,0.416,0.288635776
1554777181318,7.121,121.3,0.00572,0.416,0.288635776
1554777181364,7.167,121.3,0.00572,0.416,0.288635776
1554777181410,7.213,121.3,0.00572,0.416,0.288635776
1554777181473,7.276,121.3,0.0057,0.416,0.28762656
1554777181519,7.322,121.3,0.0057,0.416,0.28762656
1554777181564,7.367,121.3,0.0057,0.416,0.28762656
1554777181610,7.413,121.3,0.0057,0.416,0.28762656
1554777181672,7.475,121.3,0.00574,0.416,0.289644992
1554777181718,7.521,121.3,0.00574,0.416,0.289644992
1554777181764,7.567,121.3,0.00574,0.416,0.289644992
1554777181810,7.613,121.3,0.00574,0.416,0.289644992
1554777181873,7.676,121.3,0.00571,0.42,0.29090166
1554777181919,7.722,121.3,0.00571,0.42,0.29090166
1554777181965,7.768,121.3,0.00571,0.42,0.29090166
1554777182011,7.814,121.3,0.00571,0.42,0.29090166
1554777182072,7.875,121.3,0.00571,0.42,0.29090166
1554777182118,7.921,121.3,0.00571,0.42,0.29090166
1554777182164,7.967,121.3,0.00571,0.42,0.29090166
1554777182210,8.013,121.3,0.00571,0.42,0.29090166
1554777182272,8.075,121.3,0.00571,0.416,0.288131168
1554777182318,8.121,121.3,0.00571,0.416,0.288131168
1554777182364,8.167,121.3,0.00571,0.416,0.288131168
1554777182411,8.214,121.3,0.00571,0.416,0.288131168
1554777182473,8.276,121.3,0.00574,0.417,0.290341254
1554777182519,8.322,121.3,0.00574,0.417,0.290341254
1554777182565,8.368,121.3,0.00574,0.417,0.290341254
1554777182611,8.414,121.3,0.00574,0.417,0.290341254
1554777182672,8.475,121.3,0.00574,0.419,0.291733778
1554777182718,8.521,121.3,0.00574,0.419,0.291733778
1554777182764,8.567,121.3,0.00574,0.419,0.291733778
1554777182810,8.613,121.3,0.00574,0.419,0.291733778
1554777182872,8.675,121.3,0.00572,0.42,0.29141112
1554777182919,8.722,121.3,0.00572,0.42,0.29141112
1554777182965,8.768,121.3,0.00572,0.42,0.29141112
1554777183011,8.814,121.3,0.00572,0.42,0.29141112
1554777183072,8.875,121.3,0.00575,0.42,0.2929395
1554777183118,8.921,121.3,0.00575,0.42,0.2929395
1554777183164,8.967,121.3,0.00575,0.42,0.2929395
1554777183210,9.013,121.3,0.00575,0.42,0.2929395
1554777183272,9.075,121.3,0.00572,0.417,0.289329612
1554777183318,9.121,121.3,0.00572,0.417,0.289329612
1554777183364,9.167,121.3,0.00572,0.417,0.289329612
1554777183410,9.213,121.3,0.00572,0.417,0.289329612
1554777183473,9.276,121.3,0.00575,0.415,0.289452125
1554777183519,9.322,121.3,0.00575,0.415,0.289452125
1554777183565,9.368,121.3,0.00575,0.415,0.289452125
1554777183611,9.414,121.3,0.00575,0.415,0.289452125
1554777183672,9.475,121.3,0.00572,0.418,0.290023448
1554777183718,9.521,121.3,0.00572,0.418,0.290023448
1554777183764,9.567,121.3,0.00572,0.418,0.290023448
1554777183810,9.613,121.3,0.00572,0.418,0.290023448
1554777183873,9.676,121.3,0.00573,0.419,0.291225531
1554777183919,9.722,121.3,0.00573,0.419,0.291225531
1554777183965,9.768,121.3,0.00573,0.419,0.291225531
1554777184010,9.814,121.3,0.00573,0.419,0.291225531
1554777184071,9.874,121.3,0.00569,0.418,0.288502346
1554777184117,9.92,121.3,0.00569,0.418,0.288502346
1554777184163,9.966,121.3,0.00569,0.418,0.288502346
1554777184210,10.013,121.3,0.00569,0.418,0.288502346
1554777184272,10.075,121.3,0.00568,0.419,0.288684296
1554777184318,10.121,121.3,0.00568,0.419,0.288684296
1554777184364,10.167,121.3,0.00568,0.419,0.288684296
1554777184410,10.213,121.3,0.00568,0.419,0.288684296
1554777184471,10.274,121.3,0.00566,0.418,0.286981244
1554777184517,10.32,121.3,0.00566,0.418,0.286981244
1554777184563,10.366,121.3,0.00566,0.418,0.286981244
1554777184609,10.412,121.3,0.00566,0.418,0.286981244
1554777184672,10.475,121.2,0.00568,0.418,0.287757888
1554777184718,10.521,121.2,0.00568,0.418,0.287757888
1554777184764,10.567,121.2,0.00568,0.418,0.287757888
1554777184810,10.613,121.2,0.00568,0.418,0.287757888
1554777184871,10.674,121.3,0.00568,0.418,0.287995312
1554777184917,10.72,121.3,0.00568,0.418,0.287995312
1554777184963,10.766,121.3,0.00568,0.418,0.287995312
1554777185009,10.812,121.3,0.00568,0.418,0.287995312
1554777185072,10.875,121.3,0.00569,0.419,0.289192543
1554777185118,10.921,121.3,0.00569,0.419,0.289192543
1554777185164,10.967,121.3,0.00569,0.419,0.289192543
1554777185210,11.013,121.3,0.00569,0.419,0.289192543
1554777185271,11.074,121.3,0.00569,0.417,0.287812149
1554777185317,11.12,121.3,0.00569,0.417,0.287812149
1554777185363,11.166,121.3,0.00569,0.417,0.287812149
1554777185409,11.212,121.3,0.00569,0.417,0.287812149
1554777185472,11.275,121.3,0.00566,0.416,0.285608128
1554777185518,11.321,121.3,0.00566,0.416,0.285608128
1554777185564,11.367,121.3,0.00566,0.416,0.285608128
1554777185610,11.413,121.3,0.00566,0.416,0.285608128
1554777185671,11.474,121.3,0.00573,0.417,0.289835433
1554777185717,11.52,121.3,0.00573,0.417,0.289835433
1554777185763,11.566,121.3,0.00573,0.417,0.289835433
1554777185809,11.612,121.3,0.00573,0.417,0.289835433
1554777185871,11.674,121.3,0.0057,0.42,0.2903922
1554777185917,11.72,121.3,0.0057,0.42,0.2903922
1554777185963,11.766,121.3,0.0057,0.42,0.2903922
1554777186009,11.812,121.3,0.0057,0.42,0.2903922
1554777186071,11.875,121.3,0.00573,0.418,0.290530482
1554777186117,11.92,121.3,0.00573,0.418,0.290530482
1554777186164,11.967,121.3,0.00573,0.418,0.290530482
1554777186210,12.013,121.3,0.00573,0.418,0.290530482
1554777186271,12.074,121.3,0.00573,0.417,0.289835433
1554777186317,12.12,121.3,0.00573,0.417,0.289835433
1554777186363,12.166,121.3,0.00573,0.417,0.289835433
1554777186409,12.212,121.3,0.00573,0.417,0.289835433
1554777186471,12.274,121.3,0.00574,0.418,0.291037516
1554777186518,12.321,121.3,0.00574,0.418,0.291037516
1554777186564,12.367,121.3,0.00574,0.418,0.291037516
1554777186610,12.413,121.3,0.00574,0.418,0.291037516
1554777186671,12.474,121.3,0.00576,0.418,0.292051584
1554777186717,12.52,121.3,0.00576,0.418,0.292051584
1554777186763,12.566,121.3,0.00576,0.418,0.292051584
1554777186809,12.612,121.3,0.00576,0.418,0.292051584
1554777186871,12.674,121.3,0.00584,0.412,0.291857504
1554777186917,12.72,121.3,0.00584,0.412,0.291857504
1554777186963,12.766,121.3,0.00584,0.412,0.291857504
1554777187010,12.813,121.3,0.00584,0.412,0.291857504
1554777187071,12.874,121.3,0.00577,0.416,0.291158816
1554777187117,12.92,121.3,0.00577,0.416,0.291158816
1554777187163,12.966,121.3,0.00577,0.416,0.291158816
1554777187209,13.012,121.3,0.00577,0.416,0.291158816
1554777187271,13.074,121.3,0.0057,0.419,0.28970079
1554777187317,13.12,121.3,0.0057,0.419,0.28970079
1554777187363,13.166,121.3,0.0057,0.419,0.28970079
1554777187409,13.212,121.3,0.0057,0.419,0.28970079
1554777187471,13.274,121.3,0.00572,0.419,0.290717284
1554777187518,13.321,121.3,0.00572,0.419,0.290717284
1554777187564,13.367,121.3,0.00572,0.419,0.290717284
1554777187610,13.413,121.3,0.00572,0.419,0.290717284
1554777187671,13.474,121.3,0.00576,0.416,0.290654208
1554777187717,13.52,121.3,0.00576,0.416,0.290654208
1554777187763,13.566,121.3,0.00576,0.416,0.290654208
1554777187809,13.612,121.3,0.00576,0.416,0.290654208
1554777187870,13.673,121.3,0.00571,0.418,0.289516414
1554777187916,13.719,121.3,0.00571,0.418,0.289516414
1554777187962,13.765,121.3,0.00571,0.418,0.289516414
1554777188008,13.811,121.3,0.00571,0.418,0.289516414
1554777188071,13.874,121.3,0.00572,0.419,0.290717284
1554777188117,13.92,121.3,0.00572,0.419,0.290717284
1554777188163,13.966,121.3,0.00572,0.419,0.290717284
1554777188209,14.012,121.3,0.00572,0.419,0.290717284
1554777188271,14.074,121.3,0.00571,0.418,0.289516414
1554777188317,14.12,121.3,0.00571,0.418,0.289516414
1554777188363,14.166,121.3,0.00571,0.418,0.289516414
1554777188409,14.212,121.3,0.00571,0.418,0.289516414
1554777188470,14.273,121.3,0.00566,0.418,0.286981244
1554777188516,14.319,121.3,0.00566,0.418,0.286981244
1554777188562,14.365,121.3,0.00566,0.418,0.286981244
1554777188609,14.412,121.3,0.00566,0.418,0.286981244
1554777188671,14.474,121.3,0.00567,0.415,0.285424965
1554777188717,14.52,121.3,0.00567,0.415,0.285424965
1554777188763,14.566,121.3,0.00567,0.415,0.285424965
1554777188809,14.612,121.3,0.00567,0.415,0.285424965
1554777188870,14.673,121.2,0.00569,0.418,0.288264504
1554777188916,14.719,121.2,0.00569,0.418,0.288264504
1554777188962,14.765,121.2,0.00569,0.418,0.288264504
1554777189008,14.811,121.2,0.00569,0.418,0.288264504
1554777189071,14.874,121.3,0.00569,0.417,0.287812149
1554777189117,14.92,121.3,0.00569,0.417,0.287812149
1554777189163,14.966,121.3,0.00569,0.417,0.287812149
1554777189209,15.012,121.3,0.00569,0.417,0.287812149
1554777189270,15.073,121.3,0.00568,0.418,0.287995312
1554777189316,15.119,121.3,0.00568,0.418,0.287995312
1554777189362,15.165,121.3,0.00568,0.418,0.287995312
1554777189408,15.211,121.3,0.00568,0.418,0.287995312
1554777189471,15.274,121.3,0.00567,0.42,0.28886382
1554777189517,15.32,121.3,0.00567,0.42,0.28886382
1554777189563,15.366,121.3,0.00567,0.42,0.28886382
1554777189609,15.412,121.3,0.00567,0.42,0.28886382
1554777189670,15.473,121.3,0.00568,0.42,0.28937328
1554777189716,15.519,121.3,0.00568,0.42,0.28937328
1554777189762,15.565,121.3,0.00568,0.42,0.28937328
1554777189808,15.611,121.3,0.00568,0.42,0.28937328
1554777189871,15.674,121.3,0.00568,0.419,0.288684296
1554777189917,15.72,121.3,0.00568,0.419,0.288684296
1554777189963,15.766,121.3,0.00568,0.419,0.288684296
1554777190009,15.812,121.3,0.00568,0.419,0.288684296
1554777190070,15.873,121.3,0.00568,0.421,0.290062264
1554777190117,15.92,121.3,0.00568,0.421,0.290062264
1554777190163,15.966,121.3,0.00568,0.421,0.290062264
1554777190209,16.012,121.3,0.00568,0.421,0.290062264
1554777190270,16.073,121.3,0.0057,0.419,0.28970079
1554777190317,16.12,121.3,0.0057,0.419,0.28970079
1554777190363,16.166,121.3,0.0057,0.419,0.28970079
1554777190409,16.212,121.3,0.0057,0.419,0.28970079
1554777190470,16.273,121.3,0.00569,0.421,0.290572937
1554777190516,16.319,121.3,0.00569,0.421,0.290572937
1554777190563,16.366,121.3,0.00569,0.421,0.290572937
1554777190609,16.412,121.3,0.00569,0.421,0.290572937
1554777190670,16.473,121.3,0.00571,0.42,0.29090166
1554777190715,16.519,121.3,0.00571,0.42,0.29090166
1554777190762,16.565,121.3,0.00571,0.42,0.29090166
1554777190808,16.611,121.3,0.00571,0.42,0.29090166
1554777190870,16.673,121.3,0.0057,0.423,0.29246643
1554777190916,16.719,121.3,0.0057,0.423,0.29246643
1554777190963,16.766,121.3,0.0057,0.423,0.29246643
1554777191009,16.812,121.3,0.0057,0.423,0.29246643
1554777191070,16.873,121.3,0.00576,0.42,0.29344896
1554777191116,16.919,121.3,0.00576,0.42,0.29344896
1554777191162,16.965,121.3,0.00576,0.42,0.29344896
1554777191208,17.011,121.3,0.00576,0.42,0.29344896
1554777191270,17.073,121.3,0.00577,0.416,0.291158816
1554777191316,17.119,121.3,0.00577,0.416,0.291158816
1554777191363,17.166,121.3,0.00577,0.416,0.291158816
1554777191409,17.212,121.3,0.00577,0.416,0.291158816
1554777191470,17.273,121.3,0.00571,0.417,0.288823791
1554777191516,17.319,121.3,0.00571,0.417,0.288823791
1554777191562,17.365,121.3,0.00571,0.417,0.288823791
1554777191608,17.411,121.3,0.00571,0.417,0.288823791
1554777191670,17.473,121.3,0.00569,0.419,0.289192543
1554777191716,17.519,121.3,0.00569,0.419,0.289192543
1554777191762,17.565,121.3,0.00569,0.419,0.289192543
1554777191808,17.611,121.3,0.00569,0.419,0.289192543
1554777191870,17.673,121.3,0.00569,0.421,0.290572937
1554777191916,17.719,121.3,0.00569,0.421,0.290572937
1554777191962,17.765,121.3,0.00569,0.421,0.290572937
1554777192008,17.811,121.3,0.00569,0.421,0.290572937
1554777192069,17.872,121.3,0.00567,0.419,0.288176049
1554777192116,17.919,121.3,0.00567,0.419,0.288176049
1554777192162,17.965,121.3,0.00567,0.419,0.288176049
1554777192208,18.011,121.3,0.00567,0.419,0.288176049
1554777192269,18.072,121.3,0.0057,0.419,0.28970079
1554777192315,18.118,121.3,0.0057,0.419,0.28970079
1554777192361,18.164,121.3,0.0057,0.419,0.28970079
1554777192407,18.21,121.3,0.0057,0.419,0.28970079
1554777192470,18.273,121.3,0.0057,0.414,0.28624374
1554777192516,18.319,121.3,0.0057,0.414,0.28624374
1554777192562,18.365,121.3,0.0057,0.414,0.28624374
1554777192608,18.411,121.3,0.0057,0.414,0.28624374
1554777192669,18.472,121.3,0.00569,0.415,0.286431755
1554777192715,18.518,121.3,0.00569,0.415,0.286431755
1554777192761,18.564,121.3,0.00569,0.415,0.286431755
1554777192808,18.611,121.3,0.00569,0.415,0.286431755
1554777192869,18.672,121.3,0.00568,0.417,0.287306328
1554777192915,18.718,121.3,0.00568,0.417,0.287306328
1554777192961,18.764,121.3,0.00568,0.417,0.287306328
1554777193007,18.81,121.3,0.00568,0.417,0.287306328
1554777193069,18.872,121.3,0.00569,0.417,0.287812149
1554777193115,18.918,121.3,0.00569,0.417,0.287812149
1554777193161,18.964,121.3,0.00569,0.417,0.287812149
1554777193207,19.01,121.3,0.00569,0.417,0.287812149
1554777193270,19.073,121.3,0.00573,0.413,0.287055237
1554777193316,19.119,121.3,0.00573,0.413,0.287055237
1554777193362,19.165,121.3,0.00573,0.413,0.287055237
1554777193408,19.211,121.3,0.00573,0.413,0.287055237
1554777193469,19.272,121.3,0.00569,0.417,0.287812149
1554777193515,19.318,121.3,0.00569,0.417,0.287812149
1554777193561,19.364,121.3,0.00569,0.417,0.287812149
1554777193607,19.41,121.3,0.00569,0.417,0.287812149
1554777193670,19.473,121.3,0.00567,0.417,0.286800507
1554777193716,19.519,121.3,0.00567,0.417,0.286800507
1554777193762,19.565,121.3,0.00567,0.417,0.286800507
1554777193808,19.611,121.3,0.00567,0.417,0.286800507
1554777193869,19.672,121.3,0.00574,0.418,0.291037516
1554777193915,19.718,121.3,0.00574,0.418,0.291037516
1554777193962,19.765,121.3,0.00574,0.418,0.291037516
1554777194008,19.811,121.3,0.00574,0.418,0.291037516
1554777194069,19.872,121.3,0.00569,0.419,0.289192543
1554777194115,19.918,121.3,0.00569,0.419,0.289192543
1554777194161,19.964,121.3,0.00569,0.419,0.289192543
1554777194207,20.01,121.3,0.00569,0.419,0.289192543
1554777194269,20.072,121.3,0.00574,0.419,0.291733778
1554777194316,20.119,121.3,0.00574,0.419,0.291733778
1554777194362,20.165,121.3,0.00574,0.419,0.291733778
1554777194408,20.211,121.3,0.00574,0.419,0.291733778
1554777194469,20.272,121.3,0.00574,0.418,0.291037516
1554777194515,20.318,121.3,0.00574,0.418,0.291037516
1554777194561,20.364,121.3,0.00574,0.418,0.291037516
1554777194607,20.41,121.3,0.00574,0.418,0.291037516
1554777194668,20.472,121.3,0.00574,0.419,0.291733778
1554777194714,20.517,121.3,0.00574,0.419,0.291733778
1554777194760,20.563,121.3,0.00574,0.419,0.291733778
1554777194807,20.61,121.3,0.00574,0.419,0.291733778
1554777194869,20.672,121.3,0.00575,0.419,0.292242025
1554777194915,20.718,121.3,0.00575,0.419,0.292242025
1554777194961,20.764,121.3,0.00575,0.419,0.292242025
1554777195007,20.81,121.3,0.00575,0.419,0.292242025
1554777195069,20.872,121.3,0.00578,0.42,0.29446788
1554777195115,20.918,121.3,0.00578,0.42,0.29446788
1554777195161,20.964,121.3,0.00578,0.42,0.29446788
1554777195207,21.01,121.3,0.00578,0.42,0.29446788
1554777195268,21.071,121.3,0.00578,0.417,0.292364538
1554777195314,21.117,121.3,0.00578,0.417,0.292364538
1554777195360,21.163,121.3,0.00578,0.417,0.292364538
1554777195406,21.209,121.3,0.00578,0.417,0.292364538
1554777195469,21.272,121.3,0.00571,0.419,0.290209037
1554777195515,21.318,121.3,0.00571,0.419,0.290209037
1554777195561,21.364,121.3,0.00571,0.419,0.290209037
1554777195607,21.41,121.3,0.00571,0.419,0.290209037
1554777195668,21.471,121.3,0.00569,0.419,0.289192543
1554777195714,21.517,121.3,0.00569,0.419,0.289192543
1554777195760,21.563,121.3,0.00569,0.419,0.289192543
1554777195806,21.609,121.3,0.00569,0.419,0.289192543
1554777195868,21.671,121.3,0.0057,0.42,0.2903922
1554777195914,21.717,121.3,0.0057,0.42,0.2903922
1554777195960,21.763,121.3,0.0057,0.42,0.2903922
1554777196006,21.809,121.3,0.0057,0.42,0.2903922
1554777196069,21.872,121.3,0.00571,0.417,0.288823791
1554777196115,21.918,121.3,0.00571,0.417,0.288823791
1554777196161,21.964,121.3,0.00571,0.417,0.288823791
1554777196207,22.01,121.3,0.00571,0.417,0.288823791
1554777196268,22.071,121.3,0.0057,0.417,0.28831797
1554777196314,22.117,121.3,0.0057,0.417,0.28831797
1554777196360,22.163,121.3,0.0057,0.417,0.28831797
1554777196406,22.209,121.3,0.0057,0.417,0.28831797
1554777196468,22.271,121.3,0.0057,0.415,0.28693515
1554777196515,22.318,121.3,0.0057,0.415,0.28693515
1554777196561,22.364,121.3,0.0057,0.415,0.28693515
1554777196607,22.41,121.3,0.0057,0.415,0.28693515
1554777196669,22.472,121.3,0.00567,0.418,0.287488278
1554777196715,22.518,121.3,0.00567,0.418,0.287488278
1554777196761,22.564,121.3,0.00567,0.418,0.287488278
1554777196807,22.61,121.3,0.00567,0.418,0.287488278
1554777196868,22.671,121.2,0.00566,0.421,0.288802632
1554777196914,22.717,121.2,0.00566,0.421,0.288802632
1554777196960,22.763,121.2,0.00566,0.421,0.288802632
1554777197007,22.81,121.2,0.00566,0.421,0.288802632
1554777197069,22.872,121.3,0.00568,0.419,0.288684296
1554777197115,22.918,121.3,0.00568,0.419,0.288684296
1554777197161,22.964,121.3,0.00568,0.419,0.288684296
1554777197207,23.01,121.3,0.00568,0.419,0.288684296
1554777197268,23.071,121.3,0.0057,0.417,0.28831797
1554777197314,23.117,121.3,0.0057,0.417,0.28831797
1554777197360,23.163,121.3,0.0057,0.417,0.28831797
1554777197407,23.21,121.3,0.0057,0.417,0.28831797
1554777197468,23.271,121.3,0.00566,0.417,0.286294686
1554777197514,23.317,121.3,0.00566,0.417,0.286294686
1554777197560,23.363,121.3,0.00566,0.417,0.286294686
1554777197606,23.409,121.3,0.00566,0.417,0.286294686
1554777197668,23.471,121.2,0.00565,0.42,0.2876076
1554777197714,23.517,121.2,0.00565,0.42,0.2876076
1554777197761,23.564,121.2,0.00565,0.42,0.2876076
1554777197807,23.61,121.2,0.00565,0.42,0.2876076
1554777197868,23.671,121.2,0.00568,0.419,0.288446304
1554777197914,23.717,121.2,0.00568,0.419,0.288446304
1554777197960,23.763,121.2,0.00568,0.419,0.288446304
1554777198006,23.809,121.2,0.00568,0.419,0.288446304
1554777198068,23.871,121.3,0.00571,0.419,0.290209037
1554777198115,23.918,121.3,0.00571,0.419,0.290209037
1554777198161,23.964,121.3,0.00571,0.419,0.290209037
1554777198207,24.01,121.3,0.00571,0.419,0.290209037
1554777198268,24.071,121.3,0.00572,0.419,0.290717284
1554777198314,24.117,121.3,0.00572,0.419,0.290717284
1554777198360,24.163,121.3,0.00572,0.419,0.290717284
1554777198406,24.21,121.3,0.00572,0.419,0.290717284
1554777198467,24.27,121.3,0.00574,0.418,0.291037516
1554777198513,24.316,121.3,0.00574,0.418,0.291037516
1554777198559,24.362,121.3,0.00574,0.418,0.291037516
1554777198605,24.408,121.3,0.00574,0.418,0.291037516
1554777198668,24.471,121.3,0.00575,0.418,0.29154455
1554777198713,24.516,121.3,0.00575,0.418,0.29154455
1554777198760,24.563,121.3,0.00575,0.418,0.29154455
1554777198806,24.609,121.3,0.00575,0.418,0.29154455
1554777198868,24.671,121.3,0.00574,0.416,0.289644992
1554777198914,24.717,121.3,0.00574,0.416,0.289644992
1554777198960,24.763,121.3,0.00574,0.416,0.289644992
1554777199006,24.809,121.3,0.00574,0.416,0.289644992
1554777199067,24.87,121.3,0.00578,0.419,0.293766766
1554777199114,24.917,121.3,0.00578,0.419,0.293766766
1554777199160,24.963,121.3,0.00578,0.419,0.293766766
1554777199206,25.009,121.3,0.00578,0.419,0.293766766
1554777199268,25.071,121.3,0.00579,0.416,0.292168032
1554777199314,25.117,121.3,0.00579,0.416,0.292168032
1554777199360,25.163,121.3,0.00579,0.416,0.292168032
1554777199406,25.21,121.3,0.00579,0.416,0.292168032
1554777199467,25.27,121.3,0.00574,0.416,0.289644992
1554777199513,25.316,121.3,0.00574,0.416,0.289644992
1554777199560,25.363,121.3,0.00574,0.416,0.289644992
1554777199606,25.409,121.3,0.00574,0.416,0.289644992
1554777199667,25.47,121.3,0.00573,0.418,0.290530482
1554777199713,25.516,121.3,0.00573,0.418,0.290530482
1554777199759,25.562,121.3,0.00573,0.418,0.290530482
1554777199805,25.608,121.3,0.00573,0.418,0.290530482
1554777199867,25.67,121.3,0.00573,0.417,0.289835433
1554777199914,25.717,121.3,0.00573,0.417,0.289835433
1554777199960,25.763,121.3,0.00573,0.417,0.289835433
1554777200006,25.809,121.3,0.00573,0.417,0.289835433
1554777200067,25.87,121.3,0.00577,0.418,0.292558618
1554777200113,25.916,121.3,0.00577,0.418,0.292558618
1554777200159,25.962,121.3,0.00577,0.418,0.292558618
1554777200205,26.009,121.3,0.00577,0.418,0.292558618
1554777200268,26.071,121.3,0.00566,0.417,0.286294686
1554777200314,26.117,121.3,0.00566,0.417,0.286294686
1554777200360,26.163,121.3,0.00566,0.417,0.286294686
1554777200406,26.209,121.3,0.00566,0.417,0.286294686
1554777200467,26.27,121.3,0.00568,0.417,0.287306328
1554777200513,26.316,121.3,0.00568,0.417,0.287306328
1554777200559,26.362,121.3,0.00568,0.417,0.287306328
1554777200605,26.408,121.3,0.00568,0.417,0.287306328
1554777200668,26.471,121.3,0.00566,0.416,0.285608128
1554777200714,26.517,121.3,0.00566,0.416,0.285608128
1554777200760,26.563,121.3,0.00566,0.416,0.285608128
1554777200806,26.609,121.3,0.00566,0.416,0.285608128
1554777200867,26.67,121.2,0.00569,0.419,0.288954132
1554777200913,26.716,121.2,0.00569,0.419,0.288954132
1554777200959,26.762,121.2,0.00569,0.419,0.288954132
1554777201005,26.808,121.2,0.00569,0.419,0.288954132
1554777201068,26.871,121.3,0.00569,0.418,0.288502346
1554777201114,26.917,121.3,0.00569,0.418,0.288502346
1554777201160,26.963,121.3,0.00569,0.418,0.288502346
1554777201206,27.009,121.3,0.00569,0.418,0.288502346
1554777201267,27.07,121.3,0.00575,0.415,0.289452125
1554777201313,27.116,121.3,0.00575,0.415,0.289452125
1554777201359,27.162,121.3,0.00575,0.415,0.289452125
1554777201406,27.209,121.3,0.00575,0.415,0.289452125
1554777201467,27.27,121.3,0.00567,0.418,0.287488278
1554777201513,27.316,121.3,0.00567,0.418,0.287488278
1554777201559,27.362,121.3,0.00567,0.418,0.287488278
1554777201605,27.408,121.3,0.00567,0.418,0.287488278
1554777201667,27.47,121.3,0.00567,0.419,0.288176049
1554777201713,27.516,121.3,0.00567,0.419,0.288176049
1554777201759,27.562,121.3,0.00567,0.419,0.288176049
1554777201805,27.608,121.3,0.00567,0.419,0.288176049
1554777201866,27.669,121.3,0.0057,0.418,0.28900938
1554777201913,27.716,121.3,0.0057,0.418,0.28900938
1554777201959,27.762,121.3,0.0057,0.418,0.28900938
1554777202005,27.808,121.3,0.0057,0.418,0.28900938
1554777202067,27.87,121.3,0.00574,0.415,0.28894873
1554777202113,27.916,121.3,0.00574,0.415,0.28894873
1554777202159,27.963,121.3,0.00574,0.415,0.28894873
1554777202206,28.009,121.3,0.00574,0.415,0.28894873
1554777202267,28.07,121.3,0.00575,0.418,0.29154455
1554777202313,28.116,121.3,0.00575,0.418,0.29154455
1554777202359,28.162,121.3,0.00575,0.418,0.29154455
1554777202405,28.208,121.3,0.00575,0.418,0.29154455
1554777202466,28.269,121.3,0.00575,0.417,0.290847075
1554777202513,28.316,121.3,0.00575,0.417,0.290847075
1554777202559,28.362,121.3,0.00575,0.417,0.290847075
1554777202605,28.408,121.3,0.00575,0.417,0.290847075
1554777202667,28.47,121.3,0.00574,0.419,0.291733778
1554777202713,28.516,121.3,0.00574,0.419,0.291733778
1554777202759,28.562,121.3,0.00574,0.419,0.291733778
1554777202806,28.609,121.3,0.00574,0.419,0.291733778
1554777202867,28.67,121.3,0.00577,0.419,0.293258519
1554777202913,28.716,121.3,0.00577,0.419,0.293258519
1554777202959,28.762,121.3,0.00577,0.419,0.293258519
1554777203005,28.808,121.3,0.00577,0.419,0.293258519
1554777203066,28.869,121.3,0.00578,0.418,0.293065652
1554777203112,28.915,121.3,0.00578,0.418,0.293065652
1554777203158,28.961,121.3,0.00578,0.418,0.293065652
1554777203204,29.007,121.3,0.00578,0.418,0.293065652
1554777203267,29.07,121.4,0.00578,0.416,0.291903872
1554777203313,29.116,121.4,0.00578,0.416,0.291903872
1554777203359,29.162,121.4,0.00578,0.416,0.291903872
1554777203405,29.208,121.4,0.00578,0.416,0.291903872
1554777203466,29.269,121.4,0.00567,0.419,0.288413622
1554777203513,29.316,121.4,0.00567,0.419,0.288413622
1554777203559,29.362,121.4,0.00567,0.419,0.288413622
1554777203605,29.408,121.4,0.00567,0.419,0.288413622
1554777203666,29.469,121.3,0.00569,0.42,0.28988274
1554777203712,29.515,121.3,0.00569,0.42,0.28988274
1554777203758,29.561,121.3,0.00569,0.42,0.28988274
1554777203804,29.607,121.3,0.00569,0.42,0.28988274
1554777203867,29.67,121.3,0.00565,0.42,0.2878449
1554777203913,29.716,121.3,0.00565,0.42,0.2878449
1554777203959,29.762,121.3,0.00565,0.42,0.2878449
1554777204005,29.808,121.3,0.00565,0.42,0.2878449
1554777204066,29.869,121.3,0.00568,0.419,0.288684296
1554777204112,29.915,121.3,0.00568,0.419,0.288684296
1554777204158,29.961,121.3,0.00568,0.419,0.288684296
1554777204205,30.008,121.3,0.00568,0.419,0.288684296
1554777204266,30.069,121.3,0.00571,0.418,0.289516414
1554777204312,30.115,121.3,0.00571,0.418,0.289516414
1554777204358,30.161,121.3,0.00571,0.418,0.289516414
1554777204404,30.207,121.3,0.00571,0.418,0.289516414
1554777204466,30.269,121.3,0.00567,0.418,0.287488278
1554777204512,30.315,121.3,0.00567,0.418,0.287488278
1554777204558,30.361,121.3,0.00567,0.418,0.287488278
1554777204604,30.407,121.3,0.00567,0.418,0.287488278
1554777204667,30.47,121.3,0.00567,0.419,0.288176049
1554777204713,30.516,121.3,0.00567,0.419,0.288176049
1554777204759,30.562,121.3,0.00567,0.419,0.288176049
1554777204805,30.608,121.3,0.00567,0.419,0.288176049
1554777204866,30.669,121.3,0.00565,0.419,0.287159555
1554777204912,30.715,121.3,0.00565,0.419,0.287159555
1554777204958,30.761,121.3,0.00565,0.419,0.287159555
1554777205004,30.807,121.3,0.00565,0.419,0.287159555
1554777205066,30.869,121.3,0.00569,0.418,0.288502346
1554777205112,30.915,121.3,0.00569,0.418,0.288502346
1554777205158,30.961,121.3,0.00569,0.418,0.288502346
1554777205204,31.007,121.3,0.00569,0.418,0.288502346
1554777205266,31.069,121.3,0.00571,0.418,0.289516414
1554777205312,31.115,121.3,0.00571,0.418,0.289516414
1554777205358,31.161,121.3,0.00571,0.418,0.289516414
1554777205404,31.207,121.3,0.00571,0.418,0.289516414
1554777205466,31.269,121.3,0.00567,0.418,0.287488278
1554777205511,31.314,121.3,0.00567,0.418,0.287488278
1554777205558,31.361,121.3,0.00567,0.418,0.287488278
1554777205604,31.407,121.3,0.00567,0.418,0.287488278
1554777205666,31.469,121.3,0.00565,0.418,0.28647421
1554777205712,31.515,121.3,0.00565,0.418,0.28647421
1554777205758,31.561,121.3,0.00565,0.418,0.28647421
1554777205804,31.607,121.3,0.00565,0.418,0.28647421
1554777205865,31.668,121.2,0.00567,0.419,0.287938476
1554777205911,31.714,121.2,0.00567,0.419,0.287938476
1554777205957,31.76,121.2,0.00567,0.419,0.287938476
1554777206002,31.805,121.2,0.00567,0.419,0.287938476
1554777206065,31.868,121.3,0.00567,0.42,0.28886382
1554777206111,31.914,121.3,0.00567,0.42,0.28886382
1554777206156,31.959,121.3,0.00567,0.42,0.28886382
1554777206202,32.005,121.3,0.00567,0.42,0.28886382
1554777206266,32.069,121.3,0.00576,0.419,0.292750272
1554777206312,32.115,121.3,0.00576,0.419,0.292750272
1554777206358,32.161,121.3,0.00576,0.419,0.292750272
1554777206403,32.207,121.3,0.00576,0.419,0.292750272
1554777206466,32.269,121.3,0.00572,0.419,0.290717284
1554777206512,32.315,121.3,0.00572,0.419,0.290717284
1554777206558,32.361,121.3,0.00572,0.419,0.290717284
1554777206604,32.407,121.3,0.00572,0.419,0.290717284
1554777206665,32.468,121.3,0.00574,0.419,0.291733778
1554777206711,32.514,121.3,0.00574,0.419,0.291733778
1554777206758,32.561,121.3,0.00574,0.419,0.291733778
1554777206804,32.607,121.3,0.00574,0.419,0.291733778
1554777206865,32.668,121.3,0.00573,0.42,0.29192058
1554777206911,32.714,121.3,0.00573,0.42,0.29192058
1554777206957,32.76,121.3,0.00573,0.42,0.29192058
1554777207003,32.806,121.3,0.00573,0.42,0.29192058
1554777207065,32.868,121.3,0.00576,0.42,0.29344896
1554777207112,32.915,121.3,0.00576,0.42,0.29344896
1554777207158,32.961,121.3,0.00576,0.42,0.29344896
1554777207204,33.007,121.3,0.00576,0.42,0.29344896
1554777207265,33.068,121.3,0.00572,0.419,0.290717284
1554777207311,33.114,121.3,0.00572,0.419,0.290717284
1554777207357,33.16,121.3,0.00572,0.419,0.290717284
1554777207403,33.206,121.3,0.00572,0.419,0.290717284
1554777207466,33.269,121.4,0.00572,0.42,0.29165136
1554777207512,33.315,121.4,0.00572,0.42,0.29165136
1554777207558,33.361,121.4,0.00572,0.42,0.29165136
1554777207604,33.407,121.4,0.00572,0.42,0.29165136
1554777207665,33.468,121.3,0.00565,0.42,0.2878449
1554777207711,33.514,121.3,0.00565,0.42,0.2878449
1554777207757,33.56,121.3,0.00565,0.42,0.2878449
1554777207803,33.607,121.3,0.00565,0.42,0.2878449
1554777207865,33.668,121.3,0.00566,0.418,0.286981244
1554777207910,33.713,121.3,0.00566,0.418,0.286981244
1554777207956,33.759,121.3,0.00566,0.418,0.286981244
1554777208002,33.805,121.3,0.00566,0.418,0.286981244
1554777208065,33.868,121.3,0.0057,0.421,0.29108361
1554777208111,33.914,121.3,0.0057,0.421,0.29108361
1554777208157,33.96,121.3,0.0057,0.421,0.29108361
1554777208203,34.006,121.3,0.0057,0.421,0.29108361
1554777208264,34.068,121.3,0.00566,0.42,0.28835436
1554777208310,34.113,121.3,0.00566,0.42,0.28835436
1554777208356,34.159,121.3,0.00566,0.42,0.28835436
1554777208402,34.205,121.3,0.00566,0.42,0.28835436
1554777208465,34.268,121.3,0.00563,0.419,0.286143061
1554777208511,34.314,121.3,0.00563,0.419,0.286143061
1554777208557,34.36,121.3,0.00563,0.419,0.286143061
1554777208603,34.406,121.3,0.00563,0.419,0.286143061
1554777208665,34.468,121.3,0.00562,0.419,0.285634814
1554777208711,34.514,121.3,0.00562,0.419,0.285634814
1554777208758,34.561,121.3,0.00562,0.419,0.285634814
1554777208804,34.607,121.3,0.00562,0.419,0.285634814
1554777208865,34.668,121.2,0.00565,0.42,0.2876076
1554777208911,34.714,121.2,0.00565,0.42,0.2876076
1554777208957,34.76,121.2,0.00565,0.42,0.2876076
1554777209003,34.806,121.2,0.00565,0.42,0.2876076
1554777209064,34.867,121.2,0.00568,0.417,0.287069472
1554777209110,34.913,121.2,0.00568,0.417,0.287069472
1554777209156,34.959,121.2,0.00568,0.417,0.287069472
1554777209202,35.005,121.2,0.00568,0.417,0.287069472
1554777209265,35.068,121.2,0.00568,0.416,0.286381056
1554777209311,35.114,121.2,0.00568,0.416,0.286381056
1554777209357,35.16,121.2,0.00568,0.416,0.286381056
1554777209404,35.207,121.2,0.00568,0.416,0.286381056
1554777209465,35.268,121.2,0.00569,0.418,0.288264504
1554777209511,35.314,121.2,0.00569,0.418,0.288264504
1554777209557,35.36,121.2,0.00569,0.418,0.288264504
1554777209603,35.406,121.2,0.00569,0.418,0.288264504
1554777209664,35.467,121.2,0.00565,0.42,0.2876076
1554777209710,35.513,121.2,0.00565,0.42,0.2876076
1554777209756,35.559,121.2,0.00565,0.42,0.2876076
1554777209802,35.605,121.2,0.00565,0.42,0.2876076
1554777209864,35.668,121.2,0.00569,0.417,0.287574876
1554777209911,35.714,121.2,0.00569,0.417,0.287574876
1554777209957,35.76,121.2,0.00569,0.417,0.287574876
1554777210003,35.806,121.2,0.00569,0.417,0.287574876
1554777210064,35.867,121.2,0.00575,0.419,0.2920011
1554777210110,35.913,121.2,0.00575,0.419,0.2920011
1554777210156,35.959,121.2,0.00575,0.419,0.2920011
1554777210202,36.005,121.2,0.00575,0.419,0.2920011
1554777210265,36.068,121.2,0.00575,0.419,0.2920011
1554777210311,36.114,121.2,0.00575,0.419,0.2920011
1554777210357,36.16,121.2,0.00575,0.419,0.2920011
1554777210403,36.206,121.2,0.00575,0.419,0.2920011
1554777210465,36.268,121.3,0.00573,0.419,0.291225531
1554777210511,36.314,121.3,0.00573,0.419,0.291225531
1554777210557,36.36,121.3,0.00573,0.419,0.291225531
1554777210603,36.406,121.3,0.00573,0.419,0.291225531
1554777210664,36.467,121.3,0.00572,0.418,0.290023448
1554777210710,36.513,121.3,0.00572,0.418,0.290023448
1554777210756,36.559,121.3,0.00572,0.418,0.290023448
1554777210803,36.606,121.3,0.00572,0.418,0.290023448
1554777210864,36.667,121.2,0.00577,0.418,0.292317432
1554777210910,36.713,121.2,0.00577,0.418,0.292317432
1554777210956,36.759,121.2,0.00577,0.418,0.292317432
1554777211002,36.805,121.2,0.00577,0.418,0.292317432
1554777211064,36.867,121.2,0.00578,0.418,0.292824048
1554777211110,36.913,121.2,0.00578,0.418,0.292824048
1554777211156,36.959,121.2,0.00578,0.418,0.292824048
1554777211202,37.005,121.2,0.00578,0.418,0.292824048
1554777211265,37.068,121.2,0.0058,0.417,0.29313432
1554777211311,37.114,121.2,0.0058,0.417,0.29313432
1554777211357,37.16,121.2,0.0058,0.417,0.29313432
1554777211403,37.206,121.2,0.0058,0.417,0.29313432
1554777211464,37.267,121.3,0.00575,0.417,0.290847075
1554777211510,37.314,121.3,0.00575,0.417,0.290847075
1554777211557,37.36,121.3,0.00575,0.417,0.290847075
1554777211603,37.406,121.3,0.00575,0.417,0.290847075
1554777211664,37.467,121.3,0.0057,0.419,0.28970079
1554777211710,37.513,121.3,0.0057,0.419,0.28970079
1554777211756,37.559,121.3,0.0057,0.419,0.28970079
1554777211802,37.605,121.3,0.0057,0.419,0.28970079
1554777211864,37.667,121.3,0.00571,0.417,0.288823791
1554777211909,37.712,121.3,0.00571,0.417,0.288823791
1554777211955,37.758,121.3,0.00571,0.417,0.288823791
1554777212001,37.804,121.3,0.00571,0.417,0.288823791
1554777212064,37.867,121.3,0.00572,0.417,0.289329612
1554777212109,37.912,121.3,0.00572,0.417,0.289329612
1554777212155,37.958,121.3,0.00572,0.417,0.289329612
1554777212201,38.004,121.3,0.00572,0.417,0.289329612
1554777212263,38.067,121.3,0.00567,0.418,0.287488278
1554777212309,38.112,121.3,0.00567,0.418,0.287488278
1554777212355,38.158,121.3,0.00567,0.418,0.287488278
1554777212401,38.204,121.3,0.00567,0.418,0.287488278
1554777212464,38.267,121.4,0.00569,0.42,0.29012172
1554777212510,38.313,121.4,0.00569,0.42,0.29012172
1554777212556,38.359,121.4,0.00569,0.42,0.29012172
1554777212602,38.405,121.4,0.00569,0.42,0.29012172
1554777212664,38.467,121.3,0.00565,0.417,0.285788865
1554777212710,38.513,121.3,0.00565,0.417,0.285788865
1554777212757,38.56,121.3,0.00565,0.417,0.285788865
1554777212803,38.606,121.3,0.00565,0.417,0.285788865
1554777212864,38.667,121.3,0.00562,0.418,0.284953108
1554777212910,38.713,121.3,0.00562,0.418,0.284953108
1554777212956,38.759,121.3,0.00562,0.418,0.284953108
1554777213002,38.806,121.3,0.00562,0.418,0.284953108
1554777213063,38.866,121.2,0.00563,0.418,0.285224808
1554777213110,38.913,121.2,0.00563,0.418,0.285224808
1554777213156,38.959,121.2,0.00563,0.418,0.285224808
1554777213202,39.005,121.2,0.00563,0.418,0.285224808
1554777213263,39.066,121.2,0.00572,0.416,0.288397824
1554777213309,39.112,121.2,0.00572,0.416,0.288397824
1554777213355,39.158,121.2,0.00572,0.416,0.288397824
1554777213401,39.204,121.2,0.00572,0.416,0.288397824
1554777213463,39.266,121.2,0.00572,0.416,0.288397824
1554777213509,39.312,121.2,0.00572,0.416,0.288397824
1554777213555,39.358,121.2,0.00572,0.416,0.288397824
1554777213601,39.404,121.2,0.00572,0.416,0.288397824
1554777213664,39.467,121.2,0.00568,0.418,0.287757888
1554777213710,39.513,121.2,0.00568,0.418,0.287757888
1554777213756,39.559,121.2,0.00568,0.418,0.287757888
1554777213802,39.605,121.2,0.00568,0.418,0.287757888
1554777213863,39.666,121.2,0.00567,0.419,0.287938476
1554777213909,39.712,121.2,0.00567,0.419,0.287938476
1554777213955,39.758,121.2,0.00567,0.419,0.287938476
1554777214001,39.804,121.2,0.00567,0.419,0.287938476
1554777214063,39.867,121.2,0.00572,0.418,0.289784352
1554777214110,39.913,121.2,0.00572,0.418,0.289784352
1554777214156,39.959,121.2,0.00572,0.418,0.289784352
1554777214202,40.005,121.2,0.00572,0.418,0.289784352
1554777214263,40.066,121.3,0.00572,0.42,0.29141112
1554777214309,40.112,121.3,0.00572,0.42,0.29141112
1554777214355,40.158,121.3,0.00572,0.42,0.29141112
1554777214401,40.204,121.3,0.00572,0.42,0.29141112
1554777214463,40.266,121.2,0.00572,0.416,0.288397824
1554777214509,40.312,121.2,0.00572,0.416,0.288397824
1554777214555,40.358,121.2,0.00572,0.416,0.288397824
1554777214601,40.404,121.2,0.00572,0.416,0.288397824
1554777214664,40.467,121.2,0.00573,0.419,0.290985444
1554777214710,40.513,121.2,0.00573,0.419,0.290985444
1554777214756,40.559,121.2,0.00573,0.419,0.290985444
1554777214802,40.605,121.2,0.00573,0.419,0.290985444
1554777214863,40.666,121.2,0.00575,0.419,0.2920011
1554777214909,40.712,121.2,0.00575,0.419,0.2920011
1554777214955,40.758,121.2,0.00575,0.419,0.2920011
1554777215001,40.804,121.2,0.00575,0.419,0.2920011
1554777215063,40.866,121.2,0.00572,0.42,0.29117088
1554777215109,40.912,121.2,0.00572,0.42,0.29117088
1554777215155,40.958,121.2,0.00572,0.42,0.29117088
1554777215201,41.004,121.2,0.00572,0.42,0.29117088
1554777215263,41.066,121.2,0.00578,0.417,0.292123512
1554777215309,41.112,121.2,0.00578,0.417,0.292123512
1554777215355,41.158,121.2,0.00578,0.417,0.292123512
1554777215401,41.204,121.2,0.00578,0.417,0.292123512
1554777215463,41.266,121.3,0.00575,0.415,0.289452125
1554777215508,41.311,121.3,0.00575,0.415,0.289452125
1554777215554,41.357,121.3,0.00575,0.415,0.289452125
1554777215600,41.403,121.3,0.00575,0.415,0.289452125
1554777215663,41.466,121.3,0.00569,0.42,0.28988274
1554777215709,41.512,121.3,0.00569,0.42,0.28988274
1554777215755,41.558,121.3,0.00569,0.42,0.28988274
1554777215801,41.604,121.3,0.00569,0.42,0.28988274
1554777215863,41.666,121.3,0.0057,0.416,0.28762656
1554777215909,41.712,121.3,0.0057,0.416,0.28762656
1554777215956,41.759,121.3,0.0057,0.416,0.28762656
1554777216002,41.805,121.3,0.0057,0.416,0.28762656
1554777216063,41.866,121.3,0.00572,0.416,0.288635776
1554777216109,41.912,121.3,0.00572,0.416,0.288635776
1554777216155,41.958,121.3,0.00572,0.416,0.288635776
1554777216201,42.004,121.3,0.00572,0.416,0.288635776
1554777216262,42.065,121.3,0.00572,0.417,0.289329612
1554777216308,42.111,121.3,0.00572,0.417,0.289329612
1554777216354,42.157,121.3,0.00572,0.417,0.289329612
1554777216400,42.203,121.3,0.00572,0.417,0.289329612
1554777216463,42.266,121.4,0.00572,0.417,0.289568136
1554777216509,42.312,121.4,0.00572,0.417,0.289568136
1554777216555,42.358,121.4,0.00572,0.417,0.289568136
1554777216601,42.404,121.4,0.00572,0.417,0.289568136
1554777216662,42.465,121.3,0.00566,0.418,0.286981244
1554777216708,42.511,121.3,0.00566,0.418,0.286981244
1554777216755,42.558,121.3,0.00566,0.418,0.286981244
1554777216800,42.603,121.3,0.00566,0.418,0.286981244
1554777216863,42.666,121.3,0.00566,0.417,0.286294686
1554777216909,42.712,121.3,0.00566,0.417,0.286294686
1554777216955,42.758,121.3,0.00566,0.417,0.286294686
1554777217001,42.804,121.3,0.00566,0.417,0.286294686
1554777217063,42.866,121.3,0.00568,0.416,0.286617344
1554777217109,42.912,121.3,0.00568,0.416,0.286617344
1554777217155,42.958,121.3,0.00568,0.416,0.286617344
1554777217201,43.004,121.3,0.00568,0.416,0.286617344
1554777217262,43.065,121.2,0.00568,0.419,0.288446304
1554777217308,43.111,121.2,0.00568,0.419,0.288446304
1554777217354,43.157,121.2,0.00568,0.419,0.288446304
1554777217400,43.203,121.2,0.00568,0.419,0.288446304
1554777217462,43.265,121.3,0.00572,0.416,0.288635776
1554777217508,43.311,121.3,0.00572,0.416,0.288635776
1554777217554,43.357,121.3,0.00572,0.416,0.288635776
1554777217600,43.403,121.3,0.00572,0.416,0.288635776
1554777217663,43.466,121.3,0.0057,0.416,0.28762656
1554777217709,43.512,121.3,0.0057,0.416,0.28762656
1554777217755,43.558,121.3,0.0057,0.416,0.28762656
1554777217801,43.604,121.3,0.0057,0.416,0.28762656
1554777217862,43.665,121.2,0.00569,0.418,0.288264504
1554777217908,43.711,121.2,0.00569,0.418,0.288264504
1554777217954,43.758,121.2,0.00569,0.418,0.288264504
1554777218001,43.804,121.2,0.00569,0.418,0.288264504
1554777218062,43.865,121.3,0.00569,0.42,0.28988274
1554777218108,43.911,121.3,0.00569,0.42,0.28988274
1554777218154,43.957,121.3,0.00569,0.42,0.28988274
1554777218200,44.003,121.3,0.00569,0.42,0.28988274
1554777218262,44.065,121.3,0.00572,0.417,0.289329612
1554777218308,44.111,121.3,0.00572,0.417,0.289329612
1554777218354,44.157,121.3,0.00572,0.417,0.289329612
1554777218400,44.203,121.3,0.00572,0.417,0.289329612
1554777218463,44.266,121.3,0.00575,0.417,0.290847075
1554777218509,44.312,121.3,0.00575,0.417,0.290847075
1554777218555,44.358,121.3,0.00575,0.417,0.290847075
1554777218601,44.404,121.3,0.00575,0.417,0.290847075
1554777218662,44.465,121.3,0.00573,0.418,0.290530482
1554777218708,44.511,121.3,0.00573,0.418,0.290530482
1554777218754,44.557,121.3,0.00573,0.418,0.290530482
1554777218800,44.603,121.3,0.00573,0.418,0.290530482
1554777218862,44.665,121.3,0.00576,0.418,0.292051584
1554777218909,44.712,121.3,0.00576,0.418,0.292051584
1554777218954,44.758,121.3,0.00576,0.418,0.292051584
1554777219001,44.804,121.3,0.00576,0.418,0.292051584
1554777219062,44.865,121.2,0.00575,0.418,0.2913042
1554777219107,44.91,121.2,0.00575,0.418,0.2913042
1554777219154,44.957,121.2,0.00575,0.418,0.2913042
1554777219200,45.003,121.2,0.00575,0.418,0.2913042
1554777219262,45.065,121.3,0.00575,0.42,0.2929395
1554777219308,45.111,121.3,0.00575,0.42,0.2929395
1554777219354,45.157,121.3,0.00575,0.42,0.2929395
1554777219400,45.203,121.3,0.00575,0.42,0.2929395
1554777219461,45.264,121.3,0.00576,0.418,0.292051584
1554777219507,45.31,121.3,0.00576,0.418,0.292051584
1554777219553,45.356,121.3,0.00576,0.418,0.292051584
1554777219600,45.403,121.3,0.00576,0.418,0.292051584
1554777219662,45.465,121.3,0.00575,0.416,0.2901496
1554777219708,45.511,121.3,0.00575,0.416,0.2901496
1554777219754,45.557,121.3,0.00575,0.416,0.2901496
1554777219800,45.603,121.3,0.00575,0.416,0.2901496
1554777219862,45.665,121.2,0.00575,0.415,0.2892135
1554777219908,45.711,121.2,0.00575,0.415,0.2892135
1554777219954,45.757,121.2,0.00575,0.415,0.2892135
1554777219999,45.802,121.2,0.00575,0.415,0.2892135
1554777220062,45.865,121.3,0.00573,0.417,0.289835433
1554777220108,45.911,121.3,0.00573,0.417,0.289835433
1554777220154,45.957,121.3,0.00573,0.417,0.289835433
1554777220200,46.003,121.3,0.00573,0.417,0.289835433
1554777220261,46.064,121.3,0.00572,0.417,0.289329612
1554777220307,46.11,121.3,0.00572,0.417,0.289329612
1554777220353,46.156,121.3,0.00572,0.417,0.289329612
1554777220399,46.202,121.3,0.00572,0.417,0.289329612
1554777220462,46.265,121.3,0.00571,0.42,0.29090166
1554777220508,46.311,121.3,0.00571,0.42,0.29090166
1554777220554,46.357,121.3,0.00571,0.42,0.29090166
1554777220600,46.403,121.3,0.00571,0.42,0.29090166
1554777220661,46.464,121.3,0.00566,0.417,0.286294686
1554777220707,46.51,121.3,0.00566,0.417,0.286294686
1554777220753,46.556,121.3,0.00566,0.417,0.286294686
1554777220799,46.602,121.3,0.00566,0.417,0.286294686
1554777220861,46.664,121.3,0.00566,0.417,0.286294686
1554777220907,46.71,121.3,0.00566,0.417,0.286294686
1554777220953,46.756,121.3,0.00566,0.417,0.286294686
1554777221000,46.803,121.3,0.00566,0.417,0.286294686
1554777221062,46.865,121.3,0.00566,0.419,0.287667802
1554777221108,46.911,121.3,0.00566,0.419,0.287667802
1554777221154,46.957,121.3,0.00566,0.419,0.287667802
1554777221200,47.003,121.3,0.00566,0.419,0.287667802
1554777221261,47.064,121.3,0.0057,0.416,0.28762656
1554777221307,47.11,121.3,0.0057,0.416,0.28762656
1554777221353,47.156,121.3,0.0057,0.416,0.28762656
1554777221399,47.202,121.3,0.0057,0.416,0.28762656
1554777221462,47.265,121.3,0.0057,0.417,0.28831797
1554777221508,47.311,121.3,0.0057,0.417,0.28831797
1554777221554,47.357,121.3,0.0057,0.417,0.28831797
1554777221600,47.403,121.3,0.0057,0.417,0.28831797
1554777221661,47.464,121.3,0.00566,0.417,0.286294686
1554777221707,47.51,121.3,0.00566,0.417,0.286294686
1554777221753,47.556,121.3,0.00566,0.417,0.286294686
1554777221799,47.602,121.3,0.00566,0.417,0.286294686
1554777221862,47.665,121.3,0.00571,0.419,0.290209037
1554777221908,47.711,121.3,0.00571,0.419,0.290209037
1554777221954,47.757,121.3,0.00571,0.419,0.290209037
1554777222000,47.803,121.3,0.00571,0.419,0.290209037
1554777222061,47.864,121.3,0.00577,0.413,0.289059113
1554777222107,47.91,121.3,0.00577,0.413,0.289059113
1554777222153,47.956,121.3,0.00577,0.413,0.289059113
1554777222199,48.002,121.3,0.00577,0.413,0.289059113
1554777222262,48.065,121.3,0.00575,0.417,0.290847075
1554777222307,48.11,121.3,0.00575,0.417,0.290847075
1554777222353,48.156,121.3,0.00575,0.417,0.290847075
1554777222400,48.203,121.3,0.00575,0.417,0.290847075
1554777222461,48.264,121.3,0.00573,0.417,0.289835433
1554777222507,48.31,121.3,0.00573,0.417,0.289835433
1554777222553,48.356,121.3,0.00573,0.417,0.289835433
1554777222599,48.402,121.3,0.00573,0.417,0.289835433
1554777222661,48.464,121.3,0.00574,0.417,0.290341254
1554777222707,48.51,121.3,0.00574,0.417,0.290341254
1554777222753,48.556,121.3,0.00574,0.417,0.290341254
1554777222800,48.603,121.3,0.00574,0.417,0.290341254
1554777222860,48.664,121.3,0.00576,0.418,0.292051584
1554777222907,48.71,121.3,0.00576,0.418,0.292051584
1554777222953,48.756,121.3,0.00576,0.418,0.292051584
1554777222999,48.802,121.3,0.00576,0.418,0.292051584
1554777223061,48.864,121.2,0.00577,0.416,0.290918784
1554777223107,48.91,121.2,0.00577,0.416,0.290918784
1554777223153,48.956,121.2,0.00577,0.416,0.290918784
1554777223199,49.002,121.2,0.00577,0.416,0.290918784
1554777223260,49.063,121.3,0.00578,0.415,0.29096231
1554777223306,49.109,121.3,0.00578,0.415,0.29096231
1554777223353,49.156,121.3,0.00578,0.415,0.29096231
1554777223398,49.201,121.3,0.00578,0.415,0.29096231
1554777223461,49.264,121.3,0.00575,0.416,0.2901496
1554777223507,49.31,121.3,0.00575,0.416,0.2901496
1554777223553,49.356,121.3,0.00575,0.416,0.2901496
1554777223599,49.402,121.3,0.00575,0.416,0.2901496
1554777223660,49.463,121.3,0.00572,0.418,0.290023448
1554777223706,49.509,121.3,0.00572,0.418,0.290023448
1554777223752,49.555,121.3,0.00572,0.418,0.290023448
1554777223798,49.601,121.3,0.00572,0.418,0.290023448
1554777223860,49.663,121.3,0.00569,0.418,0.288502346
1554777223906,49.709,121.3,0.00569,0.418,0.288502346
1554777223952,49.755,121.3,0.00569,0.418,0.288502346
1554777223998,49.801,121.3,0.00569,0.418,0.288502346
1554777224061,49.864,121.3,0.00569,0.417,0.287812149
1554777224107,49.91,121.3,0.00569,0.417,0.287812149
1554777224153,49.956,121.3,0.00569,0.417,0.287812149
1554777224199,50.002,121.3,0.00569,0.417,0.287812149
1554777224260,50.063,121.3,0.00571,0.417,0.288823791
1554777224306,50.109,121.3,0.00571,0.417,0.288823791
1554777224352,50.155,121.3,0.00571,0.417,0.288823791
1554777224398,50.201,121.3,0.00571,0.417,0.288823791
1554777224461,50.264,121.3,0.00572,0.416,0.288635776
1554777224507,50.31,121.3,0.00572,0.416,0.288635776
1554777224553,50.356,121.3,0.00572,0.416,0.288635776
1554777224599,50.402,121.3,0.00572,0.416,0.288635776
1554777224660,50.463,121.3,0.00566,0.418,0.286981244
1554777224706,50.509,121.3,0.00566,0.418,0.286981244
1554777224752,50.555,121.3,0.00566,0.418,0.286981244
1554777224798,50.601,121.3,0.00566,0.418,0.286981244
1554777224860,50.663,121.3,0.00563,0.419,0.286143061
1554777224907,50.71,121.3,0.00563,0.419,0.286143061
1554777224953,50.756,121.3,0.00563,0.419,0.286143061
1554777224999,50.802,121.3,0.00563,0.419,0.286143061
1554777225060,50.863,121.3,0.00567,0.417,0.286800507
1554777225106,50.909,121.3,0.00567,0.417,0.286800507
1554777225152,50.955,121.3,0.00567,0.417,0.286800507
1554777225198,51.001,121.3,0.00567,0.417,0.286800507
1554777225260,51.063,121.3,0.0057,0.418,0.28900938
1554777225306,51.109,121.3,0.0057,0.418,0.28900938
1554777225352,51.155,121.3,0.0057,0.418,0.28900938
1554777225398,51.202,121.3,0.0057,0.418,0.28900938
1554777225460,51.263,121.3,0.00569,0.415,0.286431755
1554777225505,51.309,121.3,0.00569,0.415,0.286431755
1554777225552,51.355,121.3,0.00569,0.415,0.286431755
1554777225598,51.401,121.3,0.00569,0.415,0.286431755
1554777225660,51.463,121.3,0.00567,0.415,0.285424965
1554777225706,51.509,121.3,0.00567,0.415,0.285424965
1554777225752,51.555,121.3,0.00567,0.415,0.285424965
1554777225798,51.601,121.3,0.00567,0.415,0.285424965
1554777225860,51.663,121.3,0.00566,0.418,0.286981244
1554777225906,51.709,121.3,0.00566,0.418,0.286981244
1554777225952,51.755,121.3,0.00566,0.418,0.286981244
1554777225998,51.801,121.3,0.00566,0.418,0.286981244
1554777226060,51.863,121.2,0.00569,0.419,0.288954132
1554777226106,51.909,121.2,0.00569,0.419,0.288954132
1554777226152,51.956,121.2,0.00569,0.419,0.288954132
1554777226199,52.002,121.2,0.00569,0.419,0.288954132
1554777226260,52.063,121.2,0.00571,0.418,0.289277736
1554777226306,52.109,121.2,0.00571,0.418,0.289277736
1554777226352,52.155,121.2,0.00571,0.418,0.289277736
1554777226398,52.201,121.2,0.00571,0.418,0.289277736
1554777226459,52.262,121.2,0.0057,0.42,0.2901528
1554777226505,52.308,121.2,0.0057,0.42,0.2901528
1554777226551,52.354,121.2,0.0057,0.42,0.2901528
1554777226597,52.4,121.2,0.0057,0.42,0.2901528
1554777226660,52.463,121.3,0.00575,0.417,0.290847075
1554777226705,52.509,121.3,0.00575,0.417,0.290847075
1554777226751,52.554,121.3,0.00575,0.417,0.290847075
1554777226797,52.6,121.3,0.00575,0.417,0.290847075
1554777226860,52.663,121.2,0.00573,0.417,0.289596492
1554777226906,52.709,121.2,0.00573,0.417,0.289596492
1554777226952,52.755,121.2,0.00573,0.417,0.289596492
1554777226998,52.801,121.2,0.00573,0.417,0.289596492
1554777227060,52.863,121.2,0.00573,0.418,0.290290968
1554777227106,52.909,121.2,0.00573,0.418,0.290290968
1554777227152,52.955,121.2,0.00573,0.418,0.290290968
1554777227198,53.001,121.2,0.00573,0.418,0.290290968
1554777227260,53.063,121.2,0.00574,0.419,0.291493272
1554777227306,53.109,121.2,0.00574,0.419,0.291493272
1554777227352,53.155,121.2,0.00574,0.419,0.291493272
1554777227399,53.202,121.2,0.00574,0.419,0.291493272
1554777227459,53.263,121.3,0.00567,0.42,0.28886382
1554777227506,53.309,121.3,0.00567,0.42,0.28886382
1554777227552,53.355,121.3,0.00567,0.42,0.28886382
1554777227598,53.401,121.3,0.00567,0.42,0.28886382
1554777227659,53.462,121.3,0.00569,0.422,0.291263134
1554777227705,53.508,121.3,0.00569,0.422,0.291263134
1554777227751,53.554,121.3,0.00569,0.422,0.291263134
1554777227797,53.6,121.3,0.00569,0.422,0.291263134
1554777227860,53.663,121.3,0.00563,0.422,0.288191818
1554777227906,53.709,121.3,0.00563,0.422,0.288191818
1554777227952,53.755,121.3,0.00563,0.422,0.288191818
1554777227998,53.801,121.3,0.00563,0.422,0.288191818
1554777228059,53.862,121.2,0.00566,0.42,0.28811664
1554777228105,53.908,121.2,0.00566,0.42,0.28811664
1554777228151,53.954,121.2,0.00566,0.42,0.28811664
1554777228197,54.0,121.2,0.00566,0.42,0.28811664
1554777228259,54.062,121.3,0.00568,0.419,0.288684296
1554777228305,54.108,121.3,0.00568,0.419,0.288684296
1554777228351,54.154,121.3,0.00568,0.419,0.288684296
1554777228398,54.201,121.3,0.00568,0.419,0.288684296
1554777228459,54.262,121.3,0.00568,0.421,0.290062264
1554777228505,54.308,121.3,0.00568,0.421,0.290062264
1554777228551,54.354,121.3,0.00568,0.421,0.290062264
1554777228597,54.4,121.3,0.00568,0.421,0.290062264
1554777228659,54.462,121.3,0.00567,0.419,0.288176049
1554777228706,54.509,121.3,0.00567,0.419,0.288176049
1554777228752,54.555,121.3,0.00567,0.419,0.288176049
1554777228798,54.601,121.3,0.00567,0.419,0.288176049
1554777228859,54.662,121.3,0.00561,0.42,0.28580706
1554777228905,54.708,121.3,0.00561,0.42,0.28580706
1554777228951,54.754,121.3,0.00561,0.42,0.28580706
1554777228997,54.8,121.3,0.00561,0.42,0.28580706
1554777229060,54.863,121.3,0.0057,0.415,0.28693515
1554777229106,54.909,121.3,0.0057,0.415,0.28693515
1554777229152,54.955,121.3,0.0057,0.415,0.28693515
1554777229198,55.001,121.3,0.0057,0.415,0.28693515
1554777229259,55.062,121.3,0.00572,0.412,0.285860432
1554777229305,55.108,121.3,0.00572,0.412,0.285860432
1554777229352,55.155,121.3,0.00572,0.412,0.285860432
1554777229398,55.201,121.3,0.00572,0.412,0.285860432
1554777229459,55.262,121.3,0.00568,0.419,0.288684296
1554777229505,55.308,121.3,0.00568,0.419,0.288684296
1554777229551,55.354,121.3,0.00568,0.419,0.288684296
1554777229597,55.4,121.3,0.00568,0.419,0.288684296
1554777229659,55.462,121.3,0.00566,0.42,0.28835436
1554777229704,55.507,121.3,0.00566,0.42,0.28835436
1554777229750,55.553,121.3,0.00566,0.42,0.28835436
1554777229796,55.599,121.3,0.00566,0.42,0.28835436
1554777229859,55.662,121.3,0.00564,0.417,0.285283044
1554777229905,55.708,121.3,0.00564,0.417,0.285283044
1554777229951,55.754,121.3,0.00564,0.417,0.285283044
1554777229997,55.8,121.3,0.00564,0.417,0.285283044
1554777230059,55.862,121.2,0.00565,0.419,0.28692282
1554777230105,55.908,121.2,0.00565,0.419,0.28692282
1554777230151,55.954,121.2,0.00565,0.419,0.28692282
1554777230198,56.001,121.2,0.00565,0.419,0.28692282
1554777230258,56.061,121.2,0.0057,0.419,0.28946196
1554777230304,56.108,121.2,0.0057,0.419,0.28946196
1554777230350,56.154,121.2,0.0057,0.419,0.28946196
1554777230397,56.2,121.2,0.0057,0.419,0.28946196
1554777230459,56.262,121.3,0.00572,0.421,0.292104956
1554777230505,56.308,121.3,0.00572,0.421,0.292104956
1554777230551,56.354,121.3,0.00572,0.421,0.292104956
1554777230597,56.4,121.3,0.00572,0.421,0.292104956
1554777230658,56.461,121.3,0.0057,0.419,0.28970079
1554777230705,56.508,121.3,0.0057,0.419,0.28970079
1554777230751,56.554,121.3,0.0057,0.419,0.28970079
1554777230797,56.6,121.3,0.0057,0.419,0.28970079
1554777230859,56.662,121.2,0.00572,0.419,0.290477616
1554777230905,56.708,121.2,0.00572,0.419,0.290477616
1554777230951,56.754,121.2,0.00572,0.419,0.290477616
1554777230997,56.8,121.2,0.00572,0.419,0.290477616
1554777231059,56.862,121.2,0.00575,0.421,0.2933949
1554777231105,56.908,121.2,0.00575,0.421,0.2933949
1554777231151,56.954,121.2,0.00575,0.421,0.2933949
1554777231197,57.0,121.2,0.00575,0.421,0.2933949
1554777231258,57.061,121.2,0.00571,0.42,0.29066184
1554777231304,57.107,121.2,0.00571,0.42,0.29066184
1554777231351,57.154,121.2,0.00571,0.42,0.29066184
1554777231397,57.2,121.2,0.00571,0.42,0.29066184
1554777231459,57.262,121.2,0.0057,0.424,0.29291616
1554777231505,57.308,121.2,0.0057,0.424,0.29291616
1554777231551,57.354,121.2,0.0057,0.424,0.29291616
1554777231598,57.401,121.2,0.0057,0.424,0.29291616
1554777231659,57.462,121.2,0.00572,0.417,0.289091088
1554777231705,57.508,121.2,0.00572,0.417,0.289091088
1554777231751,57.554,121.2,0.00572,0.417,0.289091088
1554777231797,57.6,121.2,0.00572,0.417,0.289091088
1554777231858,57.661,121.2,0.00575,0.416,0.2899104
1554777231904,57.707,121.2,0.00575,0.416,0.2899104
1554777231950,57.753,121.2,0.00575,0.416,0.2899104
1554777231996,57.799,121.2,0.00575,0.416,0.2899104
1554777232058,57.861,121.2,0.00569,0.418,0.288264504
1554777232104,57.907,121.2,0.00569,0.418,0.288264504
1554777232150,57.953,121.2,0.00569,0.418,0.288264504
1554777232196,57.999,121.2,0.00569,0.418,0.288264504
1554777232259,58.062,121.2,0.00569,0.418,0.288264504
1554777232305,58.108,121.2,0.00569,0.418,0.288264504
1554777232351,58.154,121.2,0.00569,0.418,0.288264504
1554777232397,58.2,121.2,0.00569,0.418,0.288264504
1554777232459,58.262,121.3,0.00572,0.416,0.288635776
1554777232505,58.308,121.3,0.00572,0.416,0.288635776
1554777232551,58.354,121.3,0.00572,0.416,0.288635776
1554777232597,58.4,121.3,0.00572,0.416,0.288635776
1554777232658,58.461,121.3,0.0057,0.418,0.28900938
1554777232704,58.507,121.3,0.0057,0.418,0.28900938
1554777232750,58.553,121.3,0.0057,0.418,0.28900938
1554777232796,58.6,121.3,0.0057,0.418,0.28900938
1554777232858,58.661,121.3,0.00563,0.418,0.285460142
1554777232903,58.707,121.3,0.00563,0.418,0.285460142
1554777232950,58.753,121.3,0.00563,0.418,0.285460142
1554777232996,58.799,121.3,0.00563,0.418,0.285460142
1554777233058,58.861,121.3,0.00567,0.417,0.286800507
1554777233104,58.907,121.3,0.00567,0.417,0.286800507
1554777233150,58.953,121.3,0.00567,0.417,0.286800507
1554777233196,58.999,121.3,0.00567,0.417,0.286800507
1554777233258,59.061,121.3,0.0057,0.418,0.28900938
1554777233304,59.107,121.3,0.0057,0.418,0.28900938
1554777233350,59.153,121.3,0.0057,0.418,0.28900938
1554777233396,59.199,121.3,0.0057,0.418,0.28900938
1554777233458,59.261,121.3,0.00568,0.419,0.288684296
1554777233505,59.308,121.3,0.00568,0.419,0.288684296
1554777233551,59.354,121.3,0.00568,0.419,0.288684296
1554777233597,59.4,121.3,0.00568,0.419,0.288684296
1554777233658,59.461,121.3,0.00569,0.418,0.288502346
1554777233704,59.507,121.3,0.00569,0.418,0.288502346
1554777233750,59.553,121.3,0.00569,0.418,0.288502346
1554777233796,59.599,121.3,0.00569,0.418,0.288502346
1554777233858,59.661,121.3,0.0057,0.416,0.28762656
1554777233904,59.707,121.3,0.0057,0.416,0.28762656
1554777233951,59.754,121.3,0.0057,0.416,0.28762656
1554777233997,59.8,121.3,0.0057,0.416,0.28762656
1554777234058,59.861,121.3,0.00571,0.417,0.288823791
1554777234104,59.907,121.3,0.00571,0.417,0.288823791
1554777234150,59.953,121.3,0.00571,0.417,0.288823791
1554777234196,59.999,121.3,0.00571,0.417,0.288823791
1554777234257,60.06,121.3,0.00577,0.415,0.290458915
1554777234303,60.106,121.3,0.00577,0.415,0.290458915
1554777234349,60.153,121.3,0.00577,0.415,0.290458915
1554777234396,60.199,121.3,0.00577,0.415,0.290458915
1554777234458,60.261,121.3,0.00578,0.416,0.291663424
1554777234504,60.307,121.3,0.00578,0.416,0.291663424
1554777234550,60.353,121.3,0.00578,0.416,0.291663424
1554777234596,60.399,121.3,0.00578,0.416,0.291663424
1554777234657,60.46,121.3,0.00575,0.419,0.292242025
1554777234704,60.507,121.3,0.00575,0.419,0.292242025
1554777234750,60.553,121.3,0.00575,0.419,0.292242025
1554777234796,60.599,121.3,0.00575,0.419,0.292242025
1554777234858,60.661,121.3,0.00572,0.42,0.29141112
1554777234904,60.707,121.3,0.00572,0.42,0.29141112
1554777234950,60.753,121.3,0.00572,0.42,0.29141112
1554777234997,60.8,121.3,0.00572,0.42,0.29141112
1554777235058,60.861,121.3,0.00572,0.419,0.290717284
1554777235104,60.907,121.3,0.00572,0.419,0.290717284
1554777235150,60.953,121.3,0.00572,0.419,0.290717284
1554777235196,60.999,121.3,0.00572,0.419,0.290717284
1554777235257,61.06,121.2,0.00577,0.419,0.293016756
1554777235304,61.107,121.2,0.00577,0.419,0.293016756
1554777235349,61.152,121.2,0.00577,0.419,0.293016756
1554777235395,61.198,121.2,0.00577,0.419,0.293016756
1554777235458,61.261,121.3,0.00572,0.418,0.290023448
1554777235504,61.307,121.3,0.00572,0.418,0.290023448
1554777235550,61.353,121.3,0.00572,0.418,0.290023448
1554777235596,61.399,121.3,0.00572,0.418,0.290023448
1554777235657,61.46,121.3,0.00571,0.418,0.289516414
1554777235703,61.506,121.3,0.00571,0.418,0.289516414
1554777235749,61.552,121.3,0.00571,0.418,0.289516414
1554777235795,61.598,121.3,0.00571,0.418,0.289516414
1554777235858,61.661,121.3,0.00572,0.418,0.290023448
1554777235904,61.707,121.3,0.00572,0.418,0.290023448
1554777235950,61.753,121.3,0.00572,0.418,0.290023448
1554777235996,61.799,121.3,0.00572,0.418,0.290023448
1554777236057,61.86,121.2,0.00568,0.418,0.287757888
1554777236103,61.906,121.2,0.00568,0.418,0.287757888
1554777236149,61.952,121.2,0.00568,0.418,0.287757888
1554777236195,61.998,121.2,0.00568,0.418,0.287757888
1554777236258,62.061,121.2,0.0057,0.418,0.28877112
1554777236304,62.107,121.2,0.0057,0.418,0.28877112
1554777236350,62.153,121.2,0.0057,0.418,0.28877112
1554777236396,62.199,121.2,0.0057,0.418,0.28877112
1554777236457,62.26,121.3,0.0057,0.419,0.28970079
1554777236503,62.306,121.3,0.0057,0.419,0.28970079
1554777236549,62.352,121.3,0.0057,0.419,0.28970079
1554777236596,62.399,121.3,0.0057,0.419,0.28970079
1554777236657,62.46,121.3,0.00568,0.418,0.287995312
1554777236703,62.506,121.3,0.00568,0.418,0.287995312
1554777236748,62.552,121.3,0.00568,0.418,0.287995312
1554777236795,62.598,121.3,0.00568,0.418,0.287995312
1554777236857,62.66,121.3,0.00568,0.416,0.286617344
1554777236903,62.706,121.3,0.00568,0.416,0.286617344
1554777236949,62.752,121.3,0.00568,0.416,0.286617344
1554777236995,62.798,121.3,0.00568,0.416,0.286617344
1554777237058,62.861,121.3,0.00566,0.417,0.286294686
1554777237104,62.907,121.3,0.00566,0.417,0.286294686
1554777237150,62.953,121.3,0.00566,0.417,0.286294686
1554777237196,62.999,121.3,0.00566,0.417,0.286294686
1554777237257,63.06,121.3,0.00567,0.417,0.286800507
1554777237303,63.106,121.3,0.00567,0.417,0.286800507
1554777237349,63.152,121.3,0.00567,0.417,0.286800507
1554777237395,63.198,121.3,0.00567,0.417,0.286800507
1554777237457,63.26,121.3,0.00568,0.419,0.288684296
1554777237504,63.307,121.3,0.00568,0.419,0.288684296
1554777237550,63.353,121.3,0.00568,0.419,0.288684296
1554777237596,63.399,121.3,0.00568,0.419,0.288684296
1554777237657,63.46,121.3,0.0057,0.418,0.28900938
1554777237703,63.506,121.3,0.0057,0.418,0.28900938
1554777237749,63.552,121.3,0.0057,0.418,0.28900938
1554777237795,63.598,121.3,0.0057,0.418,0.28900938
1554777237856,63.659,121.3,0.00567,0.418,0.287488278
1554777237902,63.705,121.3,0.00567,0.418,0.287488278
1554777237948,63.751,121.3,0.00567,0.418,0.287488278
1554777237995,63.798,121.3,0.00567,0.418,0.287488278
1554777238057,63.86,121.3,0.00568,0.421,0.290062264
1554777238103,63.906,121.3,0.00568,0.421,0.290062264
1554777238149,63.952,121.3,0.00568,0.421,0.290062264
1554777238195,63.998,121.3,0.00568,0.421,0.290062264
1554777238256,64.059,121.3,0.00569,0.421,0.290572937
1554777238302,64.105,121.3,0.00569,0.421,0.290572937
1554777238348,64.152,121.3,0.00569,0.421,0.290572937
1554777238395,64.198,121.3,0.00569,0.421,0.290572937
1554777238457,64.26,121.3,0.00571,0.42,0.29090166
1554777238503,64.306,121.3,0.00571,0.42,0.29090166
1554777238549,64.352,121.3,0.00571,0.42,0.29090166
1554777238595,64.398,121.3,0.00571,0.42,0.29090166
1554777238656,64.459,121.3,0.00573,0.419,0.291225531
1554777238702,64.505,121.3,0.00573,0.419,0.291225531
1554777238748,64.551,121.3,0.00573,0.419,0.291225531
1554777238794,64.597,121.3,0.00573,0.419,0.291225531
1554777238857,64.66,121.3,0.00573,0.42,0.29192058
1554777238903,64.706,121.3,0.00573,0.42,0.29192058
1554777238949,64.752,121.3,0.00573,0.42,0.29192058
1554777238996,64.799,121.3,0.00573,0.42,0.29192058
1554777239057,64.86,121.3,0.00571,0.419,0.290209037
1554777239103,64.906,121.3,0.00571,0.419,0.290209037
1554777239149,64.952,121.3,0.00571,0.419,0.290209037
1554777239195,64.998,121.3,0.00571,0.419,0.290209037
1554777239256,65.059,121.3,0.00575,0.417,0.290847075
1554777239302,65.105,121.3,0.00575,0.417,0.290847075
1554777239349,65.152,121.3,0.00575,0.417,0.290847075
1554777239395,65.198,121.3,0.00575,0.417,0.290847075
1554777239456,65.259,121.3,0.00578,0.417,0.292364538
1554777239502,65.305,121.3,0.00578,0.417,0.292364538
1554777239548,65.351,121.3,0.00578,0.417,0.292364538
1554777239594,65.397,121.3,0.00578,0.417,0.292364538
1554777239657,65.46,121.3,0.0057,0.417,0.28831797
1554777239703,65.506,121.3,0.0057,0.417,0.28831797
1554777239749,65.552,121.3,0.0057,0.417,0.28831797
1554777239795,65.598,121.3,0.0057,0.417,0.28831797
1554777239856,65.66,121.3,0.00568,0.418,0.287995312
1554777239903,65.706,121.3,0.00568,0.418,0.287995312
1554777239949,65.752,121.3,0.00568,0.418,0.287995312
1554777239995,65.798,121.3,0.00568,0.418,0.287995312
1554777240056,65.859,121.3,0.00569,0.42,0.28988274
1554777240102,65.905,121.3,0.00569,0.42,0.28988274
1554777240148,65.951,121.3,0.00569,0.42,0.28988274
1554777240195,65.998,121.3,0.00569,0.42,0.28988274
1554777240256,66.059,121.2,0.00571,0.416,0.287893632
1554777240302,66.105,121.2,0.00571,0.416,0.287893632
1554777240348,66.151,121.2,0.00571,0.416,0.287893632
1554777240394,66.197,121.2,0.00571,0.416,0.287893632
1554777240456,66.259,121.3,0.00568,0.419,0.288684296
1554777240502,66.305,121.3,0.00568,0.419,0.288684296
1554777240548,66.351,121.3,0.00568,0.419,0.288684296
1554777240595,66.398,121.3,0.00568,0.419,0.288684296
1554777240657,66.46,121.3,0.00571,0.419,0.290209037
1554777240703,66.506,121.3,0.00571,0.419,0.290209037
1554777240749,66.552,121.3,0.00571,0.419,0.290209037
1554777240795,66.598,121.3,0.00571,0.419,0.290209037
1554777240856,66.659,121.3,0.00566,0.417,0.286294686
1554777240902,66.705,121.3,0.00566,0.417,0.286294686
1554777240948,66.751,121.3,0.00566,0.417,0.286294686
1554777240994,66.798,121.3,0.00566,0.417,0.286294686
1554777241056,66.859,121.3,0.00566,0.42,0.28835436
1554777241102,66.905,121.3,0.00566,0.42,0.28835436
1554777241148,66.951,121.3,0.00566,0.42,0.28835436
1554777241194,66.997,121.3,0.00566,0.42,0.28835436
1554777241256,67.059,121.3,0.00569,0.419,0.289192543
1554777241302,67.105,121.3,0.00569,0.419,0.289192543
1554777241348,67.151,121.3,0.00569,0.419,0.289192543
1554777241395,67.198,121.3,0.00569,0.419,0.289192543
1554777241456,67.259,121.3,0.00569,0.418,0.288502346
1554777241502,67.305,121.3,0.00569,0.418,0.288502346
1554777241548,67.351,121.3,0.00569,0.418,0.288502346
1554777241594,67.397,121.3,0.00569,0.418,0.288502346
1554777241656,67.459,121.4,0.0057,0.419,0.28993962
1554777241702,67.505,121.4,0.0057,0.419,0.28993962
1554777241748,67.551,121.4,0.0057,0.419,0.28993962
1554777241794,67.597,121.4,0.0057,0.419,0.28993962
1554777241856,67.659,121.4,0.00571,0.416,0.288368704
1554777241902,67.705,121.4,0.00571,0.416,0.288368704
1554777241948,67.751,121.4,0.00571,0.416,0.288368704
1554777241995,67.798,121.4,0.00571,0.416,0.288368704
1554777242056,67.859,121.4,0.00569,0.418,0.288740188
1554777242102,67.905,121.4,0.00569,0.418,0.288740188
1554777242148,67.951,121.4,0.00569,0.418,0.288740188
1554777242194,67.997,121.4,0.00569,0.418,0.288740188
1554777242255,68.058,121.4,0.0057,0.42,0.2906316
1554777242301,68.104,121.4,0.0057,0.42,0.2906316
1554777242347,68.15,121.4,0.0057,0.42,0.2906316
1554777242393,68.196,121.4,0.0057,0.42,0.2906316
1554777242456,68.259,121.4,0.00574,0.419,0.291974284
1554777242502,68.305,121.4,0.00574,0.419,0.291974284
1554777242548,68.351,121.4,0.00574,0.419,0.291974284
1554777242594,68.397,121.4,0.00574,0.419,0.291974284
1554777242656,68.459,121.4,0.0057,0.42,0.2906316
1554777242702,68.505,121.4,0.0057,0.42,0.2906316
1554777242748,68.551,121.4,0.0057,0.42,0.2906316
1554777242794,68.597,121.4,0.0057,0.42,0.2906316
1554777242855,68.658,121.4,0.0057,0.423,0.29270754
1554777242901,68.704,121.4,0.0057,0.423,0.29270754
1554777242947,68.75,121.4,0.0057,0.423,0.29270754
1554777242993,68.796,121.4,0.0057,0.423,0.29270754
1554777243056,68.859,121.3,0.00567,0.421,0.289551591
1554777243102,68.905,121.3,0.00567,0.421,0.289551591
1554777243148,68.951,121.3,0.00567,0.421,0.289551591
1554777243195,68.998,121.3,0.00567,0.421,0.289551591
1554777243255,69.058,121.3,0.0057,0.419,0.28970079
1554777243302,69.105,121.3,0.0057,0.419,0.28970079
1554777243348,69.151,121.3,0.0057,0.419,0.28970079
1554777243394,69.197,121.3,0.0057,0.419,0.28970079
1554777243456,69.259,121.3,0.00568,0.422,0.290751248
1554777243502,69.305,121.3,0.00568,0.422,0.290751248
1554777243548,69.351,121.3,0.00568,0.422,0.290751248
1554777243594,69.397,121.3,0.00568,0.422,0.290751248
1554777243656,69.459,121.3,0.0057,0.423,0.29246643
1554777243701,69.504,121.3,0.0057,0.423,0.29246643
1554777243747,69.55,121.3,0.0057,0.423,0.29246643
1554777243794,69.598,121.3,0.0057,0.423,0.29246643
1554777243856,69.659,121.3,0.00569,0.422,0.291263134
1554777243902,69.705,121.3,0.00569,0.422,0.291263134
1554777243948,69.751,121.3,0.00569,0.422,0.291263134
1554777243994,69.797,121.3,0.00569,0.422,0.291263134
1554777244055,69.858,121.3,0.00568,0.419,0.288684296
1554777244101,69.904,121.3,0.00568,0.419,0.288684296
1554777244147,69.95,121.3,0.00568,0.419,0.288684296
1554777244193,69.996,121.3,0.00568,0.419,0.288684296
1554777244255,70.058,121.3,0.00568,0.421,0.290062264
1554777244301,70.104,121.3,0.00568,0.421,0.290062264
1554777244347,70.15,121.3,0.00568,0.421,0.290062264
1554777244394,70.197,121.3,0.00568,0.421,0.290062264
1554777244455,70.258,121.3,0.00566,0.419,0.287667802
1554777244501,70.304,121.3,0.00566,0.419,0.287667802
1554777244547,70.35,121.3,0.00566,0.419,0.287667802
1554777244593,70.396,121.3,0.00566,0.419,0.287667802
1554777244655,70.458,121.3,0.00565,0.421,0.288530245
1554777244701,70.504,121.3,0.00565,0.421,0.288530245
1554777244747,70.55,121.3,0.00565,0.421,0.288530245
1554777244793,70.596,121.3,0.00565,0.421,0.288530245
1554777244855,70.658,121.3,0.00559,0.42,0.28478814
1554777244901,70.704,121.3,0.00559,0.42,0.28478814
1554777244948,70.751,121.3,0.00559,0.42,0.28478814
1554777244994,70.797,121.3,0.00559,0.42,0.28478814
1554777245055,70.858,121.3,0.00563,0.421,0.287508899
1554777245101,70.904,121.3,0.00563,0.421,0.287508899
1554777245147,70.95,121.3,0.00563,0.421,0.287508899
1554777245193,70.996,121.3,0.00563,0.421,0.287508899
1554777245255,71.058,121.3,0.00564,0.422,0.288703704
1554777245302,71.105,121.3,0.00564,0.422,0.288703704
1554777245347,71.151,121.3,0.00564,0.422,0.288703704
1554777245393,71.196,121.3,0.00564,0.422,0.288703704
1554777245455,71.258,121.3,0.00565,0.42,0.2878449
1554777245500,71.303,121.3,0.00565,0.42,0.2878449
1554777245546,71.349,121.3,0.00565,0.42,0.2878449
1554777245593,71.396,121.3,0.00565,0.42,0.2878449
1554777245655,71.458,121.3,0.00566,0.424,0.291100592
1554777245701,71.504,121.3,0.00566,0.424,0.291100592
1554777245747,71.55,121.3,0.00566,0.424,0.291100592
1554777245793,71.596,121.3,0.00566,0.424,0.291100592
1554777245855,71.658,121.4,0.00566,0.42,0.28859208
1554777245901,71.704,121.4,0.00566,0.42,0.28859208
1554777245947,71.75,121.4,0.00566,0.42,0.28859208
1554777245994,71.797,121.4,0.00566,0.42,0.28859208
1554777246055,71.858,121.3,0.00569,0.417,0.287812149
1554777246101,71.904,121.3,0.00569,0.417,0.287812149
1554777246147,71.95,121.3,0.00569,0.417,0.287812149
1554777246197,72.0,121.3,0.00569,0.417,0.287812149
1554777246254,72.057,121.3,0.0057,0.42,0.2903922
1554777246300,72.103,121.3,0.0057,0.42,0.2903922
1554777246346,72.149,121.3,0.0057,0.42,0.2903922
1554777246392,72.195,121.3,0.0057,0.42,0.2903922
1554777246455,72.258,121.3,0.00571,0.419,0.290209037
1554777246501,72.304,121.3,0.00571,0.419,0.290209037
1554777246547,72.35,121.3,0.00571,0.419,0.290209037
1554777246593,72.396,121.3,0.00571,0.419,0.290209037
1554777246654,72.457,121.4,0.00572,0.421,0.292345768
1554777246700,72.503,121.4,0.00572,0.421,0.292345768
1554777246746,72.549,121.4,0.00572,0.421,0.292345768
1554777246792,72.595,121.4,0.00572,0.421,0.292345768
1554777246855,72.658,121.4,0.00571,0.419,0.290448286
1554777246901,72.704,121.4,0.00571,0.419,0.290448286
1554777246947,72.75,121.4,0.00571,0.419,0.290448286
1554777246993,72.796,121.4,0.00571,0.419,0.290448286
1554777247055,72.858,121.3,0.0057,0.421,0.29108361
1554777247101,72.904,121.3,0.0057,0.421,0.29108361
1554777247147,72.95,121.3,0.0057,0.421,0.29108361
1554777247193,72.996,121.3,0.0057,0.421,0.29108361
1554777247254,73.057,121.3,0.00566,0.422,0.289727476
1554777247300,73.103,121.3,0.00566,0.422,0.289727476
1554777247346,73.149,121.3,0.00566,0.422,0.289727476
1554777247394,73.197,121.3,0.00566,0.422,0.289727476
1554777247455,73.258,121.3,0.00567,0.421,0.289551591
1554777247501,73.304,121.3,0.00567,0.421,0.289551591
1554777247547,73.35,121.3,0.00567,0.421,0.289551591
1554777247593,73.396,121.3,0.00567,0.421,0.289551591
1554777247654,73.457,121.3,0.00567,0.423,0.290927133
1554777247700,73.503,121.3,0.00567,0.423,0.290927133
1554777247746,73.549,121.3,0.00567,0.423,0.290927133
1554777247792,73.595,121.3,0.00567,0.423,0.290927133
1554777247855,73.658,121.3,0.00566,0.422,0.289727476
1554777247901,73.704,121.3,0.00566,0.422,0.289727476
1554777247947,73.75,121.3,0.00566,0.422,0.289727476
1554777247993,73.796,121.3,0.00566,0.422,0.289727476
1554777248054,73.857,121.3,0.00566,0.421,0.289040918
1554777248100,73.903,121.3,0.00566,0.421,0.289040918
1554777248146,73.949,121.3,0.00566,0.421,0.289040918
1554777248192,73.995,121.3,0.00566,0.421,0.289040918
1554777248254,74.057,121.3,0.00571,0.419,0.290209037
1554777248300,74.103,121.3,0.00571,0.419,0.290209037
1554777248347,74.15,121.3,0.00571,0.419,0.290209037
1554777248393,74.196,121.3,0.00571,0.419,0.290209037
1554777248454,74.257,121.3,0.00567,0.419,0.288176049
1554777248499,74.303,121.3,0.00567,0.419,0.288176049
1554777248546,74.349,121.3,0.00567,0.419,0.288176049
1554777248592,74.395,121.3,0.00567,0.419,0.288176049
1554777248654,74.457,121.3,0.00566,0.421,0.289040918
1554777248700,74.503,121.3,0.00566,0.421,0.289040918
1554777248746,74.55,121.3,0.00566,0.421,0.289040918
1554777248792,74.595,121.3,0.00566,0.421,0.289040918
1554777248854,74.657,121.3,0.00564,0.42,0.28733544
1554777248899,74.702,121.3,0.00564,0.42,0.28733544
1554777248946,74.749,121.3,0.00564,0.42,0.28733544
1554777248992,74.795,121.3,0.00564,0.42,0.28733544
1554777249054,74.857,121.3,0.00563,0.418,0.285460142
1554777249100,74.903,121.3,0.00563,0.418,0.285460142
1554777249146,74.949,121.3,0.00563,0.418,0.285460142
1554777249192,74.995,121.3,0.00563,0.418,0.285460142
1554777249254,75.057,121.3,0.00566,0.42,0.28835436
1554777249300,75.103,121.3,0.00566,0.42,0.28835436
1554777249347,75.15,121.3,0.00566,0.42,0.28835436
1554777249393,75.196,121.3,0.00566,0.42,0.28835436
1554777249454,75.257,121.3,0.0057,0.417,0.28831797
1554777249500,75.303,121.3,0.0057,0.417,0.28831797
1554777249546,75.349,121.3,0.0057,0.417,0.28831797
1554777249592,75.395,121.3,0.0057,0.417,0.28831797
1554777249653,75.456,121.3,0.0057,0.419,0.28970079
1554777249699,75.502,121.3,0.0057,0.419,0.28970079
1554777249745,75.548,121.3,0.0057,0.419,0.28970079
1554777249791,75.594,121.3,0.0057,0.419,0.28970079
1554777249854,75.657,121.4,0.00571,0.419,0.290448286
1554777249900,75.703,121.4,0.00571,0.419,0.290448286
1554777249946,75.749,121.4,0.00571,0.419,0.290448286
1554777249992,75.795,121.4,0.00571,0.419,0.290448286
1554777250054,75.857,121.4,0.00568,0.418,0.288232736
1554777250100,75.903,121.4,0.00568,0.418,0.288232736
1554777250146,75.949,121.4,0.00568,0.418,0.288232736
1554777250192,75.995,121.4,0.00568,0.418,0.288232736
1554777250253,76.056,121.3,0.00572,0.419,0.290717284
1554777250300,76.103,121.3,0.00572,0.419,0.290717284
1554777250346,76.149,121.3,0.00572,0.419,0.290717284
1554777250392,76.195,121.3,0.00572,0.419,0.290717284
1554777250454,76.257,121.3,0.00578,0.413,0.289560082
1554777250500,76.303,121.3,0.00578,0.413,0.289560082
1554777250546,76.349,121.3,0.00578,0.413,0.289560082
1554777250592,76.395,121.3,0.00578,0.413,0.289560082
1554777250654,76.457,121.4,0.00574,0.418,0.291277448
1554777250701,76.504,121.4,0.00574,0.418,0.291277448
1554777250747,76.55,121.4,0.00574,0.418,0.291277448
1554777250793,76.596,121.4,0.00574,0.418,0.291277448
1554777250853,76.656,121.4,0.00575,0.418,0.2917849
1554777250899,76.702,121.4,0.00575,0.418,0.2917849
1554777250945,76.748,121.4,0.00575,0.418,0.2917849
1554777250991,76.794,121.4,0.00575,0.418,0.2917849
1554777251054,76.857,121.3,0.00573,0.42,0.29192058
1554777251100,76.903,121.3,0.00573,0.42,0.29192058
1554777251146,76.949,121.3,0.00573,0.42,0.29192058
1554777251192,76.995,121.3,0.00573,0.42,0.29192058
1554777251253,77.056,121.3,0.00574,0.416,0.289644992
1554777251299,77.102,121.3,0.00574,0.416,0.289644992
1554777251345,77.148,121.3,0.00574,0.416,0.289644992
1554777251391,77.194,121.3,0.00574,0.416,0.289644992
1554777251454,77.257,121.3,0.00575,0.417,0.290847075
1554777251500,77.303,121.3,0.00575,0.417,0.290847075
1554777251546,77.349,121.3,0.00575,0.417,0.290847075
1554777251592,77.395,121.3,0.00575,0.417,0.290847075
1554777251653,77.456,121.3,0.00573,0.419,0.291225531
1554777251699,77.502,121.3,0.00573,0.419,0.291225531
1554777251745,77.548,121.3,0.00573,0.419,0.291225531
1554777251791,77.594,121.3,0.00573,0.419,0.291225531
1554777251854,77.657,121.3,0.00569,0.419,0.289192543
1554777251900,77.703,121.3,0.00569,0.419,0.289192543
1554777251946,77.749,121.3,0.00569,0.419,0.289192543
1554777251992,77.795,121.3,0.00569,0.419,0.289192543
1554777252053,77.856,121.3,0.00569,0.417,0.287812149
1554777252099,77.902,121.3,0.00569,0.417,0.287812149
1554777252145,77.948,121.3,0.00569,0.417,0.287812149
1554777252191,77.994,121.3,0.00569,0.417,0.287812149
1554777252254,78.057,121.3,0.00567,0.417,0.286800507
1554777252300,78.103,121.3,0.00567,0.417,0.286800507
1554777252346,78.149,121.3,0.00567,0.417,0.286800507
1554777252393,78.196,121.3,0.00567,0.417,0.286800507
1554777252453,78.256,121.3,0.00573,0.417,0.289835433
1554777252499,78.302,121.3,0.00573,0.417,0.289835433
1554777252545,78.348,121.3,0.00573,0.417,0.289835433
1554777252591,78.394,121.3,0.00573,0.417,0.289835433
1554777252653,78.456,121.3,0.00567,0.416,0.286112736
1554777252699,78.502,121.3,0.00567,0.416,0.286112736
1554777252745,78.548,121.3,0.00567,0.416,0.286112736
1554777252791,78.594,121.3,0.00567,0.416,0.286112736
1554777252852,78.655,121.3,0.00565,0.419,0.287159555
1554777252898,78.701,121.3,0.00565,0.419,0.287159555
1554777252944,78.747,121.3,0.00565,0.419,0.287159555
1554777252991,78.794,121.3,0.00565,0.419,0.287159555
1554777253053,78.856,121.3,0.00562,0.418,0.284953108
1554777253099,78.902,121.3,0.00562,0.418,0.284953108
1554777253145,78.948,121.3,0.00562,0.418,0.284953108
1554777253191,78.994,121.3,0.00562,0.418,0.284953108
1554777253252,79.055,121.3,0.00566,0.417,0.286294686
1554777253298,79.101,121.3,0.00566,0.417,0.286294686
1554777253345,79.148,121.3,0.00566,0.417,0.286294686
1554777253391,79.194,121.3,0.00566,0.417,0.286294686
1554777253453,79.256,121.3,0.00568,0.419,0.288684296
1554777253499,79.302,121.3,0.00568,0.419,0.288684296
1554777253545,79.348,121.3,0.00568,0.419,0.288684296
1554777253591,79.394,121.3,0.00568,0.419,0.288684296
1554777253652,79.455,121.3,0.0057,0.42,0.2903922
1554777253702,79.505,121.3,0.0057,0.42,0.2903922
1554777253748,79.551,121.3,0.0057,0.42,0.2903922
1554777253795,79.598,121.3,0.0057,0.42,0.2903922
1554777253853,79.656,121.3,0.0057,0.42,0.2903922
1554777253899,79.702,121.3,0.0057,0.42,0.2903922
1554777253945,79.748,121.3,0.0057,0.42,0.2903922
1554777253991,79.794,121.3,0.0057,0.42,0.2903922
1554777254052,79.855,121.4,0.00569,0.419,0.289430954
1554777254099,79.902,121.4,0.00569,0.419,0.289430954
1554777254145,79.948,121.4,0.00569,0.419,0.289430954
1554777254191,79.994,121.4,0.00569,0.419,0.289430954
1554777254252,80.055,121.3,0.00573,0.417,0.289835433
1554777254298,80.101,121.3,0.00573,0.417,0.289835433
1554777254344,80.147,121.3,0.00573,0.417,0.289835433
1554777254390,80.193,121.3,0.00573,0.417,0.289835433
1554777254453,80.256,121.4,0.00576,0.417,0.291593088
1554777254499,80.302,121.4,0.00576,0.417,0.291593088
1554777254545,80.348,121.4,0.00576,0.417,0.291593088
1554777254591,80.394,121.4,0.00576,0.417,0.291593088
1554777254652,80.455,121.3,0.00573,0.418,0.290530482
1554777254698,80.501,121.3,0.00573,0.418,0.290530482
1554777254744,80.547,121.3,0.00573,0.418,0.290530482
1554777254790,80.593,121.3,0.00573,0.418,0.290530482
1554777254853,80.656,121.3,0.00575,0.417,0.290847075
1554777254899,80.702,121.3,0.00575,0.417,0.290847075
1554777254945,80.748,121.3,0.00575,0.417,0.290847075
1554777254992,80.795,121.3,0.00575,0.417,0.290847075
1554777255053,80.856,121.3,0.00573,0.419,0.291225531
1554777255099,80.902,121.3,0.00573,0.419,0.291225531
1554777255145,80.948,121.3,0.00573,0.419,0.291225531
1554777255191,80.994,121.3,0.00573,0.419,0.291225531
1554777255252,81.055,121.3,0.00572,0.419,0.290717284
1554777255298,81.101,121.3,0.00572,0.419,0.290717284
1554777255345,81.148,121.3,0.00572,0.419,0.290717284
1554777255391,81.194,121.3,0.00572,0.419,0.290717284
1554777255452,81.255,121.3,0.00576,0.417,0.291352896
1554777255498,81.301,121.3,0.00576,0.417,0.291352896
1554777255544,81.347,121.3,0.00576,0.417,0.291352896
1554777255590,81.393,121.3,0.00576,0.417,0.291352896
1554777255652,81.455,121.3,0.00572,0.415,0.28794194
1554777255699,81.502,121.3,0.00572,0.415,0.28794194
1554777255745,81.548,121.3,0.00572,0.415,0.28794194
1554777255791,81.594,121.3,0.00572,0.415,0.28794194
1554777255852,81.655,121.3,0.00569,0.419,0.289192543
1554777255898,81.701,121.3,0.00569,0.419,0.289192543
1554777255944,81.747,121.3,0.00569,0.419,0.289192543
1554777255990,81.793,121.3,0.00569,0.419,0.289192543
1554777256052,81.855,121.3,0.00571,0.419,0.290209037
1554777256098,81.901,121.3,0.00571,0.419,0.290209037
1554777256145,81.948,121.3,0.00571,0.419,0.290209037
1554777256191,81.994,121.3,0.00571,0.419,0.290209037
1554777256252,82.055,121.3,0.0057,0.415,0.28693515
1554777256298,82.101,121.3,0.0057,0.415,0.28693515
1554777256344,82.147,121.3,0.0057,0.415,0.28693515
1554777256390,82.193,121.3,0.0057,0.415,0.28693515
1554777256452,82.255,121.3,0.00575,0.413,0.288057175
1554777256497,82.3,121.3,0.00575,0.413,0.288057175
1554777256543,82.346,121.3,0.00575,0.413,0.288057175
1554777256590,82.393,121.3,0.00575,0.413,0.288057175
1554777256652,82.455,121.3,0.00569,0.418,0.288502346
1554777256698,82.501,121.3,0.00569,0.418,0.288502346
1554777256744,82.547,121.3,0.00569,0.418,0.288502346
1554777256790,82.593,121.3,0.00569,0.418,0.288502346
1554777256851,82.654,121.3,0.00565,0.418,0.28647421
1554777256897,82.7,121.3,0.00565,0.418,0.28647421
1554777256943,82.746,121.3,0.00565,0.418,0.28647421
1554777256989,82.792,121.3,0.00565,0.418,0.28647421
1554777257052,82.855,121.3,0.00636,0.422,0.325559496
1554777257098,82.901,121.3,0.00636,0.422,0.325559496
1554777257144,82.947,121.3,0.00636,0.422,0.325559496
1554777257190,82.993,121.3,0.00636,0.422,0.325559496
1554777257252,83.055,121.3,0.00651,0.423,0.334027449
1554777257298,83.101,121.3,0.00651,0.423,0.334027449
1554777257345,83.148,121.3,0.00651,0.423,0.334027449
1554777257391,83.194,121.3,0.00651,0.423,0.334027449
1554777257452,83.255,121.3,0.00654,0.423,0.335566746
1554777257498,83.301,121.3,0.00654,0.423,0.335566746
1554777257544,83.347,121.3,0.00654,0.423,0.335566746
1554777257590,83.393,121.3,0.00654,0.423,0.335566746
1554777257651,83.454,121.3,0.00652,0.425,0.3361223
1554777257697,83.5,121.3,0.00652,0.425,0.3361223
1554777257743,83.546,121.3,0.00652,0.425,0.3361223
1554777257789,83.593,121.3,0.00652,0.425,0.3361223
1554777257852,83.655,121.4,0.0065,0.426,0.3361566
1554777257898,83.701,121.4,0.0065,0.426,0.3361566
1554777257944,83.747,121.4,0.0065,0.426,0.3361566
1554777257990,83.793,121.4,0.0065,0.426,0.3361566
1554777258051,83.854,121.4,0.00642,0.423,0.329681124
1554777258097,83.9,121.4,0.00642,0.423,0.329681124
1554777258144,83.947,121.4,0.00642,0.423,0.329681124
1554777258190,83.993,121.4,0.00642,0.423,0.329681124
1554777258251,84.054,121.3,0.00643,0.421,0.328362739
1554777258297,84.1,121.3,0.00643,0.421,0.328362739
1554777258343,84.146,121.3,0.00643,0.421,0.328362739
1554777258389,84.192,121.3,0.00643,0.421,0.328362739
1554777258451,84.254,121.3,0.0064,0.424,0.32915968
1554777258497,84.3,121.3,0.0064,0.424,0.32915968
1554777258543,84.346,121.3,0.0064,0.424,0.32915968
1554777258589,84.392,121.3,0.0064,0.424,0.32915968
1554777258652,84.455,121.3,0.00639,0.426,0.330195582
1554777258698,84.501,121.3,0.00639,0.426,0.330195582
1554777258744,84.547,121.3,0.00639,0.426,0.330195582
1554777258790,84.593,121.3,0.00639,0.426,0.330195582
1554777258852,84.655,121.3,0.00636,0.425,0.3278739
1554777258898,84.701,121.3,0.00636,0.425,0.3278739
1554777258944,84.747,121.3,0.00636,0.425,0.3278739
1554777258990,84.793,121.3,0.00636,0.425,0.3278739
1554777259051,84.854,121.3,0.00651,0.426,0.336396438
You pressed Ctrl+C!
1554777259097,84.9,121.3,0.00651,0.426,0.336396438
