# Mon Apr 08 20:10:47 2019
abstime,time_stamp,volt,curr,pf,mul
1554779447480,0.08,121.4,0.0061,0.424,0.31398896
1554779447545,0.145,121.4,0.00568,0.42,0.28961184
1554779447591,0.191,121.4,0.00568,0.42,0.28961184
1554779447637,0.237,121.4,0.00568,0.42,0.28961184
1554779447683,0.283,121.4,0.00568,0.42,0.28961184
1554779447745,0.345,121.4,0.00572,0.418,0.290262544
1554779447791,0.391,121.4,0.00572,0.418,0.290262544
1554779447836,0.436,121.4,0.00572,0.418,0.290262544
1554779447882,0.482,121.4,0.00572,0.418,0.290262544
1554779447946,0.546,121.4,0.00574,0.415,0.28918694
1554779447991,0.591,121.4,0.00574,0.415,0.28918694
1554779448036,0.636,121.4,0.00574,0.415,0.28918694
1554779448083,0.683,121.4,0.00574,0.415,0.28918694
1554779448145,0.745,121.4,0.0057,0.417,0.28855566
1554779448191,0.791,121.4,0.0057,0.417,0.28855566
1554779448237,0.837,121.4,0.0057,0.417,0.28855566
1554779448284,0.884,121.4,0.0057,0.417,0.28855566
1554779448346,0.946,121.4,0.00573,0.417,0.290074374
1554779448392,0.992,121.4,0.00573,0.417,0.290074374
1554779448438,1.038,121.4,0.00573,0.417,0.290074374
1554779448484,1.084,121.4,0.00573,0.417,0.290074374
1554779448545,1.145,121.4,0.00572,0.417,0.289568136
1554779448591,1.191,121.4,0.00572,0.417,0.289568136
1554779448638,1.238,121.4,0.00572,0.417,0.289568136
1554779448684,1.284,121.4,0.00572,0.417,0.289568136
1554779448746,1.346,121.4,0.0057,0.42,0.2906316
1554779448792,1.392,121.4,0.0057,0.42,0.2906316
1554779448838,1.438,121.4,0.0057,0.42,0.2906316
1554779448884,1.484,121.4,0.0057,0.42,0.2906316
1554779448946,1.546,121.4,0.00566,0.418,0.287217832
1554779448992,1.592,121.4,0.00566,0.418,0.287217832
1554779449038,1.638,121.4,0.00566,0.418,0.287217832
1554779449084,1.684,121.4,0.00566,0.418,0.287217832
1554779449145,1.745,121.3,0.00565,0.418,0.28647421
1554779449191,1.791,121.3,0.00565,0.418,0.28647421
1554779449237,1.837,121.3,0.00565,0.418,0.28647421
1554779449283,1.883,121.3,0.00565,0.418,0.28647421
1554779449346,1.946,121.3,0.00568,0.418,0.287995312
1554779449392,1.992,121.3,0.00568,0.418,0.287995312
1554779449438,2.038,121.3,0.00568,0.418,0.287995312
1554779449484,2.084,121.3,0.00568,0.418,0.287995312
1554779449545,2.145,121.4,0.00565,0.416,0.28533856
1554779449591,2.191,121.4,0.00565,0.416,0.28533856
1554779449637,2.237,121.4,0.00565,0.416,0.28533856
1554779449684,2.284,121.4,0.00565,0.416,0.28533856
1554779449746,2.346,121.4,0.00563,0.418,0.285695476
1554779449792,2.392,121.4,0.00563,0.418,0.285695476
1554779449838,2.438,121.4,0.00563,0.418,0.285695476
1554779449884,2.484,121.4,0.00563,0.418,0.285695476
1554779449945,2.545,121.4,0.00563,0.414,0.282961548
1554779449991,2.591,121.4,0.00563,0.414,0.282961548
1554779450037,2.637,121.4,0.00563,0.414,0.282961548
1554779450083,2.683,121.4,0.00563,0.414,0.282961548
1554779450146,2.746,121.3,0.00566,0.415,0.28492157
1554779450192,2.792,121.3,0.00566,0.415,0.28492157
1554779450238,2.838,121.3,0.00566,0.415,0.28492157
1554779450284,2.884,121.3,0.00566,0.415,0.28492157
1554779450345,2.945,121.3,0.00563,0.419,0.286143061
1554779450391,2.991,121.3,0.00563,0.419,0.286143061
1554779450437,3.037,121.3,0.00563,0.419,0.286143061
1554779450483,3.083,121.3,0.00563,0.419,0.286143061
1554779450546,3.146,121.4,0.00562,0.423,0.288599364
1554779450592,3.192,121.4,0.00562,0.423,0.288599364
1554779450638,3.238,121.4,0.00562,0.423,0.288599364
1554779450684,3.284,121.4,0.00562,0.423,0.288599364
1554779450745,3.345,121.4,0.00564,0.418,0.286202928
1554779450791,3.391,121.4,0.00564,0.418,0.286202928
1554779450837,3.437,121.4,0.00564,0.418,0.286202928
1554779450883,3.483,121.4,0.00564,0.418,0.286202928
1554779450945,3.545,121.4,0.00565,0.422,0.28945402
1554779450991,3.591,121.4,0.00565,0.422,0.28945402
1554779451037,3.638,121.4,0.00565,0.422,0.28945402
1554779451084,3.684,121.4,0.00565,0.422,0.28945402
1554779451145,3.745,121.3,0.00569,0.417,0.287812149
1554779451191,3.791,121.3,0.00569,0.417,0.287812149
1554779451237,3.837,121.3,0.00569,0.417,0.287812149
1554779451283,3.883,121.3,0.00569,0.417,0.287812149
1554779451345,3.945,121.3,0.00569,0.419,0.289192543
1554779451392,3.992,121.3,0.00569,0.419,0.289192543
1554779451438,4.038,121.3,0.00569,0.419,0.289192543
1554779451484,4.084,121.3,0.00569,0.419,0.289192543
1554779451545,4.145,121.4,0.0057,0.419,0.28993962
1554779451591,4.191,121.4,0.0057,0.419,0.28993962
1554779451637,4.237,121.4,0.0057,0.419,0.28993962
1554779451683,4.283,121.4,0.0057,0.419,0.28993962
1554779451745,4.345,121.4,0.0057,0.417,0.28855566
1554779451791,4.391,121.4,0.0057,0.417,0.28855566
1554779451837,4.437,121.4,0.0057,0.417,0.28855566
1554779451883,4.483,121.4,0.0057,0.417,0.28855566
1554779451945,4.545,121.4,0.00569,0.418,0.288740188
1554779451991,4.591,121.4,0.00569,0.418,0.288740188
1554779452037,4.637,121.4,0.00569,0.418,0.288740188
1554779452083,4.683,121.4,0.00569,0.418,0.288740188
1554779452145,4.745,121.4,0.00571,0.418,0.289755092
1554779452190,4.79,121.4,0.00571,0.418,0.289755092
1554779452237,4.837,121.4,0.00571,0.418,0.289755092
1554779452283,4.883,121.4,0.00571,0.418,0.289755092
1554779452345,4.945,121.4,0.0057,0.417,0.28855566
1554779452391,4.991,121.4,0.0057,0.417,0.28855566
1554779452437,5.037,121.4,0.0057,0.417,0.28855566
1554779452483,5.083,121.4,0.0057,0.417,0.28855566
1554779452544,5.145,121.4,0.00567,0.42,0.28910196
1554779452591,5.191,121.4,0.00567,0.42,0.28910196
1554779452637,5.237,121.4,0.00567,0.42,0.28910196
1554779452683,5.283,121.4,0.00567,0.42,0.28910196
1554779452745,5.345,121.4,0.00566,0.42,0.28859208
1554779452791,5.391,121.4,0.00566,0.42,0.28859208
1554779452837,5.437,121.4,0.00566,0.42,0.28859208
1554779452884,5.484,121.4,0.00566,0.42,0.28859208
1554779452945,5.545,121.4,0.00565,0.42,0.2880822
1554779452991,5.591,121.4,0.00565,0.42,0.2880822
1554779453037,5.637,121.4,0.00565,0.42,0.2880822
1554779453083,5.683,121.4,0.00565,0.42,0.2880822
1554779453145,5.745,121.4,0.00565,0.417,0.28602447
1554779453191,5.791,121.4,0.00565,0.417,0.28602447
1554779453237,5.837,121.4,0.00565,0.417,0.28602447
1554779453283,5.883,121.4,0.00565,0.417,0.28602447
1554779453344,5.944,121.4,0.00566,0.415,0.28515646
1554779453390,5.99,121.4,0.00566,0.415,0.28515646
1554779453436,6.036,121.4,0.00566,0.415,0.28515646
1554779453482,6.082,121.4,0.00566,0.415,0.28515646
1554779453545,6.145,121.4,0.00567,0.417,0.287036946
1554779453591,6.191,121.4,0.00567,0.417,0.287036946
1554779453637,6.237,121.4,0.00567,0.417,0.287036946
1554779453683,6.283,121.4,0.00567,0.417,0.287036946
1554779453745,6.345,121.4,0.00565,0.418,0.28671038
1554779453792,6.392,121.4,0.00565,0.418,0.28671038
1554779453838,6.438,121.4,0.00565,0.418,0.28671038
1554779453884,6.484,121.4,0.00565,0.418,0.28671038
1554779453945,6.545,121.4,0.00563,0.417,0.285011994
1554779453991,6.591,121.4,0.00563,0.417,0.285011994
1554779454039,6.639,121.4,0.00563,0.417,0.285011994
1554779454085,6.685,121.4,0.00563,0.417,0.285011994
1554779454144,6.745,121.4,0.00562,0.418,0.285188024
1554779454190,6.79,121.4,0.00562,0.418,0.285188024
1554779454237,6.837,121.4,0.00562,0.418,0.285188024
1554779454283,6.883,121.4,0.00562,0.418,0.285188024
1554779454345,6.945,121.3,0.00564,0.416,0.284598912
1554779454391,6.991,121.3,0.00564,0.416,0.284598912
1554779454438,7.038,121.3,0.00564,0.416,0.284598912
1554779454484,7.084,121.3,0.00564,0.416,0.284598912
1554779454545,7.145,121.4,0.00565,0.418,0.28671038
1554779454591,7.191,121.4,0.00565,0.418,0.28671038
1554779454637,7.237,121.4,0.00565,0.418,0.28671038
1554779454683,7.283,121.4,0.00565,0.418,0.28671038
1554779454744,7.344,121.4,0.00566,0.421,0.289279204
1554779454790,7.39,121.4,0.00566,0.421,0.289279204
1554779454836,7.436,121.4,0.00566,0.421,0.289279204
1554779454882,7.482,121.4,0.00566,0.421,0.289279204
1554779454945,7.545,121.4,0.00566,0.419,0.287904956
1554779454991,7.591,121.4,0.00566,0.419,0.287904956
1554779455037,7.637,121.4,0.00566,0.419,0.287904956
1554779455083,7.683,121.4,0.00566,0.419,0.287904956
1554779455144,7.744,121.3,0.00566,0.419,0.287667802
1554779455190,7.79,121.3,0.00566,0.419,0.287667802
1554779455236,7.836,121.3,0.00566,0.419,0.287667802
1554779455282,7.882,121.3,0.00566,0.419,0.287667802
1554779455344,7.944,121.3,0.00569,0.422,0.291263134
1554779455391,7.991,121.3,0.00569,0.422,0.291263134
1554779455437,8.037,121.3,0.00569,0.422,0.291263134
1554779455483,8.083,121.3,0.00569,0.422,0.291263134
1554779455544,8.144,121.4,0.00566,0.42,0.28859208
1554779455590,8.19,121.4,0.00566,0.42,0.28859208
1554779455636,8.236,121.4,0.00566,0.42,0.28859208
1554779455683,8.283,121.4,0.00566,0.42,0.28859208
1554779455745,8.345,121.4,0.00571,0.421,0.291834674
1554779455791,8.391,121.4,0.00571,0.421,0.291834674
1554779455837,8.437,121.4,0.00571,0.421,0.291834674
1554779455883,8.483,121.4,0.00571,0.421,0.291834674
1554779455944,8.544,121.4,0.00572,0.417,0.289568136
1554779455991,8.591,121.4,0.00572,0.417,0.289568136
1554779456037,8.637,121.4,0.00572,0.417,0.289568136
1554779456083,8.683,121.4,0.00572,0.417,0.289568136
1554779456144,8.744,121.4,0.00567,0.421,0.289790298
1554779456190,8.79,121.4,0.00567,0.421,0.289790298
1554779456236,8.836,121.4,0.00567,0.421,0.289790298
1554779456283,8.883,121.4,0.00567,0.421,0.289790298
1554779456345,8.945,121.4,0.0057,0.42,0.2906316
1554779456391,8.991,121.4,0.0057,0.42,0.2906316
1554779456437,9.037,121.4,0.0057,0.42,0.2906316
1554779456483,9.083,121.4,0.0057,0.42,0.2906316
1554779456544,9.144,121.4,0.00575,0.416,0.2903888
1554779456590,9.19,121.4,0.00575,0.416,0.2903888
1554779456637,9.237,121.4,0.00575,0.416,0.2903888
1554779456683,9.283,121.4,0.00575,0.416,0.2903888
1554779456745,9.345,121.4,0.00563,0.419,0.286378958
1554779456791,9.391,121.4,0.00563,0.419,0.286378958
1554779456837,9.437,121.4,0.00563,0.419,0.286378958
1554779456883,9.483,121.4,0.00563,0.419,0.286378958
1554779456945,9.545,121.4,0.00561,0.421,0.286723734
1554779456991,9.591,121.4,0.00561,0.421,0.286723734
1554779457037,9.637,121.4,0.00561,0.421,0.286723734
1554779457083,9.683,121.4,0.00561,0.421,0.286723734
1554779457144,9.744,121.3,0.00566,0.419,0.287667802
1554779457190,9.79,121.3,0.00566,0.419,0.287667802
1554779457236,9.836,121.3,0.00566,0.419,0.287667802
1554779457282,9.882,121.3,0.00566,0.419,0.287667802
1554779457344,9.944,121.3,0.00569,0.418,0.288502346
1554779457390,9.99,121.3,0.00569,0.418,0.288502346
1554779457436,10.036,121.3,0.00569,0.418,0.288502346
1554779457483,10.083,121.3,0.00569,0.418,0.288502346
1554779457545,10.145,121.3,0.00569,0.415,0.286431755
1554779457591,10.191,121.3,0.00569,0.415,0.286431755
1554779457637,10.237,121.3,0.00569,0.415,0.286431755
1554779457683,10.283,121.3,0.00569,0.415,0.286431755
1554779457744,10.344,121.4,0.00564,0.418,0.286202928
1554779457790,10.39,121.4,0.00564,0.418,0.286202928
1554779457836,10.436,121.4,0.00564,0.418,0.286202928
1554779457882,10.482,121.4,0.00564,0.418,0.286202928
1554779457945,10.545,121.4,0.00561,0.42,0.28604268
1554779457991,10.591,121.4,0.00561,0.42,0.28604268
1554779458037,10.637,121.4,0.00561,0.42,0.28604268
1554779458083,10.683,121.4,0.00561,0.42,0.28604268
1554779458144,10.744,121.4,0.00553,0.422,0.283306324
1554779458190,10.79,121.4,0.00553,0.422,0.283306324
1554779458236,10.836,121.4,0.00553,0.422,0.283306324
1554779458282,10.882,121.4,0.00553,0.422,0.283306324
1554779458345,10.945,121.3,0.00565,0.419,0.287159555
1554779458391,10.991,121.3,0.00565,0.419,0.287159555
1554779458437,11.037,121.3,0.00565,0.419,0.287159555
1554779458483,11.083,121.3,0.00565,0.419,0.287159555
1554779458544,11.144,121.3,0.00567,0.418,0.287488278
1554779458590,11.19,121.3,0.00567,0.418,0.287488278
1554779458636,11.236,121.3,0.00567,0.418,0.287488278
1554779458682,11.282,121.3,0.00567,0.418,0.287488278
1554779458745,11.345,121.4,0.00569,0.416,0.287358656
1554779458791,11.391,121.4,0.00569,0.416,0.287358656
1554779458837,11.437,121.4,0.00569,0.416,0.287358656
1554779458883,11.483,121.4,0.00569,0.416,0.287358656
1554779458944,11.544,121.4,0.00567,0.413,0.284283594
1554779458990,11.59,121.4,0.00567,0.413,0.284283594
1554779459036,11.636,121.4,0.00567,0.413,0.284283594
1554779459083,11.683,121.4,0.00567,0.413,0.284283594
1554779459144,11.744,121.3,0.00564,0.421,0.288019572
1554779459190,11.79,121.3,0.00564,0.421,0.288019572
1554779459236,11.836,121.3,0.00564,0.421,0.288019572
1554779459282,11.882,121.3,0.00564,0.421,0.288019572
1554779459344,11.944,121.3,0.00567,0.418,0.287488278
1554779459390,11.99,121.3,0.00567,0.418,0.287488278
1554779459436,12.036,121.3,0.00567,0.418,0.287488278
1554779459482,12.082,121.3,0.00567,0.418,0.287488278
1554779459545,12.145,121.3,0.00571,0.418,0.289516414
1554779459590,12.191,121.3,0.00571,0.418,0.289516414
1554779459637,12.237,121.3,0.00571,0.418,0.289516414
1554779459683,12.283,121.3,0.00571,0.418,0.289516414
1554779459744,12.344,121.3,0.00567,0.418,0.287488278
1554779459790,12.39,121.3,0.00567,0.418,0.287488278
1554779459836,12.436,121.3,0.00567,0.418,0.287488278
1554779459882,12.482,121.3,0.00567,0.418,0.287488278
1554779459945,12.545,121.3,0.00574,0.417,0.290341254
1554779459991,12.591,121.3,0.00574,0.417,0.290341254
1554779460037,12.637,121.3,0.00574,0.417,0.290341254
1554779460083,12.683,121.3,0.00574,0.417,0.290341254
1554779460144,12.744,121.3,0.00575,0.417,0.290847075
1554779460190,12.79,121.3,0.00575,0.417,0.290847075
1554779460236,12.836,121.3,0.00575,0.417,0.290847075
1554779460282,12.882,121.3,0.00575,0.417,0.290847075
1554779460344,12.945,121.3,0.00573,0.417,0.289835433
1554779460391,12.991,121.3,0.00573,0.417,0.289835433
1554779460437,13.037,121.3,0.00573,0.417,0.289835433
1554779460483,13.083,121.3,0.00573,0.417,0.289835433
1554779460544,13.144,121.3,0.00572,0.417,0.289329612
1554779460590,13.19,121.3,0.00572,0.417,0.289329612
1554779460636,13.237,121.3,0.00572,0.417,0.289329612
1554779460683,13.283,121.3,0.00572,0.417,0.289329612
1554779460744,13.344,121.4,0.00574,0.422,0.294064792
1554779460789,13.389,121.4,0.00574,0.422,0.294064792
1554779460835,13.435,121.4,0.00574,0.422,0.294064792
1554779460881,13.481,121.4,0.00574,0.422,0.294064792
1554779460944,13.544,121.4,0.00564,0.418,0.286202928
1554779460990,13.59,121.4,0.00564,0.418,0.286202928
1554779461036,13.636,121.4,0.00564,0.418,0.286202928
1554779461082,13.682,121.4,0.00564,0.418,0.286202928
1554779461144,13.744,121.3,0.00568,0.416,0.286617344
1554779461191,13.791,121.3,0.00568,0.416,0.286617344
1554779461237,13.837,121.3,0.00568,0.416,0.286617344
1554779461283,13.883,121.3,0.00568,0.416,0.286617344
1554779461344,13.944,121.3,0.00565,0.417,0.285788865
1554779461390,13.99,121.3,0.00565,0.417,0.285788865
1554779461436,14.036,121.3,0.00565,0.417,0.285788865
1554779461483,14.083,121.3,0.00565,0.417,0.285788865
1554779461544,14.144,121.4,0.00565,0.421,0.28876811
1554779461590,14.19,121.4,0.00565,0.421,0.28876811
1554779461636,14.236,121.4,0.00565,0.421,0.28876811
1554779461682,14.282,121.4,0.00565,0.421,0.28876811
1554779461744,14.344,121.4,0.00562,0.421,0.287234828
1554779461790,14.39,121.4,0.00562,0.421,0.287234828
1554779461837,14.437,121.4,0.00562,0.421,0.287234828
1554779461883,14.483,121.4,0.00562,0.421,0.287234828
1554779461944,14.544,121.4,0.00561,0.418,0.284680572
1554779461990,14.59,121.4,0.00561,0.418,0.284680572
1554779462036,14.636,121.4,0.00561,0.418,0.284680572
1554779462082,14.682,121.4,0.00561,0.418,0.284680572
1554779462144,14.744,121.4,0.00559,0.417,0.282987042
1554779462190,14.79,121.4,0.00559,0.417,0.282987042
1554779462237,14.837,121.4,0.00559,0.417,0.282987042
1554779462283,14.883,121.4,0.00559,0.417,0.282987042
1554779462344,14.944,121.4,0.00558,0.421,0.285190452
1554779462390,14.99,121.4,0.00558,0.421,0.285190452
1554779462436,15.036,121.4,0.00558,0.421,0.285190452
1554779462482,15.082,121.4,0.00558,0.421,0.285190452
1554779462543,15.143,121.4,0.00561,0.42,0.28604268
1554779462589,15.189,121.4,0.00561,0.42,0.28604268
1554779462635,15.235,121.4,0.00561,0.42,0.28604268
1554779462681,15.281,121.4,0.00561,0.42,0.28604268
1554779462744,15.344,121.4,0.00561,0.424,0.288766896
1554779462790,15.39,121.4,0.00561,0.424,0.288766896
1554779462836,15.436,121.4,0.00561,0.424,0.288766896
1554779462882,15.482,121.4,0.00561,0.424,0.288766896
1554779462943,15.543,121.4,0.00563,0.423,0.289112886
1554779462989,15.589,121.4,0.00563,0.423,0.289112886
1554779463035,15.635,121.4,0.00563,0.423,0.289112886
1554779463082,15.682,121.4,0.00563,0.423,0.289112886
1554779463144,15.744,121.4,0.00563,0.422,0.288429404
1554779463190,15.79,121.4,0.00563,0.422,0.288429404
1554779463236,15.836,121.4,0.00563,0.422,0.288429404
1554779463282,15.882,121.4,0.00563,0.422,0.288429404
1554779463343,15.943,121.3,0.00568,0.417,0.287306328
1554779463390,15.99,121.3,0.00568,0.417,0.287306328
1554779463436,16.036,121.3,0.00568,0.417,0.287306328
1554779463482,16.082,121.3,0.00568,0.417,0.287306328
1554779463544,16.144,121.3,0.00569,0.42,0.28988274
1554779463590,16.19,121.3,0.00569,0.42,0.28988274
1554779463637,16.237,121.3,0.00569,0.42,0.28988274
1554779463683,16.283,121.3,0.00569,0.42,0.28988274
1554779463744,16.344,121.4,0.00567,0.423,0.291166974
1554779463790,16.39,121.4,0.00567,0.423,0.291166974
1554779463836,16.436,121.4,0.00567,0.423,0.291166974
1554779463882,16.482,121.4,0.00567,0.423,0.291166974
1554779463943,16.543,121.4,0.00566,0.422,0.289966328
1554779463989,16.589,121.4,0.00566,0.422,0.289966328
1554779464035,16.635,121.4,0.00566,0.422,0.289966328
1554779464081,16.681,121.4,0.00566,0.422,0.289966328
1554779464144,16.744,121.4,0.00565,0.422,0.28945402
1554779464190,16.79,121.4,0.00565,0.422,0.28945402
1554779464236,16.836,121.4,0.00565,0.422,0.28945402
1554779464282,16.882,121.4,0.00565,0.422,0.28945402
1554779464343,16.943,121.3,0.00572,0.419,0.290717284
1554779464389,16.989,121.3,0.00572,0.419,0.290717284
1554779464435,17.035,121.3,0.00572,0.419,0.290717284
1554779464481,17.081,121.3,0.00572,0.419,0.290717284
1554779464543,17.144,121.4,0.00568,0.421,0.290301392
1554779464589,17.189,121.4,0.00568,0.421,0.290301392
1554779464635,17.235,121.4,0.00568,0.421,0.290301392
1554779464682,17.282,121.4,0.00568,0.421,0.290301392
1554779464744,17.344,121.4,0.00566,0.422,0.289966328
1554779464790,17.39,121.4,0.00566,0.422,0.289966328
1554779464836,17.436,121.4,0.00566,0.422,0.289966328
1554779464882,17.482,121.4,0.00566,0.422,0.289966328
1554779464944,17.544,121.4,0.00562,0.422,0.287917096
1554779464990,17.59,121.4,0.00562,0.422,0.287917096
1554779465036,17.636,121.4,0.00562,0.422,0.287917096
1554779465082,17.682,121.4,0.00562,0.422,0.287917096
1554779465143,17.743,121.4,0.0056,0.422,0.28689248
1554779465189,17.789,121.4,0.0056,0.422,0.28689248
1554779465235,17.836,121.4,0.0056,0.422,0.28689248
1554779465282,17.882,121.4,0.0056,0.422,0.28689248
1554779465344,17.944,121.3,0.00559,0.422,0.286144274
1554779465390,17.99,121.3,0.00559,0.422,0.286144274
1554779465436,18.036,121.3,0.00559,0.422,0.286144274
1554779465482,18.082,121.3,0.00559,0.422,0.286144274
1554779465543,18.144,121.3,0.00567,0.421,0.289551591
1554779465589,18.189,121.3,0.00567,0.421,0.289551591
1554779465635,18.235,121.3,0.00567,0.421,0.289551591
1554779465681,18.281,121.3,0.00567,0.421,0.289551591
1554779465743,18.343,121.4,0.00567,0.418,0.287725284
1554779465789,18.39,121.4,0.00567,0.418,0.287725284
1554779465836,18.436,121.4,0.00567,0.418,0.287725284
1554779465882,18.482,121.4,0.00567,0.418,0.287725284
1554779465943,18.543,121.4,0.0056,0.419,0.28485296
1554779465989,18.589,121.4,0.0056,0.419,0.28485296
1554779466035,18.635,121.4,0.0056,0.419,0.28485296
1554779466081,18.681,121.4,0.0056,0.419,0.28485296
1554779466143,18.744,121.4,0.00559,0.421,0.285701546
1554779466189,18.79,121.4,0.00559,0.421,0.285701546
1554779466236,18.836,121.4,0.00559,0.421,0.285701546
1554779466282,18.882,121.4,0.00559,0.421,0.285701546
1554779466343,18.943,121.3,0.00562,0.42,0.28631652
1554779466389,18.989,121.3,0.00562,0.42,0.28631652
1554779466435,19.035,121.3,0.00562,0.42,0.28631652
1554779466481,19.081,121.3,0.00562,0.42,0.28631652
1554779466543,19.143,121.3,0.00563,0.422,0.288191818
1554779466589,19.189,121.3,0.00563,0.422,0.288191818
1554779466635,19.236,121.3,0.00563,0.422,0.288191818
1554779466682,19.282,121.3,0.00563,0.422,0.288191818
1554779466743,19.343,121.4,0.00565,0.421,0.28876811
1554779466788,19.389,121.4,0.00565,0.421,0.28876811
1554779466835,19.435,121.4,0.00565,0.421,0.28876811
1554779466881,19.481,121.4,0.00565,0.421,0.28876811
1554779466943,19.543,121.4,0.00563,0.421,0.287745922
1554779466989,19.589,121.4,0.00563,0.421,0.287745922
1554779467035,19.635,121.4,0.00563,0.421,0.287745922
1554779467081,19.682,121.4,0.00563,0.421,0.287745922
1554779467144,19.744,121.4,0.00559,0.422,0.286380172
1554779467190,19.79,121.4,0.00559,0.422,0.286380172
1554779467236,19.836,121.4,0.00559,0.422,0.286380172
1554779467282,19.882,121.4,0.00559,0.422,0.286380172
1554779467343,19.943,121.3,0.00562,0.422,0.287679932
1554779467389,19.989,121.3,0.00562,0.422,0.287679932
1554779467435,20.036,121.3,0.00562,0.422,0.287679932
1554779467482,20.082,121.3,0.00562,0.422,0.287679932
1554779467543,20.143,121.3,0.00561,0.425,0.289209525
1554779467589,20.189,121.3,0.00561,0.425,0.289209525
1554779467635,20.235,121.3,0.00561,0.425,0.289209525
1554779467681,20.281,121.3,0.00561,0.425,0.289209525
1554779467743,20.343,121.3,0.00563,0.426,0.290923494
1554779467789,20.389,121.3,0.00563,0.426,0.290923494
1554779467836,20.436,121.3,0.00563,0.426,0.290923494
1554779467882,20.482,121.3,0.00563,0.426,0.290923494
1554779467943,20.543,121.4,0.00563,0.425,0.29047985
1554779467989,20.589,121.4,0.00563,0.425,0.29047985
1554779468035,20.635,121.4,0.00563,0.425,0.29047985
1554779468081,20.681,121.4,0.00563,0.425,0.29047985
1554779468143,20.743,121.4,0.00568,0.422,0.290990944
1554779468189,20.789,121.4,0.00568,0.422,0.290990944
1554779468236,20.836,121.4,0.00568,0.422,0.290990944
1554779468282,20.882,121.4,0.00568,0.422,0.290990944
1554779468343,20.943,121.4,0.00568,0.421,0.290301392
1554779468389,20.989,121.4,0.00568,0.421,0.290301392
1554779468435,21.035,121.4,0.00568,0.421,0.290301392
1554779468481,21.081,121.4,0.00568,0.421,0.290301392
1554779468543,21.143,121.4,0.00564,0.422,0.288941712
1554779468589,21.189,121.4,0.00564,0.422,0.288941712
1554779468636,21.236,121.4,0.00564,0.422,0.288941712
1554779468682,21.282,121.4,0.00564,0.422,0.288941712
1554779468743,21.343,121.3,0.00564,0.422,0.288703704
1554779468789,21.389,121.3,0.00564,0.422,0.288703704
1554779468835,21.435,121.3,0.00564,0.422,0.288703704
1554779468881,21.481,121.3,0.00564,0.422,0.288703704
1554779468943,21.543,121.4,0.00561,0.422,0.287404788
1554779468990,21.59,121.4,0.00561,0.422,0.287404788
1554779469036,21.636,121.4,0.00561,0.422,0.287404788
1554779469082,21.682,121.4,0.00561,0.422,0.287404788
1554779469143,21.743,121.4,0.00559,0.421,0.285701546
1554779469189,21.789,121.4,0.00559,0.421,0.285701546
1554779469236,21.836,121.4,0.00559,0.421,0.285701546
1554779469282,21.882,121.4,0.00559,0.421,0.285701546
1554779469343,21.943,121.3,0.00561,0.421,0.286487553
1554779469389,21.989,121.3,0.00561,0.421,0.286487553
1554779469435,22.035,121.3,0.00561,0.421,0.286487553
1554779469481,22.081,121.3,0.00561,0.421,0.286487553
1554779469543,22.143,121.4,0.0056,0.42,0.2855328
1554779469588,22.188,121.4,0.0056,0.42,0.2855328
1554779469635,22.235,121.4,0.0056,0.42,0.2855328
1554779469681,22.281,121.4,0.0056,0.42,0.2855328
1554779469743,22.343,121.4,0.00558,0.422,0.285867864
1554779469789,22.389,121.4,0.00558,0.422,0.285867864
1554779469835,22.435,121.4,0.00558,0.422,0.285867864
1554779469881,22.481,121.4,0.00558,0.422,0.285867864
1554779469942,22.542,121.4,0.00559,0.42,0.28502292
1554779469988,22.588,121.4,0.00559,0.42,0.28502292
1554779470034,22.634,121.4,0.00559,0.42,0.28502292
1554779470081,22.681,121.4,0.00559,0.42,0.28502292
1554779470143,22.743,121.4,0.00558,0.42,0.28451304
1554779470189,22.789,121.4,0.00558,0.42,0.28451304
1554779470236,22.836,121.4,0.00558,0.42,0.28451304
1554779470282,22.882,121.4,0.00558,0.42,0.28451304
1554779470343,22.943,121.3,0.0056,0.421,0.28597688
1554779470389,22.989,121.3,0.0056,0.421,0.28597688
1554779470435,23.035,121.3,0.0056,0.421,0.28597688
1554779470482,23.082,121.3,0.0056,0.421,0.28597688
1554779470543,23.143,121.3,0.00568,0.416,0.286617344
1554779470589,23.189,121.3,0.00568,0.416,0.286617344
1554779470635,23.235,121.3,0.00568,0.416,0.286617344
1554779470681,23.281,121.3,0.00568,0.416,0.286617344
1554779470742,23.342,121.4,0.00571,0.417,0.289061898
1554779470788,23.388,121.4,0.00571,0.417,0.289061898
1554779470834,23.434,121.4,0.00571,0.417,0.289061898
1554779470880,23.48,121.4,0.00571,0.417,0.289061898
1554779470943,23.543,121.4,0.00563,0.42,0.28706244
1554779470989,23.589,121.4,0.00563,0.42,0.28706244
1554779471035,23.635,121.4,0.00563,0.42,0.28706244
1554779471081,23.681,121.4,0.00563,0.42,0.28706244
1554779471142,23.742,121.4,0.00567,0.418,0.287725284
1554779471188,23.788,121.4,0.00567,0.418,0.287725284
1554779471234,23.834,121.4,0.00567,0.418,0.287725284
1554779471280,23.88,121.4,0.00567,0.418,0.287725284
1554779471343,23.943,121.4,0.00568,0.417,0.287543184
1554779471389,23.989,121.4,0.00568,0.417,0.287543184
1554779471435,24.035,121.4,0.00568,0.417,0.287543184
1554779471481,24.081,121.4,0.00568,0.417,0.287543184
1554779471542,24.142,121.4,0.00569,0.415,0.28666789
1554779471588,24.189,121.4,0.00569,0.415,0.28666789
1554779471635,24.235,121.4,0.00569,0.415,0.28666789
1554779471681,24.281,121.4,0.00569,0.415,0.28666789
1554779471743,24.343,121.4,0.00571,0.419,0.290448286
1554779471789,24.389,121.4,0.00571,0.419,0.290448286
1554779471835,24.435,121.4,0.00571,0.419,0.290448286
1554779471881,24.481,121.4,0.00571,0.419,0.290448286
1554779471942,24.542,121.4,0.00571,0.419,0.290448286
1554779471988,24.589,121.4,0.00571,0.419,0.290448286
1554779472035,24.635,121.4,0.00571,0.419,0.290448286
1554779472081,24.681,121.4,0.00571,0.419,0.290448286
1554779472143,24.743,121.4,0.00568,0.419,0.288922288
1554779472189,24.789,121.4,0.00568,0.419,0.288922288
1554779472235,24.836,121.4,0.00568,0.419,0.288922288
1554779472282,24.882,121.4,0.00568,0.419,0.288922288
1554779472343,24.943,121.4,0.00568,0.417,0.287543184
1554779472389,24.989,121.4,0.00568,0.417,0.287543184
1554779472435,25.035,121.4,0.00568,0.417,0.287543184
1554779472481,25.081,121.4,0.00568,0.417,0.287543184
1554779472542,25.142,121.4,0.0057,0.416,0.28786368
1554779472588,25.189,121.4,0.0057,0.416,0.28786368
1554779472635,25.235,121.4,0.0057,0.416,0.28786368
1554779472681,25.281,121.4,0.0057,0.416,0.28786368
1554779472743,25.343,121.4,0.00567,0.419,0.288413622
1554779472789,25.389,121.4,0.00567,0.419,0.288413622
1554779472835,25.435,121.4,0.00567,0.419,0.288413622
1554779472881,25.481,121.4,0.00567,0.419,0.288413622
1554779472942,25.542,121.4,0.00566,0.42,0.28859208
1554779472988,25.588,121.4,0.00566,0.42,0.28859208
1554779473034,25.635,121.4,0.00566,0.42,0.28859208
1554779473081,25.681,121.4,0.00566,0.42,0.28859208
1554779473143,25.743,121.4,0.00569,0.416,0.287358656
1554779473189,25.789,121.4,0.00569,0.416,0.287358656
1554779473235,25.836,121.4,0.00569,0.416,0.287358656
1554779473282,25.882,121.4,0.00569,0.416,0.287358656
1554779473343,25.943,121.3,0.00565,0.417,0.285788865
1554779473389,25.989,121.3,0.00565,0.417,0.285788865
1554779473435,26.035,121.3,0.00565,0.417,0.285788865
1554779473481,26.081,121.3,0.00565,0.417,0.285788865
1554779473542,26.142,121.3,0.00565,0.42,0.2878449
1554779473588,26.188,121.3,0.00565,0.42,0.2878449
1554779473634,26.234,121.3,0.00565,0.42,0.2878449
1554779473680,26.28,121.3,0.00565,0.42,0.2878449
1554779473742,26.343,121.3,0.0056,0.42,0.2852976
1554779473789,26.389,121.3,0.0056,0.42,0.2852976
1554779473835,26.435,121.3,0.0056,0.42,0.2852976
1554779473881,26.481,121.3,0.0056,0.42,0.2852976
1554779473942,26.542,121.3,0.00564,0.421,0.288019572
1554779473988,26.588,121.3,0.00564,0.421,0.288019572
1554779474034,26.634,121.3,0.00564,0.421,0.288019572
1554779474080,26.68,121.3,0.00564,0.421,0.288019572
1554779474142,26.742,121.3,0.0056,0.422,0.28665616
1554779474189,26.789,121.3,0.0056,0.422,0.28665616
1554779474235,26.835,121.3,0.0056,0.422,0.28665616
1554779474281,26.881,121.3,0.0056,0.422,0.28665616
1554779474342,26.942,121.3,0.00561,0.421,0.286487553
1554779474388,26.988,121.3,0.00561,0.421,0.286487553
1554779474434,27.034,121.3,0.00561,0.421,0.286487553
1554779474480,27.08,121.3,0.00561,0.421,0.286487553
1554779474542,27.142,121.3,0.00564,0.419,0.286651308
1554779474588,27.188,121.3,0.00564,0.419,0.286651308
1554779474635,27.235,121.3,0.00564,0.419,0.286651308
1554779474681,27.281,121.3,0.00564,0.419,0.286651308
1554779474742,27.342,121.4,0.00567,0.42,0.28910196
1554779474788,27.388,121.4,0.00567,0.42,0.28910196
1554779474834,27.434,121.4,0.00567,0.42,0.28910196
1554779474880,27.48,121.4,0.00567,0.42,0.28910196
1554779474942,27.542,121.4,0.00566,0.419,0.287904956
1554779474988,27.588,121.4,0.00566,0.419,0.287904956
1554779475035,27.635,121.4,0.00566,0.419,0.287904956
1554779475081,27.681,121.4,0.00566,0.419,0.287904956
1554779475142,27.742,121.4,0.00565,0.418,0.28671038
1554779475188,27.788,121.4,0.00565,0.418,0.28671038
1554779475234,27.834,121.4,0.00565,0.418,0.28671038
1554779475280,27.88,121.4,0.00565,0.418,0.28671038
1554779475342,27.942,121.4,0.00564,0.423,0.289626408
1554779475388,27.988,121.4,0.00564,0.423,0.289626408
1554779475434,28.034,121.4,0.00564,0.423,0.289626408
1554779475480,28.08,121.4,0.00564,0.423,0.289626408
1554779475543,28.143,121.4,0.00568,0.419,0.288922288
1554779475589,28.189,121.4,0.00568,0.419,0.288922288
1554779475635,28.235,121.4,0.00568,0.419,0.288922288
1554779475681,28.281,121.4,0.00568,0.419,0.288922288
1554779475743,28.343,121.4,0.00571,0.42,0.29114148
1554779475789,28.389,121.4,0.00571,0.42,0.29114148
1554779475835,28.435,121.4,0.00571,0.42,0.29114148
1554779475881,28.481,121.4,0.00571,0.42,0.29114148
1554779475942,28.542,121.5,0.00569,0.422,0.29174337
1554779475989,28.589,121.5,0.00569,0.422,0.29174337
1554779476035,28.635,121.5,0.00569,0.422,0.29174337
1554779476081,28.681,121.5,0.00569,0.422,0.29174337
1554779476142,28.742,121.5,0.00564,0.424,0.29055024
1554779476188,28.788,121.5,0.00564,0.424,0.29055024
1554779476234,28.834,121.5,0.00564,0.424,0.29055024
1554779476280,28.88,121.5,0.00564,0.424,0.29055024
1554779476343,28.943,121.4,0.00561,0.422,0.287404788
1554779476389,28.989,121.4,0.00561,0.422,0.287404788
1554779476435,29.035,121.4,0.00561,0.422,0.287404788
1554779476481,29.081,121.4,0.00561,0.422,0.287404788
1554779476542,29.142,121.4,0.00563,0.42,0.28706244
1554779476588,29.188,121.4,0.00563,0.42,0.28706244
1554779476634,29.234,121.4,0.00563,0.42,0.28706244
1554779476680,29.28,121.4,0.00563,0.42,0.28706244
1554779476742,29.343,121.4,0.00563,0.42,0.28706244
1554779476789,29.389,121.4,0.00563,0.42,0.28706244
1554779476835,29.435,121.4,0.00563,0.42,0.28706244
1554779476881,29.481,121.4,0.00563,0.42,0.28706244
1554779476942,29.542,121.4,0.00563,0.42,0.28706244
1554779476988,29.588,121.4,0.00563,0.42,0.28706244
1554779477035,29.635,121.4,0.00563,0.42,0.28706244
1554779477081,29.681,121.4,0.00563,0.42,0.28706244
1554779477142,29.742,121.4,0.00562,0.423,0.288599364
1554779477188,29.788,121.4,0.00562,0.423,0.288599364
1554779477234,29.834,121.4,0.00562,0.423,0.288599364
1554779477280,29.88,121.4,0.00562,0.423,0.288599364
1554779477342,29.942,121.4,0.00558,0.419,0.283835628
1554779477387,29.987,121.4,0.00558,0.419,0.283835628
1554779477433,30.034,121.4,0.00558,0.419,0.283835628
1554779477480,30.08,121.4,0.00558,0.419,0.283835628
1554779477542,30.142,121.3,0.00556,0.419,0.282585332
1554779477588,30.188,121.3,0.00556,0.419,0.282585332
1554779477634,30.235,121.3,0.00556,0.419,0.282585332
1554779477681,30.281,121.3,0.00556,0.419,0.282585332
1554779477742,30.342,121.3,0.00559,0.42,0.28478814
1554779477788,30.388,121.3,0.00559,0.42,0.28478814
1554779477834,30.434,121.3,0.00559,0.42,0.28478814
1554779477880,30.48,121.3,0.00559,0.42,0.28478814
1554779477942,30.542,121.3,0.00561,0.419,0.285126567
1554779477988,30.588,121.3,0.00561,0.419,0.285126567
1554779478034,30.634,121.3,0.00561,0.419,0.285126567
1554779478081,30.681,121.3,0.00561,0.419,0.285126567
1554779478142,30.742,121.3,0.00562,0.417,0.284271402
1554779478188,30.788,121.3,0.00562,0.417,0.284271402
1554779478234,30.834,121.3,0.00562,0.417,0.284271402
1554779478280,30.88,121.3,0.00562,0.417,0.284271402
1554779478341,30.941,121.3,0.0056,0.421,0.28597688
1554779478387,30.987,121.3,0.0056,0.421,0.28597688
1554779478433,31.033,121.3,0.0056,0.421,0.28597688
1554779478479,31.079,121.3,0.0056,0.421,0.28597688
1554779478542,31.142,121.3,0.00557,0.424,0.286471784
1554779478588,31.188,121.3,0.00557,0.424,0.286471784
1554779478634,31.234,121.3,0.00557,0.424,0.286471784
1554779478680,31.28,121.3,0.00557,0.424,0.286471784
1554779478742,31.342,121.3,0.00562,0.422,0.287679932
1554779478788,31.388,121.3,0.00562,0.422,0.287679932
1554779478835,31.435,121.3,0.00562,0.422,0.287679932
1554779478881,31.481,121.3,0.00562,0.422,0.287679932
1554779478942,31.542,121.4,0.00561,0.421,0.286723734
1554779478988,31.588,121.4,0.00561,0.421,0.286723734
1554779479034,31.634,121.4,0.00561,0.421,0.286723734
1554779479080,31.68,121.4,0.00561,0.421,0.286723734
1554779479141,31.741,121.4,0.00563,0.421,0.287745922
1554779479187,31.787,121.4,0.00563,0.421,0.287745922
1554779479234,31.834,121.4,0.00563,0.421,0.287745922
1554779479280,31.88,121.4,0.00563,0.421,0.287745922
1554779479342,31.942,121.4,0.00562,0.42,0.28655256
1554779479388,31.988,121.4,0.00562,0.42,0.28655256
1554779479435,32.035,121.4,0.00562,0.42,0.28655256
1554779479481,32.081,121.4,0.00562,0.42,0.28655256
1554779479542,32.142,121.4,0.00566,0.422,0.289966328
1554779479588,32.188,121.4,0.00566,0.422,0.289966328
1554779479634,32.234,121.4,0.00566,0.422,0.289966328
1554779479680,32.28,121.4,0.00566,0.422,0.289966328
1554779479742,32.342,121.4,0.00566,0.422,0.289966328
1554779479788,32.388,121.4,0.00566,0.422,0.289966328
1554779479834,32.434,121.4,0.00566,0.422,0.289966328
1554779479880,32.48,121.4,0.00566,0.422,0.289966328
1554779479941,32.541,121.4,0.00566,0.423,0.290653452
1554779479987,32.587,121.4,0.00566,0.423,0.290653452
1554779480034,32.634,121.4,0.00566,0.423,0.290653452
1554779480080,32.68,121.4,0.00566,0.423,0.290653452
1554779480142,32.742,121.4,0.00565,0.423,0.29013993
1554779480188,32.788,121.4,0.00565,0.423,0.29013993
1554779480234,32.834,121.4,0.00565,0.423,0.29013993
1554779480280,32.88,121.4,0.00565,0.423,0.29013993
1554779480341,32.941,121.4,0.00564,0.421,0.288257016
1554779480387,32.987,121.4,0.00564,0.421,0.288257016
1554779480433,33.033,121.4,0.00564,0.421,0.288257016
1554779480479,33.079,121.4,0.00564,0.421,0.288257016
1554779480542,33.142,121.4,0.00568,0.42,0.28961184
1554779480588,33.188,121.4,0.00568,0.42,0.28961184
1554779480634,33.234,121.4,0.00568,0.42,0.28961184
1554779480680,33.28,121.4,0.00568,0.42,0.28961184
1554779480742,33.342,121.4,0.00568,0.419,0.288922288
1554779480788,33.388,121.4,0.00568,0.419,0.288922288
1554779480834,33.434,121.4,0.00568,0.419,0.288922288
1554779480880,33.48,121.4,0.00568,0.419,0.288922288
1554779480941,33.541,121.4,0.00563,0.421,0.287745922
1554779480987,33.587,121.4,0.00563,0.421,0.287745922
1554779481033,33.633,121.4,0.00563,0.421,0.287745922
1554779481079,33.679,121.4,0.00563,0.421,0.287745922
1554779481142,33.742,121.4,0.00562,0.421,0.287234828
1554779481188,33.788,121.4,0.00562,0.421,0.287234828
1554779481234,33.834,121.4,0.00562,0.421,0.287234828
1554779481280,33.88,121.4,0.00562,0.421,0.287234828
1554779481341,33.941,121.4,0.00562,0.419,0.285870292
1554779481388,33.988,121.4,0.00562,0.419,0.285870292
1554779481434,34.034,121.4,0.00562,0.419,0.285870292
1554779481480,34.08,121.4,0.00562,0.419,0.285870292
1554779481541,34.141,121.4,0.0056,0.419,0.28485296
1554779481587,34.187,121.4,0.0056,0.419,0.28485296
1554779481633,34.233,121.4,0.0056,0.419,0.28485296
1554779481679,34.279,121.4,0.0056,0.419,0.28485296
1554779481742,34.342,121.4,0.00561,0.42,0.28604268
1554779481788,34.388,121.4,0.00561,0.42,0.28604268
1554779481834,34.434,121.4,0.00561,0.42,0.28604268
1554779481880,34.48,121.4,0.00561,0.42,0.28604268
1554779481941,34.541,121.4,0.0056,0.419,0.28485296
1554779481987,34.587,121.4,0.0056,0.419,0.28485296
1554779482033,34.633,121.4,0.0056,0.419,0.28485296
1554779482080,34.68,121.4,0.0056,0.419,0.28485296
1554779482141,34.741,121.4,0.0056,0.418,0.28417312
1554779482187,34.787,121.4,0.0056,0.418,0.28417312
1554779482233,34.833,121.4,0.0056,0.418,0.28417312
1554779482279,34.879,121.4,0.0056,0.418,0.28417312
1554779482341,34.941,121.3,0.00559,0.421,0.285466207
1554779482388,34.988,121.3,0.00559,0.421,0.285466207
1554779482434,35.034,121.3,0.00559,0.421,0.285466207
1554779482480,35.08,121.3,0.00559,0.421,0.285466207
1554779482541,35.141,121.3,0.00565,0.422,0.28921559
1554779482587,35.187,121.3,0.00565,0.422,0.28921559
1554779482633,35.233,121.3,0.00565,0.422,0.28921559
1554779482679,35.279,121.3,0.00565,0.422,0.28921559
1554779482741,35.341,121.3,0.00565,0.421,0.288530245
1554779482787,35.388,121.3,0.00565,0.421,0.288530245
1554779482834,35.434,121.3,0.00565,0.421,0.288530245
1554779482880,35.48,121.3,0.00565,0.421,0.288530245
1554779482941,35.541,121.4,0.00564,0.423,0.289626408
1554779482986,35.587,121.4,0.00564,0.423,0.289626408
1554779483033,35.633,121.4,0.00564,0.423,0.289626408
1554779483079,35.679,121.4,0.00564,0.423,0.289626408
1554779483141,35.741,121.4,0.00567,0.419,0.288413622
1554779483187,35.787,121.4,0.00567,0.419,0.288413622
1554779483233,35.834,121.4,0.00567,0.419,0.288413622
1554779483280,35.88,121.4,0.00567,0.419,0.288413622
1554779483341,35.941,121.4,0.0057,0.417,0.28855566
1554779483387,35.987,121.4,0.0057,0.417,0.28855566
1554779483433,36.033,121.4,0.0057,0.417,0.28855566
1554779483479,36.079,121.4,0.0057,0.417,0.28855566
1554779483541,36.141,121.4,0.00568,0.416,0.286853632
1554779483587,36.187,121.4,0.00568,0.416,0.286853632
1554779483633,36.233,121.4,0.00568,0.416,0.286853632
1554779483679,36.279,121.4,0.00568,0.416,0.286853632
1554779483741,36.341,121.4,0.00568,0.421,0.290301392
1554779483789,36.389,121.4,0.00568,0.421,0.290301392
1554779483836,36.436,121.4,0.00568,0.421,0.290301392
1554779483882,36.482,121.4,0.00568,0.421,0.290301392
1554779483941,36.541,121.4,0.00572,0.421,0.292345768
1554779483986,36.586,121.4,0.00572,0.421,0.292345768
1554779484033,36.633,121.4,0.00572,0.421,0.292345768
1554779484079,36.679,121.4,0.00572,0.421,0.292345768
1554779484141,36.741,121.4,0.00566,0.421,0.289279204
1554779484187,36.788,121.4,0.00566,0.421,0.289279204
1554779484234,36.834,121.4,0.00566,0.421,0.289279204
1554779484279,36.88,121.4,0.00566,0.421,0.289279204
1554779484341,36.941,121.4,0.00566,0.423,0.290653452
1554779484386,36.986,121.4,0.00566,0.423,0.290653452
1554779484431,37.031,121.4,0.00566,0.423,0.290653452
1554779484476,37.076,121.4,0.00566,0.423,0.290653452
1554779484541,37.141,121.4,0.00567,0.42,0.28910196
1554779484586,37.186,121.4,0.00567,0.42,0.28910196
1554779484632,37.232,121.4,0.00567,0.42,0.28910196
1554779484678,37.278,121.4,0.00567,0.42,0.28910196
1554779484740,37.34,121.4,0.00566,0.42,0.28859208
1554779484786,37.386,121.4,0.00566,0.42,0.28859208
1554779484831,37.431,121.4,0.00566,0.42,0.28859208
1554779484877,37.477,121.4,0.00566,0.42,0.28859208
1554779484941,37.541,121.4,0.00569,0.418,0.288740188
1554779484987,37.587,121.4,0.00569,0.418,0.288740188
1554779485033,37.633,121.4,0.00569,0.418,0.288740188
1554779485079,37.679,121.4,0.00569,0.418,0.288740188
1554779485141,37.741,121.4,0.00564,0.42,0.28757232
1554779485187,37.787,121.4,0.00564,0.42,0.28757232
1554779485233,37.833,121.4,0.00564,0.42,0.28757232
1554779485279,37.879,121.4,0.00564,0.42,0.28757232
1554779485340,37.94,121.4,0.00559,0.422,0.286380172
1554779485386,37.986,121.4,0.00559,0.422,0.286380172
1554779485432,38.032,121.4,0.00559,0.422,0.286380172
1554779485478,38.078,121.4,0.00559,0.422,0.286380172
1554779485541,38.141,121.4,0.00559,0.421,0.285701546
1554779485587,38.187,121.4,0.00559,0.421,0.285701546
1554779485633,38.233,121.4,0.00559,0.421,0.285701546
1554779485679,38.279,121.4,0.00559,0.421,0.285701546
1554779485740,38.34,121.4,0.00561,0.421,0.286723734
1554779485787,38.387,121.4,0.00561,0.421,0.286723734
1554779485833,38.433,121.4,0.00561,0.421,0.286723734
1554779485879,38.479,121.4,0.00561,0.421,0.286723734
1554779485941,38.541,121.4,0.00563,0.419,0.286378958
1554779485987,38.587,121.4,0.00563,0.419,0.286378958
1554779486033,38.633,121.4,0.00563,0.419,0.286378958
1554779486080,38.68,121.4,0.00563,0.419,0.286378958
1554779486140,38.741,121.4,0.00563,0.419,0.286378958
1554779486187,38.787,121.4,0.00563,0.419,0.286378958
1554779486233,38.833,121.4,0.00563,0.419,0.286378958
1554779486279,38.879,121.4,0.00563,0.419,0.286378958
1554779486341,38.941,121.4,0.00558,0.419,0.283835628
1554779486387,38.987,121.4,0.00558,0.419,0.283835628
1554779486433,39.033,121.4,0.00558,0.419,0.283835628
1554779486479,39.079,121.4,0.00558,0.419,0.283835628
1554779486540,39.14,121.4,0.00561,0.421,0.286723734
1554779486586,39.187,121.4,0.00561,0.421,0.286723734
1554779486632,39.233,121.4,0.00561,0.421,0.286723734
1554779486679,39.279,121.4,0.00561,0.421,0.286723734
1554779486741,39.341,121.3,0.00563,0.418,0.285460142
1554779486787,39.387,121.3,0.00563,0.418,0.285460142
1554779486833,39.433,121.3,0.00563,0.418,0.285460142
1554779486879,39.479,121.3,0.00563,0.418,0.285460142
1554779486940,39.541,121.3,0.00565,0.418,0.28647421
1554779486986,39.587,121.3,0.00565,0.418,0.28647421
1554779487033,39.633,121.3,0.00565,0.418,0.28647421
1554779487079,39.679,121.3,0.00565,0.418,0.28647421
1554779487141,39.741,121.4,0.00565,0.42,0.2880822
1554779487187,39.787,121.4,0.00565,0.42,0.2880822
1554779487233,39.833,121.4,0.00565,0.42,0.2880822
1554779487279,39.879,121.4,0.00565,0.42,0.2880822
1554779487340,39.94,121.4,0.00564,0.42,0.28757232
1554779487386,39.986,121.4,0.00564,0.42,0.28757232
1554779487432,40.032,121.4,0.00564,0.42,0.28757232
1554779487479,40.079,121.4,0.00564,0.42,0.28757232
1554779487541,40.141,121.4,0.00568,0.417,0.287543184
1554779487587,40.187,121.4,0.00568,0.417,0.287543184
1554779487633,40.233,121.4,0.00568,0.417,0.287543184
1554779487679,40.28,121.4,0.00568,0.417,0.287543184
1554779487741,40.341,121.4,0.0057,0.417,0.28855566
1554779487787,40.387,121.4,0.0057,0.417,0.28855566
1554779487833,40.433,121.4,0.0057,0.417,0.28855566
1554779487879,40.479,121.4,0.0057,0.417,0.28855566
1554779487940,40.54,121.3,0.00569,0.42,0.28988274
1554779487986,40.586,121.3,0.00569,0.42,0.28988274
1554779488032,40.632,121.3,0.00569,0.42,0.28988274
1554779488078,40.678,121.3,0.00569,0.42,0.28988274
1554779488141,40.741,121.4,0.00571,0.421,0.291834674
1554779488187,40.787,121.4,0.00571,0.421,0.291834674
1554779488233,40.833,121.4,0.00571,0.421,0.291834674
1554779488279,40.879,121.4,0.00571,0.421,0.291834674
1554779488340,40.94,121.4,0.00566,0.421,0.289279204
1554779488386,40.987,121.4,0.00566,0.421,0.289279204
1554779488433,41.033,121.4,0.00566,0.421,0.289279204
1554779488479,41.079,121.4,0.00566,0.421,0.289279204
1554779488541,41.141,121.4,0.00569,0.419,0.289430954
1554779488587,41.187,121.4,0.00569,0.419,0.289430954
1554779488633,41.233,121.4,0.00569,0.419,0.289430954
1554779488679,41.279,121.4,0.00569,0.419,0.289430954
1554779488741,41.341,121.4,0.00569,0.417,0.288049422
1554779488787,41.387,121.4,0.00569,0.417,0.288049422
1554779488833,41.433,121.4,0.00569,0.417,0.288049422
1554779488879,41.479,121.4,0.00569,0.417,0.288049422
1554779488941,41.541,121.4,0.00563,0.422,0.288429404
1554779488987,41.587,121.4,0.00563,0.422,0.288429404
1554779489033,41.633,121.4,0.00563,0.422,0.288429404
1554779489079,41.679,121.4,0.00563,0.422,0.288429404
1554779489140,41.74,121.4,0.00562,0.423,0.288599364
1554779489186,41.786,121.4,0.00562,0.423,0.288599364
1554779489232,41.832,121.4,0.00562,0.423,0.288599364
1554779489278,41.878,121.4,0.00562,0.423,0.288599364
1554779489341,41.941,121.4,0.00559,0.42,0.28502292
1554779489387,41.987,121.4,0.00559,0.42,0.28502292
1554779489433,42.033,121.4,0.00559,0.42,0.28502292
1554779489479,42.079,121.4,0.00559,0.42,0.28502292
1554779489540,42.14,121.4,0.00562,0.419,0.285870292
1554779489586,42.186,121.4,0.00562,0.419,0.285870292
1554779489632,42.232,121.4,0.00562,0.419,0.285870292
1554779489678,42.278,121.4,0.00562,0.419,0.285870292
1554779489741,42.341,121.4,0.00562,0.417,0.284505756
1554779489787,42.387,121.4,0.00562,0.417,0.284505756
1554779489833,42.433,121.4,0.00562,0.417,0.284505756
1554779489879,42.479,121.4,0.00562,0.417,0.284505756
1554779489940,42.54,121.4,0.00558,0.421,0.285190452
1554779489987,42.587,121.4,0.00558,0.421,0.285190452
1554779490033,42.633,121.4,0.00558,0.421,0.285190452
1554779490079,42.679,121.4,0.00558,0.421,0.285190452
1554779490140,42.74,121.4,0.00557,0.419,0.283326962
1554779490186,42.786,121.4,0.00557,0.419,0.283326962
1554779490232,42.832,121.4,0.00557,0.419,0.283326962
1554779490278,42.878,121.4,0.00557,0.419,0.283326962
1554779490340,42.94,121.4,0.00559,0.422,0.286380172
1554779490386,42.986,121.4,0.00559,0.422,0.286380172
1554779490433,43.033,121.4,0.00559,0.422,0.286380172
1554779490478,43.078,121.4,0.00559,0.422,0.286380172
1554779490541,43.141,121.4,0.00556,0.421,0.284168264
1554779490587,43.187,121.4,0.00556,0.421,0.284168264
1554779490633,43.233,121.4,0.00556,0.421,0.284168264
1554779490679,43.279,121.4,0.00556,0.421,0.284168264
1554779490740,43.34,121.4,0.00561,0.422,0.287404788
1554779490786,43.386,121.4,0.00561,0.422,0.287404788
1554779490832,43.432,121.4,0.00561,0.422,0.287404788
1554779490879,43.479,121.4,0.00561,0.422,0.287404788
1554779490940,43.54,121.4,0.0056,0.422,0.28689248
1554779490986,43.586,121.4,0.0056,0.422,0.28689248
1554779491032,43.632,121.4,0.0056,0.422,0.28689248
1554779491078,43.678,121.4,0.0056,0.422,0.28689248
1554779491140,43.74,121.4,0.00562,0.421,0.287234828
1554779491186,43.786,121.4,0.00562,0.421,0.287234828
1554779491232,43.832,121.4,0.00562,0.421,0.287234828
1554779491278,43.878,121.4,0.00562,0.421,0.287234828
1554779491340,43.94,121.4,0.00567,0.418,0.287725284
1554779491385,43.985,121.4,0.00567,0.418,0.287725284
1554779491431,44.031,121.4,0.00567,0.418,0.287725284
1554779491478,44.078,121.4,0.00567,0.418,0.287725284
1554779491540,44.14,121.4,0.00573,0.415,0.28868313
1554779491586,44.186,121.4,0.00573,0.415,0.28868313
1554779491632,44.232,121.4,0.00573,0.415,0.28868313
1554779491678,44.278,121.4,0.00573,0.415,0.28868313
1554779491741,44.341,121.4,0.00569,0.419,0.289430954
1554779491787,44.387,121.4,0.00569,0.419,0.289430954
1554779491833,44.433,121.4,0.00569,0.419,0.289430954
1554779491879,44.479,121.4,0.00569,0.419,0.289430954
1554779491941,44.541,121.4,0.00566,0.422,0.289966328
1554779491987,44.587,121.4,0.00566,0.422,0.289966328
1554779492033,44.633,121.4,0.00566,0.422,0.289966328
1554779492079,44.679,121.4,0.00566,0.422,0.289966328
1554779492140,44.74,121.4,0.00565,0.422,0.28945402
1554779492186,44.786,121.4,0.00565,0.422,0.28945402
1554779492232,44.832,121.4,0.00565,0.422,0.28945402
1554779492278,44.878,121.4,0.00565,0.422,0.28945402
1554779492340,44.94,121.4,0.00566,0.423,0.290653452
1554779492387,44.987,121.4,0.00566,0.423,0.290653452
1554779492433,45.033,121.4,0.00566,0.423,0.290653452
1554779492479,45.079,121.4,0.00566,0.423,0.290653452
1554779492540,45.14,121.4,0.00561,0.422,0.287404788
1554779492586,45.186,121.4,0.00561,0.422,0.287404788
1554779492632,45.232,121.4,0.00561,0.422,0.287404788
1554779492678,45.278,121.4,0.00561,0.422,0.287404788
1554779492741,45.341,121.4,0.00563,0.422,0.288429404
1554779492787,45.387,121.4,0.00563,0.422,0.288429404
1554779492833,45.433,121.4,0.00563,0.422,0.288429404
1554779492879,45.479,121.4,0.00563,0.422,0.288429404
1554779492941,45.541,121.4,0.00568,0.42,0.28961184
1554779492987,45.587,121.4,0.00568,0.42,0.28961184
1554779493033,45.633,121.4,0.00568,0.42,0.28961184
1554779493079,45.679,121.4,0.00568,0.42,0.28961184
1554779493140,45.74,121.4,0.00565,0.419,0.28739629
1554779493186,45.786,121.4,0.00565,0.419,0.28739629
1554779493231,45.832,121.4,0.00565,0.419,0.28739629
1554779493278,45.878,121.4,0.00565,0.419,0.28739629
1554779493340,45.94,121.4,0.00566,0.419,0.287904956
1554779493386,45.986,121.4,0.00566,0.419,0.287904956
1554779493432,46.032,121.4,0.00566,0.419,0.287904956
1554779493478,46.078,121.4,0.00566,0.419,0.287904956
1554779493540,46.14,121.4,0.00564,0.418,0.286202928
1554779493587,46.187,121.4,0.00564,0.418,0.286202928
1554779493633,46.233,121.4,0.00564,0.418,0.286202928
1554779493679,46.279,121.4,0.00564,0.418,0.286202928
1554779493740,46.34,121.4,0.00561,0.418,0.284680572
1554779493786,46.386,121.4,0.00561,0.418,0.284680572
1554779493832,46.432,121.4,0.00561,0.418,0.284680572
1554779493878,46.478,121.4,0.00561,0.418,0.284680572
1554779493939,46.54,121.4,0.00562,0.419,0.285870292
1554779493985,46.585,121.4,0.00562,0.419,0.285870292
1554779494031,46.631,121.4,0.00562,0.419,0.285870292
1554779494077,46.677,121.4,0.00562,0.419,0.285870292
1554779494140,46.74,121.4,0.00566,0.417,0.286530708
1554779494186,46.786,121.4,0.00566,0.417,0.286530708
1554779494232,46.832,121.4,0.00566,0.417,0.286530708
1554779494278,46.878,121.4,0.00566,0.417,0.286530708
1554779494339,46.939,121.4,0.0056,0.418,0.28417312
1554779494385,46.985,121.4,0.0056,0.418,0.28417312
1554779494431,47.031,121.4,0.0056,0.418,0.28417312
1554779494477,47.077,121.4,0.0056,0.418,0.28417312
1554779494539,47.139,121.4,0.00559,0.42,0.28502292
1554779494586,47.186,121.4,0.00559,0.42,0.28502292
1554779494632,47.232,121.4,0.00559,0.42,0.28502292
1554779494678,47.278,121.4,0.00559,0.42,0.28502292
1554779494739,47.339,121.4,0.00562,0.419,0.285870292
1554779494785,47.385,121.4,0.00562,0.419,0.285870292
1554779494831,47.431,121.4,0.00562,0.419,0.285870292
1554779494877,47.477,121.4,0.00562,0.419,0.285870292
1554779494940,47.54,121.4,0.00566,0.418,0.287217832
1554779494986,47.586,121.4,0.00566,0.418,0.287217832
1554779495032,47.632,121.4,0.00566,0.418,0.287217832
1554779495078,47.678,121.4,0.00566,0.418,0.287217832
1554779495139,47.739,121.4,0.00562,0.419,0.285870292
1554779495185,47.785,121.4,0.00562,0.419,0.285870292
1554779495231,47.831,121.4,0.00562,0.419,0.285870292
1554779495278,47.878,121.4,0.00562,0.419,0.285870292
1554779495340,47.94,121.4,0.00564,0.419,0.286887624
1554779495386,47.986,121.4,0.00564,0.419,0.286887624
1554779495432,48.032,121.4,0.00564,0.419,0.286887624
1554779495478,48.078,121.4,0.00564,0.419,0.286887624
1554779495539,48.139,121.3,0.00564,0.418,0.285967176
1554779495585,48.185,121.3,0.00564,0.418,0.285967176
1554779495631,48.231,121.3,0.00564,0.418,0.285967176
1554779495677,48.277,121.3,0.00564,0.418,0.285967176
1554779495740,48.34,121.3,0.00568,0.42,0.28937328
1554779495786,48.386,121.3,0.00568,0.42,0.28937328
1554779495832,48.432,121.3,0.00568,0.42,0.28937328
1554779495878,48.478,121.3,0.00568,0.42,0.28937328
1554779495939,48.539,121.3,0.00563,0.423,0.288874737
1554779495985,48.585,121.3,0.00563,0.423,0.288874737
1554779496032,48.632,121.3,0.00563,0.423,0.288874737
1554779496078,48.678,121.3,0.00563,0.423,0.288874737
1554779496140,48.74,121.3,0.00567,0.422,0.290239362
1554779496186,48.786,121.3,0.00567,0.422,0.290239362
1554779496232,48.832,121.3,0.00567,0.422,0.290239362
1554779496278,48.878,121.3,0.00567,0.422,0.290239362
1554779496339,48.939,121.4,0.00565,0.42,0.2880822
1554779496385,48.985,121.4,0.00565,0.42,0.2880822
1554779496432,49.032,121.4,0.00565,0.42,0.2880822
1554779496478,49.078,121.4,0.00565,0.42,0.2880822
1554779496540,49.14,121.4,0.00564,0.421,0.288257016
1554779496586,49.186,121.4,0.00564,0.421,0.288257016
1554779496632,49.232,121.4,0.00564,0.421,0.288257016
1554779496678,49.278,121.4,0.00564,0.421,0.288257016
1554779496739,49.339,121.4,0.00566,0.419,0.287904956
1554779496785,49.385,121.4,0.00566,0.419,0.287904956
1554779496831,49.431,121.4,0.00566,0.419,0.287904956
1554779496877,49.477,121.4,0.00566,0.419,0.287904956
1554779496940,49.54,121.4,0.00563,0.419,0.286378958
1554779496986,49.586,121.4,0.00563,0.419,0.286378958
1554779497032,49.632,121.4,0.00563,0.419,0.286378958
1554779497078,49.678,121.4,0.00563,0.419,0.286378958
1554779497140,49.74,121.4,0.00561,0.424,0.288766896
1554779497186,49.786,121.4,0.00561,0.424,0.288766896
1554779497232,49.832,121.4,0.00561,0.424,0.288766896
1554779497278,49.878,121.4,0.00561,0.424,0.288766896
1554779497339,49.939,121.4,0.0056,0.422,0.28689248
1554779497385,49.985,121.4,0.0056,0.422,0.28689248
1554779497431,50.031,121.4,0.0056,0.422,0.28689248
1554779497477,50.077,121.4,0.0056,0.422,0.28689248
1554779497540,50.14,121.4,0.00556,0.421,0.284168264
1554779497586,50.186,121.4,0.00556,0.421,0.284168264
1554779497632,50.232,121.4,0.00556,0.421,0.284168264
1554779497678,50.278,121.4,0.00556,0.421,0.284168264
1554779497739,50.339,121.4,0.00557,0.423,0.286031754
1554779497785,50.385,121.4,0.00557,0.423,0.286031754
1554779497831,50.431,121.4,0.00557,0.423,0.286031754
1554779497877,50.477,121.4,0.00557,0.423,0.286031754
1554779497940,50.54,121.4,0.00555,0.423,0.28500471
1554779497986,50.586,121.4,0.00555,0.423,0.28500471
1554779498032,50.632,121.4,0.00555,0.423,0.28500471
1554779498078,50.678,121.4,0.00555,0.423,0.28500471
1554779498139,50.739,121.4,0.00555,0.424,0.28567848
1554779498185,50.785,121.4,0.00555,0.424,0.28567848
1554779498231,50.831,121.4,0.00555,0.424,0.28567848
1554779498277,50.877,121.4,0.00555,0.424,0.28567848
1554779498340,50.94,121.4,0.00558,0.421,0.285190452
1554779498386,50.986,121.4,0.00558,0.421,0.285190452
1554779498432,51.032,121.4,0.00558,0.421,0.285190452
1554779498478,51.078,121.4,0.00558,0.421,0.285190452
1554779498539,51.139,121.4,0.00565,0.419,0.28739629
1554779498585,51.185,121.4,0.00565,0.419,0.28739629
1554779498632,51.232,121.4,0.00565,0.419,0.28739629
1554779498677,51.277,121.4,0.00565,0.419,0.28739629
1554779498739,51.339,121.3,0.00564,0.42,0.28733544
1554779498785,51.385,121.3,0.00564,0.42,0.28733544
1554779498831,51.431,121.3,0.00564,0.42,0.28733544
1554779498877,51.477,121.3,0.00564,0.42,0.28733544
1554779498939,51.539,121.3,0.00564,0.419,0.286651308
1554779498985,51.585,121.3,0.00564,0.419,0.286651308
1554779499031,51.631,121.3,0.00564,0.419,0.286651308
1554779499078,51.678,121.3,0.00564,0.419,0.286651308
1554779499139,51.739,121.3,0.00567,0.42,0.28886382
1554779499185,51.785,121.3,0.00567,0.42,0.28886382
1554779499231,51.831,121.3,0.00567,0.42,0.28886382
1554779499277,51.877,121.3,0.00567,0.42,0.28886382
1554779499338,51.938,121.4,0.00565,0.421,0.28876811
1554779499384,51.984,121.4,0.00565,0.421,0.28876811
1554779499430,52.03,121.4,0.00565,0.421,0.28876811
1554779499476,52.076,121.4,0.00565,0.421,0.28876811
1554779499539,52.139,121.3,0.00566,0.417,0.286294686
1554779499585,52.185,121.3,0.00566,0.417,0.286294686
1554779499631,52.231,121.3,0.00566,0.417,0.286294686
1554779499677,52.277,121.3,0.00566,0.417,0.286294686
1554779499739,52.339,121.3,0.00568,0.417,0.287306328
1554779499785,52.386,121.3,0.00568,0.417,0.287306328
1554779499832,52.432,121.3,0.00568,0.417,0.287306328
1554779499878,52.478,121.3,0.00568,0.417,0.287306328
1554779499939,52.539,121.3,0.0057,0.417,0.28831797
1554779499985,52.585,121.3,0.0057,0.417,0.28831797
1554779500031,52.631,121.3,0.0057,0.417,0.28831797
1554779500077,52.677,121.3,0.0057,0.417,0.28831797
1554779500139,52.739,121.4,0.00568,0.422,0.290990944
1554779500184,52.784,121.4,0.00568,0.422,0.290990944
1554779500230,52.83,121.4,0.00568,0.422,0.290990944
1554779500276,52.877,121.4,0.00568,0.422,0.290990944
1554779500339,52.939,121.4,0.00569,0.42,0.29012172
1554779500385,52.985,121.4,0.00569,0.42,0.29012172
1554779500431,53.031,121.4,0.00569,0.42,0.29012172
1554779500477,53.077,121.4,0.00569,0.42,0.29012172
1554779500539,53.14,121.4,0.00567,0.42,0.28910196
1554779500586,53.186,121.4,0.00567,0.42,0.28910196
1554779500633,53.233,121.4,0.00567,0.42,0.28910196
1554779500679,53.279,121.4,0.00567,0.42,0.28910196
1554779500739,53.339,121.4,0.00571,0.416,0.288368704
1554779500785,53.385,121.4,0.00571,0.416,0.288368704
1554779500831,53.431,121.4,0.00571,0.416,0.288368704
1554779500877,53.477,121.4,0.00571,0.416,0.288368704
1554779500938,53.538,121.4,0.00566,0.417,0.286530708
1554779500984,53.584,121.4,0.00566,0.417,0.286530708
1554779501030,53.63,121.4,0.00566,0.417,0.286530708
1554779501076,53.676,121.4,0.00566,0.417,0.286530708
1554779501139,53.739,121.4,0.00565,0.417,0.28602447
1554779501185,53.785,121.4,0.00565,0.417,0.28602447
1554779501231,53.831,121.4,0.00565,0.417,0.28602447
1554779501277,53.877,121.4,0.00565,0.417,0.28602447
1554779501339,53.939,121.4,0.00562,0.418,0.285188024
1554779501385,53.985,121.4,0.00562,0.418,0.285188024
1554779501431,54.031,121.4,0.00562,0.418,0.285188024
1554779501477,54.077,121.4,0.00562,0.418,0.285188024
1554779501538,54.138,121.4,0.00564,0.418,0.286202928
1554779501585,54.185,121.4,0.00564,0.418,0.286202928
1554779501631,54.231,121.4,0.00564,0.418,0.286202928
1554779501677,54.277,121.4,0.00564,0.418,0.286202928
1554779501739,54.339,121.4,0.00559,0.417,0.282987042
1554779501785,54.385,121.4,0.00559,0.417,0.282987042
1554779501831,54.432,121.4,0.00559,0.417,0.282987042
1554779501877,54.477,121.4,0.00559,0.417,0.282987042
1554779501938,54.538,121.3,0.00558,0.419,0.283601826
1554779501984,54.584,121.3,0.00558,0.419,0.283601826
1554779502030,54.63,121.3,0.00558,0.419,0.283601826
1554779502076,54.676,121.3,0.00558,0.419,0.283601826
1554779502139,54.739,121.4,0.00561,0.421,0.286723734
1554779502185,54.785,121.4,0.00561,0.421,0.286723734
1554779502231,54.831,121.4,0.00561,0.421,0.286723734
1554779502277,54.877,121.4,0.00561,0.421,0.286723734
1554779502338,54.938,121.4,0.00564,0.415,0.28414884
1554779502384,54.984,121.4,0.00564,0.415,0.28414884
1554779502431,55.031,121.4,0.00564,0.415,0.28414884
1554779502477,55.077,121.4,0.00564,0.415,0.28414884
1554779502539,55.139,121.3,0.00563,0.419,0.286143061
1554779502585,55.185,121.3,0.00563,0.419,0.286143061
1554779502631,55.231,121.3,0.00563,0.419,0.286143061
1554779502677,55.277,121.3,0.00563,0.419,0.286143061
1554779502738,55.338,121.3,0.00563,0.42,0.28682598
1554779502784,55.384,121.3,0.00563,0.42,0.28682598
1554779502830,55.43,121.3,0.00563,0.42,0.28682598
1554779502876,55.476,121.3,0.00563,0.42,0.28682598
1554779502939,55.539,121.3,0.00564,0.419,0.286651308
1554779502985,55.585,121.3,0.00564,0.419,0.286651308
1554779503031,55.631,121.3,0.00564,0.419,0.286651308
1554779503077,55.677,121.3,0.00564,0.419,0.286651308
1554779503139,55.739,121.4,0.00562,0.421,0.287234828
1554779503185,55.785,121.4,0.00562,0.421,0.287234828
1554779503231,55.831,121.4,0.00562,0.421,0.287234828
1554779503277,55.877,121.4,0.00562,0.421,0.287234828
1554779503338,55.938,121.4,0.00566,0.42,0.28859208
1554779503385,55.985,121.4,0.00566,0.42,0.28859208
1554779503431,56.031,121.4,0.00566,0.42,0.28859208
1554779503477,56.077,121.4,0.00566,0.42,0.28859208
1554779503538,56.138,121.4,0.00563,0.421,0.287745922
1554779503584,56.184,121.4,0.00563,0.421,0.287745922
1554779503630,56.23,121.4,0.00563,0.421,0.287745922
1554779503676,56.276,121.4,0.00563,0.421,0.287745922
1554779503738,56.338,121.4,0.00568,0.421,0.290301392
1554779503784,56.384,121.4,0.00568,0.421,0.290301392
1554779503831,56.431,121.4,0.00568,0.421,0.290301392
1554779503877,56.477,121.4,0.00568,0.421,0.290301392
1554779503939,56.539,121.4,0.0057,0.419,0.28993962
1554779503985,56.585,121.4,0.0057,0.419,0.28993962
1554779504031,56.631,121.4,0.0057,0.419,0.28993962
1554779504078,56.678,121.4,0.0057,0.419,0.28993962
1554779504139,56.739,121.4,0.00571,0.418,0.289755092
1554779504185,56.785,121.4,0.00571,0.418,0.289755092
1554779504231,56.831,121.4,0.00571,0.418,0.289755092
1554779504277,56.877,121.4,0.00571,0.418,0.289755092
1554779504338,56.938,121.4,0.0057,0.42,0.2906316
1554779504384,56.984,121.4,0.0057,0.42,0.2906316
1554779504430,57.03,121.4,0.0057,0.42,0.2906316
1554779504476,57.076,121.4,0.0057,0.42,0.2906316
1554779504539,57.139,121.4,0.00568,0.417,0.287543184
1554779504585,57.185,121.4,0.00568,0.417,0.287543184
1554779504631,57.231,121.4,0.00568,0.417,0.287543184
1554779504677,57.277,121.4,0.00568,0.417,0.287543184
1554779504738,57.338,121.4,0.00567,0.417,0.287036946
1554779504784,57.384,121.4,0.00567,0.417,0.287036946
1554779504830,57.43,121.4,0.00567,0.417,0.287036946
1554779504876,57.477,121.4,0.00567,0.417,0.287036946
1554779504939,57.539,121.3,0.00571,0.415,0.287438545
1554779504985,57.585,121.3,0.00571,0.415,0.287438545
1554779505031,57.631,121.3,0.00571,0.415,0.287438545
1554779505077,57.677,121.3,0.00571,0.415,0.287438545
1554779505138,57.738,121.4,0.0057,0.415,0.2871717
1554779505184,57.784,121.4,0.0057,0.415,0.2871717
1554779505230,57.83,121.4,0.0057,0.415,0.2871717
1554779505276,57.876,121.4,0.0057,0.415,0.2871717
1554779505339,57.939,121.4,0.00565,0.416,0.28533856
1554779505385,57.985,121.4,0.00565,0.416,0.28533856
1554779505431,58.031,121.4,0.00565,0.416,0.28533856
1554779505477,58.077,121.4,0.00565,0.416,0.28533856
1554779505538,58.138,121.4,0.00559,0.419,0.284344294
1554779505584,58.184,121.4,0.00559,0.419,0.284344294
1554779505630,58.23,121.4,0.00559,0.419,0.284344294
1554779505676,58.276,121.4,0.00559,0.419,0.284344294
1554779505739,58.339,121.4,0.00557,0.419,0.283326962
1554779505785,58.385,121.4,0.00557,0.419,0.283326962
1554779505831,58.431,121.4,0.00557,0.419,0.283326962
1554779505877,58.477,121.4,0.00557,0.419,0.283326962
1554779505938,58.538,121.4,0.00565,0.418,0.28671038
1554779505984,58.584,121.4,0.00565,0.418,0.28671038
1554779506030,58.63,121.4,0.00565,0.418,0.28671038
1554779506076,58.676,121.4,0.00565,0.418,0.28671038
1554779506138,58.738,121.4,0.0056,0.42,0.2855328
1554779506184,58.784,121.4,0.0056,0.42,0.2855328
1554779506231,58.831,121.4,0.0056,0.42,0.2855328
1554779506277,58.877,121.4,0.0056,0.42,0.2855328
1554779506338,58.938,121.4,0.00564,0.418,0.286202928
1554779506384,58.984,121.4,0.00564,0.418,0.286202928
1554779506430,59.03,121.4,0.00564,0.418,0.286202928
1554779506476,59.076,121.4,0.00564,0.418,0.286202928
1554779506538,59.138,121.4,0.00566,0.417,0.286530708
1554779506584,59.184,121.4,0.00566,0.417,0.286530708
1554779506630,59.23,121.4,0.00566,0.417,0.286530708
1554779506677,59.277,121.4,0.00566,0.417,0.286530708
1554779506738,59.338,121.4,0.00563,0.418,0.285695476
1554779506784,59.384,121.4,0.00563,0.418,0.285695476
1554779506830,59.43,121.4,0.00563,0.418,0.285695476
1554779506876,59.476,121.4,0.00563,0.418,0.285695476
1554779506938,59.538,121.4,0.00565,0.417,0.28602447
1554779506985,59.585,121.4,0.00565,0.417,0.28602447
1554779507031,59.631,121.4,0.00565,0.417,0.28602447
1554779507077,59.677,121.4,0.00565,0.417,0.28602447
1554779507138,59.738,121.4,0.00564,0.422,0.288941712
1554779507184,59.784,121.4,0.00564,0.422,0.288941712
1554779507230,59.83,121.4,0.00564,0.422,0.288941712
1554779507276,59.876,121.4,0.00564,0.422,0.288941712
1554779507339,59.939,121.4,0.00561,0.423,0.288085842
1554779507385,59.985,121.4,0.00561,0.423,0.288085842
1554779507431,60.031,121.4,0.00561,0.423,0.288085842
1554779507477,60.077,121.4,0.00561,0.423,0.288085842
1554779507538,60.138,121.4,0.00569,0.42,0.29012172
1554779507584,60.184,121.4,0.00569,0.42,0.29012172
1554779507630,60.23,121.4,0.00569,0.42,0.29012172
1554779507676,60.276,121.4,0.00569,0.42,0.29012172
1554779507738,60.338,121.4,0.00573,0.414,0.287987508
1554779507785,60.385,121.4,0.00573,0.414,0.287987508
1554779507831,60.431,121.4,0.00573,0.414,0.287987508
1554779507877,60.477,121.4,0.00573,0.414,0.287987508
1554779507938,60.538,121.4,0.00572,0.417,0.289568136
1554779507984,60.584,121.4,0.00572,0.417,0.289568136
1554779508030,60.63,121.4,0.00572,0.417,0.289568136
1554779508077,60.677,121.4,0.00572,0.417,0.289568136
1554779508138,60.738,121.3,0.00571,0.421,0.291594283
1554779508183,60.783,121.3,0.00571,0.421,0.291594283
1554779508230,60.83,121.3,0.00571,0.421,0.291594283
1554779508276,60.876,121.3,0.00571,0.421,0.291594283
1554779508338,60.938,121.4,0.00568,0.416,0.286853632
1554779508384,60.984,121.4,0.00568,0.416,0.286853632
1554779508430,61.03,121.4,0.00568,0.416,0.286853632
1554779508476,61.076,121.4,0.00568,0.416,0.286853632
1554779508538,61.138,121.3,0.00569,0.418,0.288502346
1554779508583,61.183,121.3,0.00569,0.418,0.288502346
1554779508630,61.23,121.3,0.00569,0.418,0.288502346
1554779508676,61.276,121.3,0.00569,0.418,0.288502346
1554779508738,61.338,121.3,0.00567,0.419,0.288176049
1554779508784,61.384,121.3,0.00567,0.419,0.288176049
1554779508830,61.43,121.3,0.00567,0.419,0.288176049
1554779508876,61.476,121.3,0.00567,0.419,0.288176049
1554779508938,61.538,121.3,0.00567,0.416,0.286112736
1554779508985,61.585,121.3,0.00567,0.416,0.286112736
1554779509031,61.631,121.3,0.00567,0.416,0.286112736
1554779509077,61.677,121.3,0.00567,0.416,0.286112736
1554779509138,61.738,121.3,0.00568,0.419,0.288684296
1554779509184,61.784,121.3,0.00568,0.419,0.288684296
1554779509230,61.83,121.3,0.00568,0.419,0.288684296
1554779509276,61.876,121.3,0.00568,0.419,0.288684296
1554779509338,61.938,121.3,0.00564,0.418,0.285967176
1554779509384,61.984,121.3,0.00564,0.418,0.285967176
1554779509430,62.03,121.3,0.00564,0.418,0.285967176
1554779509476,62.076,121.3,0.00564,0.418,0.285967176
1554779509538,62.138,121.3,0.00566,0.418,0.286981244
1554779509584,62.184,121.3,0.00566,0.418,0.286981244
1554779509630,62.23,121.3,0.00566,0.418,0.286981244
1554779509677,62.277,121.3,0.00566,0.418,0.286981244
1554779509738,62.338,121.3,0.00566,0.415,0.28492157
1554779509784,62.384,121.3,0.00566,0.415,0.28492157
1554779509830,62.43,121.3,0.00566,0.415,0.28492157
1554779509876,62.476,121.3,0.00566,0.415,0.28492157
1554779509938,62.538,121.3,0.00564,0.417,0.285283044
1554779509985,62.585,121.3,0.00564,0.417,0.285283044
1554779510031,62.631,121.3,0.00564,0.417,0.285283044
1554779510077,62.677,121.3,0.00564,0.417,0.285283044
1554779510138,62.738,121.4,0.00563,0.416,0.284328512
1554779510184,62.784,121.4,0.00563,0.416,0.284328512
1554779510231,62.831,121.4,0.00563,0.416,0.284328512
1554779510277,62.877,121.4,0.00563,0.416,0.284328512
1554779510338,62.938,121.4,0.00567,0.415,0.28566027
1554779510384,62.984,121.4,0.00567,0.415,0.28566027
1554779510430,63.03,121.4,0.00567,0.415,0.28566027
1554779510476,63.076,121.4,0.00567,0.415,0.28566027
1554779510537,63.137,121.4,0.00565,0.416,0.28533856
1554779510583,63.183,121.4,0.00565,0.416,0.28533856
1554779510629,63.229,121.4,0.00565,0.416,0.28533856
1554779510676,63.276,121.4,0.00565,0.416,0.28533856
1554779510738,63.338,121.4,0.0056,0.418,0.28417312
1554779510784,63.384,121.4,0.0056,0.418,0.28417312
1554779510830,63.43,121.4,0.0056,0.418,0.28417312
1554779510876,63.476,121.4,0.0056,0.418,0.28417312
1554779510937,63.537,121.4,0.00565,0.419,0.28739629
1554779510983,63.583,121.4,0.00565,0.419,0.28739629
1554779511029,63.629,121.4,0.00565,0.419,0.28739629
1554779511076,63.676,121.4,0.00565,0.419,0.28739629
1554779511138,63.738,121.4,0.00565,0.419,0.28739629
1554779511184,63.784,121.4,0.00565,0.419,0.28739629
1554779511230,63.83,121.4,0.00565,0.419,0.28739629
1554779511276,63.876,121.4,0.00565,0.419,0.28739629
1554779511337,63.937,121.4,0.00569,0.417,0.288049422
1554779511383,63.983,121.4,0.00569,0.417,0.288049422
1554779511429,64.029,121.4,0.00569,0.417,0.288049422
1554779511475,64.075,121.4,0.00569,0.417,0.288049422
1554779511537,64.137,121.4,0.00568,0.418,0.288232736
1554779511583,64.183,121.4,0.00568,0.418,0.288232736
1554779511629,64.229,121.4,0.00568,0.418,0.288232736
1554779511675,64.276,121.4,0.00568,0.418,0.288232736
1554779511738,64.338,121.4,0.00571,0.419,0.290448286
1554779511784,64.384,121.4,0.00571,0.419,0.290448286
1554779511830,64.43,121.4,0.00571,0.419,0.290448286
1554779511876,64.476,121.4,0.00571,0.419,0.290448286
1554779511937,64.537,121.3,0.00568,0.42,0.28937328
1554779511983,64.583,121.3,0.00568,0.42,0.28937328
1554779512029,64.629,121.3,0.00568,0.42,0.28937328
1554779512075,64.675,121.3,0.00568,0.42,0.28937328
1554779512137,64.738,121.3,0.00568,0.419,0.288684296
1554779512184,64.784,121.3,0.00568,0.419,0.288684296
1554779512230,64.83,121.3,0.00568,0.419,0.288684296
1554779512276,64.876,121.3,0.00568,0.419,0.288684296
1554779512337,64.937,121.4,0.0057,0.42,0.2906316
1554779512383,64.983,121.4,0.0057,0.42,0.2906316
1554779512429,65.029,121.4,0.0057,0.42,0.2906316
1554779512475,65.075,121.4,0.0057,0.42,0.2906316
1554779512537,65.138,121.4,0.00566,0.42,0.28859208
1554779512584,65.184,121.4,0.00566,0.42,0.28859208
1554779512630,65.23,121.4,0.00566,0.42,0.28859208
1554779512676,65.276,121.4,0.00566,0.42,0.28859208
1554779512737,65.337,121.4,0.00566,0.419,0.287904956
1554779512783,65.383,121.4,0.00566,0.419,0.287904956
1554779512829,65.429,121.4,0.00566,0.419,0.287904956
1554779512875,65.475,121.4,0.00566,0.419,0.287904956
1554779512937,65.537,121.3,0.00564,0.42,0.28733544
1554779512984,65.584,121.3,0.00564,0.42,0.28733544
1554779513030,65.63,121.3,0.00564,0.42,0.28733544
1554779513076,65.676,121.3,0.00564,0.42,0.28733544
1554779513137,65.737,121.4,0.00561,0.422,0.287404788
1554779513183,65.783,121.4,0.00561,0.422,0.287404788
1554779513229,65.829,121.4,0.00561,0.422,0.287404788
1554779513275,65.875,121.4,0.00561,0.422,0.287404788
1554779513337,65.937,121.4,0.00555,0.423,0.28500471
1554779513384,65.984,121.4,0.00555,0.423,0.28500471
1554779513429,66.029,121.4,0.00555,0.423,0.28500471
1554779513476,66.076,121.4,0.00555,0.423,0.28500471
1554779513537,66.137,121.4,0.00557,0.422,0.285355556
1554779513583,66.183,121.4,0.00557,0.422,0.285355556
1554779513629,66.229,121.4,0.00557,0.422,0.285355556
1554779513675,66.275,121.4,0.00557,0.422,0.285355556
1554779513737,66.337,121.4,0.00558,0.421,0.285190452
1554779513784,66.384,121.4,0.00558,0.421,0.285190452
1554779513830,66.43,121.4,0.00558,0.421,0.285190452
1554779513876,66.476,121.4,0.00558,0.421,0.285190452
1554779513937,66.537,121.3,0.00558,0.421,0.284955534
1554779513983,66.583,121.3,0.00558,0.421,0.284955534
1554779514029,66.629,121.3,0.00558,0.421,0.284955534
1554779514075,66.675,121.3,0.00558,0.421,0.284955534
1554779514138,66.738,121.3,0.00562,0.42,0.28631652
1554779514184,66.784,121.3,0.00562,0.42,0.28631652
1554779514230,66.83,121.3,0.00562,0.42,0.28631652
1554779514276,66.876,121.3,0.00562,0.42,0.28631652
1554779514337,66.937,121.4,0.00561,0.418,0.284680572
1554779514383,66.983,121.4,0.00561,0.418,0.284680572
1554779514429,67.029,121.4,0.00561,0.418,0.284680572
1554779514475,67.075,121.4,0.00561,0.418,0.284680572
1554779514538,67.138,121.4,0.00562,0.419,0.285870292
1554779514584,67.184,121.4,0.00562,0.419,0.285870292
1554779514630,67.23,121.4,0.00562,0.419,0.285870292
1554779514676,67.276,121.4,0.00562,0.419,0.285870292
1554779514737,67.337,121.4,0.00561,0.418,0.284680572
1554779514783,67.383,121.4,0.00561,0.418,0.284680572
1554779514829,67.429,121.4,0.00561,0.418,0.284680572
1554779514875,67.475,121.4,0.00561,0.418,0.284680572
1554779514937,67.537,121.4,0.00564,0.422,0.288941712
1554779514984,67.584,121.4,0.00564,0.422,0.288941712
1554779515030,67.63,121.4,0.00564,0.422,0.288941712
1554779515076,67.676,121.4,0.00564,0.422,0.288941712
1554779515137,67.737,121.4,0.00567,0.42,0.28910196
1554779515183,67.783,121.4,0.00567,0.42,0.28910196
1554779515229,67.829,121.4,0.00567,0.42,0.28910196
1554779515275,67.875,121.4,0.00567,0.42,0.28910196
1554779515337,67.937,121.4,0.00567,0.42,0.28910196
1554779515383,67.983,121.4,0.00567,0.42,0.28910196
1554779515429,68.029,121.4,0.00567,0.42,0.28910196
1554779515476,68.076,121.4,0.00567,0.42,0.28910196
1554779515537,68.137,121.4,0.00563,0.423,0.289112886
1554779515582,68.182,121.4,0.00563,0.423,0.289112886
1554779515629,68.229,121.4,0.00563,0.423,0.289112886
1554779515675,68.275,121.4,0.00563,0.423,0.289112886
1554779515737,68.337,121.4,0.00562,0.424,0.289281632
1554779515783,68.383,121.4,0.00562,0.424,0.289281632
1554779515830,68.43,121.4,0.00562,0.424,0.289281632
1554779515876,68.476,121.4,0.00562,0.424,0.289281632
1554779515937,68.537,121.4,0.00564,0.422,0.288941712
1554779515982,68.582,121.4,0.00564,0.422,0.288941712
1554779516029,68.629,121.4,0.00564,0.422,0.288941712
1554779516075,68.675,121.4,0.00564,0.422,0.288941712
1554779516137,68.737,121.4,0.00567,0.422,0.290478636
1554779516183,68.783,121.4,0.00567,0.422,0.290478636
1554779516229,68.829,121.4,0.00567,0.422,0.290478636
1554779516275,68.875,121.4,0.00567,0.422,0.290478636
1554779516337,68.937,121.4,0.00566,0.423,0.290653452
1554779516383,68.983,121.4,0.00566,0.423,0.290653452
1554779516430,69.03,121.4,0.00566,0.423,0.290653452
1554779516476,69.076,121.4,0.00566,0.423,0.290653452
1554779516537,69.137,121.4,0.00566,0.42,0.28859208
1554779516583,69.183,121.4,0.00566,0.42,0.28859208
1554779516629,69.229,121.4,0.00566,0.42,0.28859208
1554779516675,69.275,121.4,0.00566,0.42,0.28859208
1554779516737,69.337,121.4,0.00561,0.421,0.286723734
1554779516782,69.382,121.4,0.00561,0.421,0.286723734
1554779516828,69.429,121.4,0.00561,0.421,0.286723734
1554779516875,69.475,121.4,0.00561,0.421,0.286723734
1554779516937,69.537,121.4,0.0056,0.42,0.2855328
1554779516983,69.583,121.4,0.0056,0.42,0.2855328
1554779517029,69.629,121.4,0.0056,0.42,0.2855328
1554779517076,69.676,121.4,0.0056,0.42,0.2855328
1554779517137,69.737,121.4,0.00564,0.419,0.286887624
1554779517182,69.782,121.4,0.00564,0.419,0.286887624
1554779517229,69.829,121.4,0.00564,0.419,0.286887624
1554779517275,69.875,121.4,0.00564,0.419,0.286887624
1554779517337,69.937,121.4,0.00562,0.422,0.287917096
1554779517383,69.983,121.4,0.00562,0.422,0.287917096
1554779517430,70.03,121.4,0.00562,0.422,0.287917096
1554779517476,70.076,121.4,0.00562,0.422,0.287917096
1554779517537,70.137,121.4,0.00561,0.421,0.286723734
1554779517583,70.183,121.4,0.00561,0.421,0.286723734
1554779517629,70.229,121.4,0.00561,0.421,0.286723734
1554779517675,70.275,121.4,0.00561,0.421,0.286723734
1554779517736,70.336,121.3,0.00562,0.419,0.285634814
1554779517782,70.382,121.3,0.00562,0.419,0.285634814
1554779517828,70.428,121.3,0.00562,0.419,0.285634814
1554779517874,70.474,121.3,0.00562,0.419,0.285634814
1554779517937,70.537,121.3,0.00556,0.419,0.282585332
1554779517983,70.583,121.3,0.00556,0.419,0.282585332
1554779518029,70.629,121.3,0.00556,0.419,0.282585332
1554779518075,70.675,121.3,0.00556,0.419,0.282585332
1554779518136,70.736,121.3,0.00555,0.424,0.28544316
1554779518182,70.782,121.3,0.00555,0.424,0.28544316
1554779518229,70.829,121.3,0.00555,0.424,0.28544316
1554779518275,70.875,121.3,0.00555,0.424,0.28544316
1554779518337,70.937,121.3,0.00562,0.424,0.289043344
1554779518383,70.983,121.3,0.00562,0.424,0.289043344
1554779518429,71.03,121.3,0.00562,0.424,0.289043344
1554779518476,71.076,121.3,0.00562,0.424,0.289043344
1554779518536,71.137,121.4,0.00561,0.42,0.28604268
1554779518583,71.183,121.4,0.00561,0.42,0.28604268
1554779518629,71.229,121.4,0.00561,0.42,0.28604268
1554779518675,71.275,121.4,0.00561,0.42,0.28604268
1554779518737,71.337,121.4,0.00558,0.422,0.285867864
1554779518783,71.383,121.4,0.00558,0.422,0.285867864
1554779518829,71.429,121.4,0.00558,0.422,0.285867864
1554779518875,71.475,121.4,0.00558,0.422,0.285867864
1554779518936,71.536,121.4,0.00562,0.419,0.285870292
1554779518982,71.582,121.4,0.00562,0.419,0.285870292
1554779519028,71.628,121.4,0.00562,0.419,0.285870292
1554779519074,71.674,121.4,0.00562,0.419,0.285870292
1554779519137,71.737,121.4,0.00564,0.423,0.289626408
1554779519183,71.783,121.4,0.00564,0.423,0.289626408
1554779519229,71.829,121.4,0.00564,0.423,0.289626408
1554779519275,71.875,121.4,0.00564,0.423,0.289626408
1554779519336,71.936,121.4,0.00561,0.422,0.287404788
1554779519382,71.982,121.4,0.00561,0.422,0.287404788
1554779519429,72.029,121.4,0.00561,0.422,0.287404788
1554779519475,72.075,121.4,0.00561,0.422,0.287404788
1554779519536,72.136,121.4,0.00566,0.42,0.28859208
1554779519582,72.182,121.4,0.00566,0.42,0.28859208
1554779519628,72.228,121.4,0.00566,0.42,0.28859208
1554779519675,72.275,121.4,0.00566,0.42,0.28859208
1554779519737,72.337,121.4,0.00565,0.421,0.28876811
1554779519783,72.383,121.4,0.00565,0.421,0.28876811
1554779519829,72.429,121.4,0.00565,0.421,0.28876811
1554779519875,72.475,121.4,0.00565,0.421,0.28876811
1554779519936,72.536,121.4,0.00568,0.42,0.28961184
1554779519982,72.582,121.4,0.00568,0.42,0.28961184
1554779520028,72.628,121.4,0.00568,0.42,0.28961184
1554779520077,72.677,121.4,0.00568,0.42,0.28961184
1554779520136,72.736,121.4,0.00568,0.418,0.288232736
1554779520182,72.782,121.4,0.00568,0.418,0.288232736
1554779520229,72.829,121.4,0.00568,0.418,0.288232736
1554779520275,72.875,121.4,0.00568,0.418,0.288232736
1554779520336,72.936,121.4,0.00566,0.421,0.289279204
1554779520382,72.982,121.4,0.00566,0.421,0.289279204
1554779520428,73.028,121.4,0.00566,0.421,0.289279204
1554779520475,73.075,121.4,0.00566,0.421,0.289279204
1554779520537,73.137,121.4,0.00564,0.421,0.288257016
1554779520583,73.183,121.4,0.00564,0.421,0.288257016
1554779520629,73.229,121.4,0.00564,0.421,0.288257016
1554779520675,73.275,121.4,0.00564,0.421,0.288257016
1554779520736,73.336,121.4,0.00561,0.421,0.286723734
1554779520782,73.382,121.4,0.00561,0.421,0.286723734
1554779520829,73.429,121.4,0.00561,0.421,0.286723734
1554779520875,73.475,121.4,0.00561,0.421,0.286723734
1554779520936,73.536,121.4,0.00561,0.423,0.288085842
1554779520982,73.582,121.4,0.00561,0.423,0.288085842
1554779521028,73.628,121.4,0.00561,0.423,0.288085842
1554779521074,73.674,121.4,0.00561,0.423,0.288085842
1554779521136,73.736,121.4,0.00559,0.422,0.286380172
1554779521182,73.782,121.4,0.00559,0.422,0.286380172
1554779521228,73.828,121.4,0.00559,0.422,0.286380172
1554779521273,73.873,121.4,0.00559,0.422,0.286380172
1554779521337,73.937,121.3,0.0056,0.421,0.28597688
1554779521383,73.983,121.3,0.0056,0.421,0.28597688
1554779521428,74.028,121.3,0.0056,0.421,0.28597688
1554779521473,74.073,121.3,0.0056,0.421,0.28597688
1554779521536,74.136,121.3,0.00562,0.418,0.284953108
1554779521582,74.182,121.3,0.00562,0.418,0.284953108
1554779521628,74.228,121.3,0.00562,0.418,0.284953108
1554779521674,74.274,121.3,0.00562,0.418,0.284953108
1554779521736,74.336,121.3,0.00556,0.421,0.283934188
1554779521782,74.382,121.3,0.00556,0.421,0.283934188
1554779521828,74.428,121.3,0.00556,0.421,0.283934188
1554779521874,74.474,121.3,0.00556,0.421,0.283934188
1554779521936,74.536,121.3,0.00559,0.419,0.284110073
1554779521983,74.583,121.3,0.00559,0.419,0.284110073
1554779522029,74.629,121.3,0.00559,0.419,0.284110073
1554779522075,74.675,121.3,0.00559,0.419,0.284110073
1554779522137,74.737,121.3,0.00563,0.417,0.284777223
1554779522183,74.783,121.3,0.00563,0.417,0.284777223
1554779522229,74.829,121.3,0.00563,0.417,0.284777223
1554779522275,74.875,121.3,0.00563,0.417,0.284777223
1554779522336,74.936,121.3,0.00565,0.416,0.28510352
1554779522382,74.983,121.3,0.00565,0.416,0.28510352
1554779522429,75.029,121.3,0.00565,0.416,0.28510352
1554779522475,75.075,121.3,0.00565,0.416,0.28510352
1554779522536,75.136,121.3,0.00622,0.424,0.319902064
1554779522582,75.182,121.3,0.00622,0.424,0.319902064
1554779522628,75.228,121.3,0.00622,0.424,0.319902064
1554779522674,75.274,121.3,0.00622,0.424,0.319902064
1554779522737,75.337,121.4,0.00624,0.426,0.322710336
1554779522783,75.383,121.4,0.00624,0.426,0.322710336
1554779522829,75.429,121.4,0.00624,0.426,0.322710336
1554779522875,75.475,121.4,0.00624,0.426,0.322710336
1554779522936,75.536,121.4,0.00618,0.426,0.319607352
1554779522982,75.582,121.4,0.00618,0.426,0.319607352
1554779523028,75.629,121.4,0.00618,0.426,0.319607352
1554779523079,75.679,121.4,0.00618,0.426,0.319607352
1554779523137,75.737,121.4,0.0063,0.426,0.32581332
1554779523183,75.783,121.4,0.0063,0.426,0.32581332
1554779523229,75.829,121.4,0.0063,0.426,0.32581332
1554779523275,75.875,121.4,0.0063,0.426,0.32581332
1554779523336,75.936,121.4,0.00624,0.425,0.3219528
1554779523382,75.982,121.4,0.00624,0.425,0.3219528
1554779523428,76.028,121.4,0.00624,0.425,0.3219528
1554779523474,76.074,121.4,0.00624,0.425,0.3219528
1554779523536,76.136,121.4,0.00628,0.427,0.325541384
1554779523583,76.183,121.4,0.00628,0.427,0.325541384
1554779523629,76.229,121.4,0.00628,0.427,0.325541384
1554779523675,76.275,121.4,0.00628,0.427,0.325541384
1554779523736,76.336,121.4,0.00623,0.427,0.322949494
1554779523782,76.382,121.4,0.00623,0.427,0.322949494
1554779523828,76.428,121.4,0.00623,0.427,0.322949494
1554779523874,76.474,121.4,0.00623,0.427,0.322949494
1554779523936,76.536,121.4,0.00627,0.427,0.325023006
1554779523983,76.583,121.4,0.00627,0.427,0.325023006
1554779524029,76.629,121.4,0.00627,0.427,0.325023006
1554779524075,76.675,121.4,0.00627,0.427,0.325023006
1554779524136,76.736,121.4,0.00631,0.428,0.327862552
1554779524182,76.782,121.4,0.00631,0.428,0.327862552
1554779524228,76.828,121.4,0.00631,0.428,0.327862552
1554779524274,76.874,121.4,0.00631,0.428,0.327862552
1554779524336,76.936,121.4,0.00622,0.428,0.323186224
1554779524383,76.983,121.4,0.00622,0.428,0.323186224
1554779524429,77.029,121.4,0.00622,0.428,0.323186224
1554779524475,77.075,121.4,0.00622,0.428,0.323186224
1554779524536,77.136,121.4,0.00633,0.425,0.32659635
1554779524582,77.182,121.4,0.00633,0.425,0.32659635
1554779524629,77.229,121.4,0.00633,0.425,0.32659635
1554779524675,77.275,121.4,0.00633,0.425,0.32659635
1554779524736,77.336,121.4,0.00621,0.426,0.321158844
1554779524782,77.382,121.4,0.00621,0.426,0.321158844
1554779524828,77.428,121.4,0.00621,0.426,0.321158844
1554779524874,77.474,121.4,0.00621,0.426,0.321158844
1554779524936,77.536,121.3,0.00614,0.427,0.318021914
1554779524982,77.582,121.3,0.00614,0.427,0.318021914
1554779525029,77.629,121.3,0.00614,0.427,0.318021914
1554779525075,77.675,121.3,0.00614,0.427,0.318021914
1554779525136,77.736,121.3,0.00622,0.428,0.322920008
1554779525182,77.782,121.3,0.00622,0.428,0.322920008
1554779525228,77.828,121.3,0.00622,0.428,0.322920008
1554779525274,77.874,121.3,0.00622,0.428,0.322920008
1554779525335,77.935,121.3,0.00618,0.427,0.320093718
1554779525381,77.981,121.3,0.00618,0.427,0.320093718
1554779525427,78.027,121.3,0.00618,0.427,0.320093718
1554779525474,78.074,121.3,0.00618,0.427,0.320093718
1554779525536,78.136,121.3,0.0062,0.428,0.32188168
1554779525582,78.182,121.3,0.0062,0.428,0.32188168
1554779525628,78.228,121.3,0.0062,0.428,0.32188168
1554779525674,78.274,121.3,0.0062,0.428,0.32188168
1554779525735,78.335,121.3,0.00613,0.427,0.317503963
1554779525781,78.381,121.3,0.00613,0.427,0.317503963
1554779525827,78.427,121.3,0.00613,0.427,0.317503963
1554779525874,78.474,121.3,0.00613,0.427,0.317503963
1554779525936,78.536,121.3,0.00619,0.426,0.319860822
1554779525982,78.582,121.3,0.00619,0.426,0.319860822
1554779526028,78.628,121.3,0.00619,0.426,0.319860822
1554779526075,78.675,121.3,0.00619,0.426,0.319860822
1554779526136,78.736,121.3,0.00617,0.427,0.319575767
1554779526182,78.782,121.3,0.00617,0.427,0.319575767
1554779526228,78.828,121.3,0.00617,0.427,0.319575767
1554779526274,78.874,121.3,0.00617,0.427,0.319575767
1554779526335,78.935,121.4,0.0062,0.428,0.32214704
1554779526381,78.981,121.4,0.0062,0.428,0.32214704
1554779526427,79.027,121.4,0.0062,0.428,0.32214704
1554779526473,79.073,121.4,0.0062,0.428,0.32214704
1554779526536,79.136,121.4,0.00618,0.427,0.320357604
1554779526582,79.182,121.4,0.00618,0.427,0.320357604
1554779526628,79.228,121.4,0.00618,0.427,0.320357604
1554779526674,79.274,121.4,0.00618,0.427,0.320357604
1554779526736,79.336,121.4,0.00624,0.425,0.3219528
1554779526782,79.382,121.4,0.00624,0.425,0.3219528
1554779526828,79.428,121.4,0.00624,0.425,0.3219528
1554779526874,79.474,121.4,0.00624,0.425,0.3219528
1554779526936,79.536,121.3,0.00631,0.422,0.323000066
1554779526982,79.582,121.3,0.00631,0.422,0.323000066
1554779527028,79.628,121.3,0.00631,0.422,0.323000066
1554779527074,79.674,121.3,0.00631,0.422,0.323000066
1554779527135,79.735,121.4,0.0062,0.425,0.319889
1554779527181,79.781,121.4,0.0062,0.425,0.319889
1554779527227,79.827,121.4,0.0062,0.425,0.319889
1554779527273,79.873,121.4,0.0062,0.425,0.319889
1554779527336,79.936,121.4,0.00626,0.429,0.326024556
1554779527382,79.982,121.4,0.00626,0.429,0.326024556
1554779527428,80.028,121.4,0.00626,0.429,0.326024556
1554779527474,80.074,121.4,0.00626,0.429,0.326024556
1554779527536,80.136,121.4,0.00624,0.427,0.323467872
1554779527582,80.182,121.4,0.00624,0.427,0.323467872
1554779527628,80.228,121.4,0.00624,0.427,0.323467872
1554779527674,80.274,121.4,0.00624,0.427,0.323467872
1554779527735,80.335,121.4,0.00623,0.427,0.322949494
1554779527781,80.382,121.4,0.00623,0.427,0.322949494
1554779527828,80.428,121.4,0.00623,0.427,0.322949494
1554779527874,80.474,121.4,0.00623,0.427,0.322949494
1554779527936,80.536,121.4,0.00626,0.429,0.326024556
1554779527982,80.582,121.4,0.00626,0.429,0.326024556
1554779528028,80.628,121.4,0.00626,0.429,0.326024556
1554779528075,80.675,121.4,0.00626,0.429,0.326024556
1554779528136,80.736,121.4,0.00628,0.427,0.325541384
1554779528182,80.782,121.4,0.00628,0.427,0.325541384
1554779528228,80.828,121.4,0.00628,0.427,0.325541384
1554779528274,80.874,121.4,0.00628,0.427,0.325541384
1554779528335,80.935,121.4,0.00628,0.425,0.3240166
1554779528381,80.981,121.4,0.00628,0.425,0.3240166
1554779528427,81.028,121.4,0.00628,0.425,0.3240166
1554779528474,81.074,121.4,0.00628,0.425,0.3240166
1554779528536,81.136,121.4,0.0063,0.428,0.32734296
1554779528582,81.182,121.4,0.0063,0.428,0.32734296
1554779528628,81.228,121.4,0.0063,0.428,0.32734296
1554779528674,81.274,121.4,0.0063,0.428,0.32734296
1554779528735,81.335,121.4,0.00625,0.425,0.32246875
1554779528781,81.381,121.4,0.00625,0.425,0.32246875
1554779528827,81.428,121.4,0.00625,0.425,0.32246875
1554779528874,81.474,121.4,0.00625,0.425,0.32246875
1554779528936,81.536,121.4,0.00626,0.425,0.3229847
1554779528982,81.582,121.4,0.00626,0.425,0.3229847
1554779529028,81.628,121.4,0.00626,0.425,0.3229847
1554779529074,81.674,121.4,0.00626,0.425,0.3229847
1554779529135,81.736,121.4,0.00632,0.422,0.323778656
1554779529182,81.782,121.4,0.00632,0.422,0.323778656
1554779529228,81.828,121.4,0.00632,0.422,0.323778656
1554779529274,81.874,121.4,0.00632,0.422,0.323778656
1554779529335,81.935,121.4,0.00625,0.423,0.32095125
1554779529381,81.981,121.4,0.00625,0.423,0.32095125
1554779529427,82.027,121.4,0.00625,0.423,0.32095125
1554779529473,82.073,121.4,0.00625,0.423,0.32095125
1554779529536,82.136,121.4,0.00622,0.426,0.321676008
1554779529582,82.182,121.4,0.00622,0.426,0.321676008
1554779529628,82.228,121.4,0.00622,0.426,0.321676008
1554779529674,82.274,121.4,0.00622,0.426,0.321676008
1554779529735,82.335,121.4,0.00615,0.427,0.31880247
1554779529781,82.381,121.4,0.00615,0.427,0.31880247
1554779529827,82.427,121.4,0.00615,0.427,0.31880247
1554779529874,82.474,121.4,0.00615,0.427,0.31880247
1554779529935,82.535,121.4,0.00608,0.426,0.314435712
1554779529981,82.581,121.4,0.00608,0.426,0.314435712
1554779530027,82.627,121.4,0.00608,0.426,0.314435712
1554779530073,82.673,121.4,0.00608,0.426,0.314435712
1554779530135,82.735,121.4,0.00619,0.428,0.321627448
1554779530181,82.781,121.4,0.00619,0.428,0.321627448
1554779530228,82.828,121.4,0.00619,0.428,0.321627448
1554779530274,82.874,121.4,0.00619,0.428,0.321627448
1554779530335,82.935,121.4,0.00614,0.429,0.319774884
1554779530380,82.98,121.4,0.00614,0.429,0.319774884
1554779530427,83.027,121.4,0.00614,0.429,0.319774884
1554779530473,83.073,121.4,0.00614,0.429,0.319774884
1554779530535,83.135,121.4,0.00621,0.428,0.322666632
1554779530584,83.184,121.4,0.00621,0.428,0.322666632
1554779530630,83.23,121.4,0.00621,0.428,0.322666632
1554779530676,83.276,121.4,0.00621,0.428,0.322666632
1554779530735,83.335,121.4,0.00617,0.427,0.319839226
1554779530781,83.381,121.4,0.00617,0.427,0.319839226
1554779530827,83.427,121.4,0.00617,0.427,0.319839226
1554779530873,83.473,121.4,0.00617,0.427,0.319839226
1554779530935,83.535,121.3,0.00614,0.428,0.318766696
1554779530981,83.581,121.3,0.00614,0.428,0.318766696
1554779531028,83.628,121.3,0.00614,0.428,0.318766696
1554779531074,83.674,121.3,0.00614,0.428,0.318766696
1554779531135,83.735,121.3,0.00626,0.43,0.32651534
1554779531181,83.781,121.3,0.00626,0.43,0.32651534
1554779531227,83.827,121.3,0.00626,0.43,0.32651534
1554779531273,83.873,121.3,0.00626,0.43,0.32651534
1554779531336,83.936,121.3,0.00625,0.426,0.32296125
1554779531382,83.982,121.3,0.00625,0.426,0.32296125
1554779531428,84.028,121.3,0.00625,0.426,0.32296125
1554779531474,84.074,121.3,0.00625,0.426,0.32296125
1554779531535,84.135,121.4,0.0063,0.425,0.3250485
1554779531581,84.181,121.4,0.0063,0.425,0.3250485
1554779531627,84.227,121.4,0.0063,0.425,0.3250485
1554779531673,84.273,121.4,0.0063,0.425,0.3250485
1554779531735,84.335,121.4,0.00624,0.428,0.324225408
1554779531782,84.382,121.4,0.00624,0.428,0.324225408
1554779531828,84.428,121.4,0.00624,0.428,0.324225408
1554779531874,84.474,121.4,0.00624,0.428,0.324225408
1554779531935,84.535,121.4,0.00623,0.429,0.324462138
1554779531981,84.581,121.4,0.00623,0.429,0.324462138
1554779532027,84.627,121.4,0.00623,0.429,0.324462138
1554779532073,84.673,121.4,0.00623,0.429,0.324462138
1554779532134,84.734,121.4,0.00624,0.427,0.323467872
1554779532180,84.78,121.4,0.00624,0.427,0.323467872
1554779532226,84.826,121.4,0.00624,0.427,0.323467872
1554779532273,84.873,121.4,0.00624,0.427,0.323467872
1554779532335,84.935,121.4,0.00625,0.428,0.324745
1554779532381,84.981,121.4,0.00625,0.428,0.324745
1554779532427,85.027,121.4,0.00625,0.428,0.324745
1554779532473,85.073,121.4,0.00625,0.428,0.324745
1554779532535,85.135,121.4,0.00628,0.429,0.327066168
1554779532581,85.181,121.4,0.00628,0.429,0.327066168
1554779532627,85.227,121.4,0.00628,0.429,0.327066168
1554779532673,85.273,121.4,0.00628,0.429,0.327066168
1554779532734,85.334,121.4,0.00621,0.426,0.321158844
1554779532780,85.38,121.4,0.00621,0.426,0.321158844
1554779532826,85.426,121.4,0.00621,0.426,0.321158844
1554779532873,85.473,121.4,0.00621,0.426,0.321158844
1554779532935,85.535,121.4,0.0062,0.426,0.32064168
1554779532981,85.581,121.4,0.0062,0.426,0.32064168
1554779533027,85.627,121.4,0.0062,0.426,0.32064168
1554779533074,85.674,121.4,0.0062,0.426,0.32064168
1554779533135,85.735,121.4,0.00631,0.423,0.324032382
1554779533181,85.781,121.4,0.00631,0.423,0.324032382
1554779533227,85.827,121.4,0.00631,0.423,0.324032382
1554779533273,85.873,121.4,0.00631,0.423,0.324032382
1554779533335,85.935,121.4,0.00624,0.424,0.321195264
1554779533381,85.981,121.4,0.00624,0.424,0.321195264
1554779533427,86.027,121.4,0.00624,0.424,0.321195264
1554779533473,86.074,121.4,0.00624,0.424,0.321195264
1554779533534,86.135,121.4,0.00625,0.426,0.3232275
1554779533584,86.184,121.4,0.00625,0.426,0.3232275
1554779533630,86.23,121.4,0.00625,0.426,0.3232275
1554779533676,86.277,121.4,0.00625,0.426,0.3232275
1554779533735,86.335,121.4,0.00624,0.423,0.320437728
1554779533781,86.381,121.4,0.00624,0.423,0.320437728
1554779533827,86.427,121.4,0.00624,0.423,0.320437728
1554779533873,86.473,121.4,0.00624,0.423,0.320437728
1554779533934,86.534,121.4,0.00628,0.422,0.321729424
1554779533980,86.58,121.4,0.00628,0.422,0.321729424
1554779534026,86.626,121.4,0.00628,0.422,0.321729424
1554779534072,86.672,121.4,0.00628,0.422,0.321729424
1554779534134,86.735,121.3,0.0062,0.422,0.31736932
1554779534181,86.781,121.3,0.0062,0.422,0.31736932
1554779534227,86.827,121.3,0.0062,0.422,0.31736932
1554779534273,86.873,121.3,0.0062,0.422,0.31736932
1554779534335,86.935,121.3,0.00626,0.424,0.321959312
1554779534381,86.981,121.3,0.00626,0.424,0.321959312
You pressed Ctrl+C!
1554779534427,87.027,121.3,0.00626,0.424,0.321959312
