# Mon Apr 08 19:38:50 2019
abstime,time_stamp,volt,curr,pf,mul
1554777530572,0.08,121.3,0.00642,0.425,0.33096705
1554777530620,0.128,121.3,0.00579,0.419,0.294275013
1554777530666,0.174,121.3,0.00579,0.419,0.294275013
1554777530711,0.219,121.3,0.00579,0.419,0.294275013
1554777530757,0.265,121.3,0.00579,0.419,0.294275013
1554777530803,0.311,121.4,0.00572,0.418,0.290262544
1554777530849,0.357,121.4,0.00572,0.418,0.290262544
1554777530895,0.403,121.4,0.00572,0.418,0.290262544
1554777530941,0.449,121.4,0.00572,0.418,0.290262544
1554777530995,0.503,121.4,0.0057,0.418,0.28924764
1554777531041,0.549,121.4,0.0057,0.418,0.28924764
1554777531086,0.594,121.4,0.0057,0.418,0.28924764
1554777531132,0.64,121.4,0.0057,0.418,0.28924764
1554777531195,0.703,121.3,0.00569,0.417,0.287812149
1554777531241,0.749,121.3,0.00569,0.417,0.287812149
1554777531288,0.796,121.3,0.00569,0.417,0.287812149
1554777531334,0.842,121.3,0.00569,0.417,0.287812149
1554777531395,0.903,121.3,0.00564,0.42,0.28733544
1554777531441,0.949,121.3,0.00564,0.42,0.28733544
1554777531487,0.995,121.3,0.00564,0.42,0.28733544
1554777531533,1.041,121.3,0.00564,0.42,0.28733544
1554777531596,1.104,121.3,0.00564,0.42,0.28733544
1554777531642,1.15,121.3,0.00564,0.42,0.28733544
1554777531688,1.196,121.3,0.00564,0.42,0.28733544
1554777531734,1.242,121.3,0.00564,0.42,0.28733544
1554777531795,1.303,121.4,0.00565,0.42,0.2880822
1554777531841,1.349,121.4,0.00565,0.42,0.2880822
1554777531888,1.396,121.4,0.00565,0.42,0.2880822
1554777531934,1.442,121.4,0.00565,0.42,0.2880822
1554777531995,1.503,121.4,0.00564,0.419,0.286887624
1554777532041,1.549,121.4,0.00564,0.419,0.286887624
1554777532087,1.595,121.4,0.00564,0.419,0.286887624
1554777532133,1.641,121.4,0.00564,0.419,0.286887624
1554777532195,1.704,121.4,0.00558,0.418,0.283158216
1554777532242,1.75,121.4,0.00558,0.418,0.283158216
1554777532288,1.796,121.4,0.00558,0.418,0.283158216
1554777532334,1.842,121.4,0.00558,0.418,0.283158216
1554777532395,1.903,121.4,0.00566,0.419,0.287904956
1554777532441,1.949,121.4,0.00566,0.419,0.287904956
1554777532487,1.995,121.4,0.00566,0.419,0.287904956
1554777532533,2.042,121.4,0.00566,0.419,0.287904956
1554777532595,2.103,121.4,0.00564,0.421,0.288257016
1554777532640,2.148,121.4,0.00564,0.421,0.288257016
1554777532687,2.195,121.4,0.00564,0.421,0.288257016
1554777532733,2.241,121.4,0.00564,0.421,0.288257016
1554777532795,2.303,121.4,0.00565,0.421,0.28876811
1554777532841,2.349,121.4,0.00565,0.421,0.28876811
1554777532888,2.396,121.4,0.00565,0.421,0.28876811
1554777532934,2.442,121.4,0.00565,0.421,0.28876811
1554777532995,2.503,121.4,0.00561,0.42,0.28604268
1554777533041,2.549,121.4,0.00561,0.42,0.28604268
1554777533087,2.595,121.4,0.00561,0.42,0.28604268
1554777533133,2.641,121.4,0.00561,0.42,0.28604268
1554777533195,2.703,121.4,0.00562,0.421,0.287234828
1554777533241,2.749,121.4,0.00562,0.421,0.287234828
1554777533287,2.795,121.4,0.00562,0.421,0.287234828
1554777533333,2.842,121.4,0.00562,0.421,0.287234828
1554777533394,2.903,121.3,0.00568,0.418,0.287995312
1554777533441,2.949,121.3,0.00568,0.418,0.287995312
1554777533487,2.995,121.3,0.00568,0.418,0.287995312
1554777533533,3.041,121.3,0.00568,0.418,0.287995312
1554777533595,3.103,121.4,0.00569,0.419,0.289430954
1554777533641,3.149,121.4,0.00569,0.419,0.289430954
1554777533687,3.196,121.4,0.00569,0.419,0.289430954
1554777533734,3.242,121.4,0.00569,0.419,0.289430954
1554777533795,3.303,121.4,0.0057,0.42,0.2906316
1554777533841,3.349,121.4,0.0057,0.42,0.2906316
1554777533887,3.395,121.4,0.0057,0.42,0.2906316
1554777533933,3.441,121.4,0.0057,0.42,0.2906316
1554777533994,3.503,121.4,0.00569,0.418,0.288740188
1554777534041,3.549,121.4,0.00569,0.418,0.288740188
1554777534087,3.595,121.4,0.00569,0.418,0.288740188
1554777534133,3.641,121.4,0.00569,0.418,0.288740188
1554777534195,3.703,121.4,0.00571,0.417,0.289061898
1554777534241,3.749,121.4,0.00571,0.417,0.289061898
1554777534287,3.795,121.4,0.00571,0.417,0.289061898
1554777534334,3.842,121.4,0.00571,0.417,0.289061898
1554777534395,3.903,121.3,0.00571,0.419,0.290209037
1554777534441,3.949,121.3,0.00571,0.419,0.290209037
1554777534487,3.995,121.3,0.00571,0.419,0.290209037
1554777534533,4.041,121.3,0.00571,0.419,0.290209037
1554777534594,4.102,121.3,0.00572,0.417,0.289329612
1554777534640,4.148,121.3,0.00572,0.417,0.289329612
1554777534686,4.194,121.3,0.00572,0.417,0.289329612
1554777534732,4.24,121.3,0.00572,0.417,0.289329612
1554777534794,4.302,121.4,0.00575,0.417,0.29108685
1554777534840,4.348,121.4,0.00575,0.417,0.29108685
1554777534887,4.395,121.4,0.00575,0.417,0.29108685
1554777534933,4.441,121.4,0.00575,0.417,0.29108685
1554777534995,4.503,121.4,0.00572,0.418,0.290262544
1554777535041,4.549,121.4,0.00572,0.418,0.290262544
1554777535087,4.595,121.4,0.00572,0.418,0.290262544
1554777535133,4.641,121.4,0.00572,0.418,0.290262544
1554777535194,4.702,121.3,0.00568,0.417,0.287306328
1554777535241,4.749,121.3,0.00568,0.417,0.287306328
1554777535287,4.795,121.3,0.00568,0.417,0.287306328
1554777535333,4.841,121.3,0.00568,0.417,0.287306328
1554777535394,4.902,121.3,0.00568,0.421,0.290062264
1554777535440,4.948,121.3,0.00568,0.421,0.290062264
1554777535486,4.994,121.3,0.00568,0.421,0.290062264
1554777535532,5.04,121.3,0.00568,0.421,0.290062264
1554777535594,5.102,121.3,0.00566,0.42,0.28835436
1554777535640,5.148,121.3,0.00566,0.42,0.28835436
1554777535686,5.194,121.3,0.00566,0.42,0.28835436
1554777535732,5.24,121.3,0.00566,0.42,0.28835436
1554777535795,5.303,121.4,0.0057,0.418,0.28924764
1554777535841,5.349,121.4,0.0057,0.418,0.28924764
1554777535887,5.395,121.4,0.0057,0.418,0.28924764
1554777535933,5.441,121.4,0.0057,0.418,0.28924764
1554777535994,5.502,121.4,0.00567,0.415,0.28566027
1554777536040,5.548,121.4,0.00567,0.415,0.28566027
1554777536087,5.595,121.4,0.00567,0.415,0.28566027
1554777536133,5.641,121.4,0.00567,0.415,0.28566027
1554777536194,5.702,121.4,0.00564,0.419,0.286887624
1554777536240,5.748,121.4,0.00564,0.419,0.286887624
1554777536286,5.794,121.4,0.00564,0.419,0.286887624
1554777536332,5.84,121.4,0.00564,0.419,0.286887624
1554777536395,5.903,121.4,0.00565,0.418,0.28671038
1554777536441,5.949,121.4,0.00565,0.418,0.28671038
1554777536487,5.995,121.4,0.00565,0.418,0.28671038
1554777536533,6.041,121.4,0.00565,0.418,0.28671038
1554777536594,6.102,121.4,0.00568,0.416,0.286853632
1554777536641,6.149,121.4,0.00568,0.416,0.286853632
1554777536687,6.195,121.4,0.00568,0.416,0.286853632
1554777536733,6.241,121.4,0.00568,0.416,0.286853632
1554777536794,6.302,121.4,0.00566,0.417,0.286530708
1554777536840,6.348,121.4,0.00566,0.417,0.286530708
1554777536886,6.394,121.4,0.00566,0.417,0.286530708
1554777536932,6.44,121.4,0.00566,0.417,0.286530708
1554777536994,6.502,121.4,0.00564,0.418,0.286202928
1554777537040,6.548,121.4,0.00564,0.418,0.286202928
1554777537086,6.594,121.4,0.00564,0.418,0.286202928
1554777537132,6.64,121.4,0.00564,0.418,0.286202928
1554777537195,6.703,121.4,0.00566,0.42,0.28859208
1554777537241,6.749,121.4,0.00566,0.42,0.28859208
1554777537287,6.795,121.4,0.00566,0.42,0.28859208
1554777537333,6.841,121.4,0.00566,0.42,0.28859208
1554777537394,6.902,121.4,0.00565,0.417,0.28602447
1554777537440,6.948,121.4,0.00565,0.417,0.28602447
1554777537486,6.995,121.4,0.00565,0.417,0.28602447
1554777537533,7.041,121.4,0.00565,0.417,0.28602447
1554777537594,7.102,121.4,0.00567,0.419,0.288413622
1554777537639,7.147,121.4,0.00567,0.419,0.288413622
1554777537686,7.194,121.4,0.00567,0.419,0.288413622
1554777537732,7.24,121.4,0.00567,0.419,0.288413622
1554777537794,7.302,121.4,0.00569,0.418,0.288740188
1554777537840,7.348,121.4,0.00569,0.418,0.288740188
1554777537886,7.394,121.4,0.00569,0.418,0.288740188
1554777537932,7.44,121.4,0.00569,0.418,0.288740188
1554777537994,7.502,121.4,0.0057,0.417,0.28855566
1554777538039,7.547,121.4,0.0057,0.417,0.28855566
1554777538085,7.593,121.4,0.0057,0.417,0.28855566
1554777538132,7.64,121.4,0.0057,0.417,0.28855566
1554777538194,7.702,121.4,0.00571,0.416,0.288368704
1554777538240,7.748,121.4,0.00571,0.416,0.288368704
1554777538286,7.794,121.4,0.00571,0.416,0.288368704
1554777538332,7.84,121.4,0.00571,0.416,0.288368704
1554777538394,7.902,121.3,0.00573,0.416,0.289140384
1554777538439,7.947,121.3,0.00573,0.416,0.289140384
1554777538485,7.993,121.3,0.00573,0.416,0.289140384
1554777538532,8.04,121.3,0.00573,0.416,0.289140384
1554777538594,8.102,121.4,0.00574,0.417,0.290580612
1554777538640,8.148,121.4,0.00574,0.417,0.290580612
1554777538686,8.194,121.4,0.00574,0.417,0.290580612
1554777538732,8.24,121.4,0.00574,0.417,0.290580612
1554777538793,8.301,121.4,0.00574,0.417,0.290580612
1554777538840,8.348,121.4,0.00574,0.417,0.290580612
1554777538886,8.394,121.4,0.00574,0.417,0.290580612
1554777538932,8.44,121.4,0.00574,0.417,0.290580612
1554777538994,8.502,121.4,0.0057,0.416,0.28786368
1554777539040,8.548,121.4,0.0057,0.416,0.28786368
1554777539086,8.594,121.4,0.0057,0.416,0.28786368
1554777539132,8.641,121.4,0.0057,0.416,0.28786368
1554777539194,8.702,121.4,0.00569,0.417,0.288049422
1554777539239,8.748,121.4,0.00569,0.417,0.288049422
1554777539286,8.794,121.4,0.00569,0.417,0.288049422
1554777539332,8.84,121.4,0.00569,0.417,0.288049422
1554777539394,8.902,121.4,0.00569,0.418,0.288740188
1554777539440,8.948,121.4,0.00569,0.418,0.288740188
1554777539486,8.995,121.4,0.00569,0.418,0.288740188
1554777539533,9.041,121.4,0.00569,0.418,0.288740188
1554777539593,9.101,121.4,0.00569,0.418,0.288740188
1554777539640,9.148,121.4,0.00569,0.418,0.288740188
1554777539686,9.194,121.4,0.00569,0.418,0.288740188
1554777539732,9.24,121.4,0.00569,0.418,0.288740188
1554777539794,9.302,121.4,0.00567,0.417,0.287036946
1554777539840,9.348,121.4,0.00567,0.417,0.287036946
1554777539886,9.394,121.4,0.00567,0.417,0.287036946
1554777539933,9.441,121.4,0.00567,0.417,0.287036946
1554777539994,9.502,121.4,0.00566,0.417,0.286530708
1554777540040,9.548,121.4,0.00566,0.417,0.286530708
1554777540086,9.594,121.4,0.00566,0.417,0.286530708
1554777540132,9.64,121.4,0.00566,0.417,0.286530708
1554777540193,9.701,121.4,0.00561,0.418,0.284680572
1554777540240,9.748,121.4,0.00561,0.418,0.284680572
1554777540286,9.794,121.4,0.00561,0.418,0.284680572
1554777540332,9.84,121.4,0.00561,0.418,0.284680572
1554777540393,9.901,121.4,0.00566,0.415,0.28515646
1554777540439,9.947,121.4,0.00566,0.415,0.28515646
1554777540485,9.993,121.4,0.00566,0.415,0.28515646
1554777540531,10.039,121.4,0.00566,0.415,0.28515646
1554777540594,10.102,121.4,0.00566,0.416,0.285843584
1554777540640,10.148,121.4,0.00566,0.416,0.285843584
1554777540686,10.194,121.4,0.00566,0.416,0.285843584
1554777540732,10.24,121.4,0.00566,0.416,0.285843584
1554777540793,10.301,121.4,0.00566,0.419,0.287904956
1554777540839,10.347,121.4,0.00566,0.419,0.287904956
1554777540885,10.393,121.4,0.00566,0.419,0.287904956
1554777540931,10.439,121.4,0.00566,0.419,0.287904956
1554777540994,10.502,121.4,0.00565,0.418,0.28671038
1554777541040,10.548,121.4,0.00565,0.418,0.28671038
1554777541086,10.594,121.4,0.00565,0.418,0.28671038
1554777541132,10.64,121.4,0.00565,0.418,0.28671038
1554777541193,10.701,121.4,0.00565,0.418,0.28671038
1554777541239,10.747,121.4,0.00565,0.418,0.28671038
1554777541285,10.794,121.4,0.00565,0.418,0.28671038
1554777541332,10.84,121.4,0.00565,0.418,0.28671038
1554777541393,10.901,121.4,0.0057,0.418,0.28924764
1554777541439,10.947,121.4,0.0057,0.418,0.28924764
1554777541485,10.993,121.4,0.0057,0.418,0.28924764
1554777541531,11.039,121.4,0.0057,0.418,0.28924764
1554777541593,11.101,121.4,0.0057,0.416,0.28786368
1554777541639,11.147,121.4,0.0057,0.416,0.28786368
1554777541685,11.193,121.4,0.0057,0.416,0.28786368
1554777541731,11.239,121.4,0.0057,0.416,0.28786368
1554777541793,11.301,121.4,0.00571,0.419,0.290448286
1554777541839,11.347,121.4,0.00571,0.419,0.290448286
1554777541885,11.393,121.4,0.00571,0.419,0.290448286
1554777541931,11.439,121.4,0.00571,0.419,0.290448286
1554777541993,11.501,121.4,0.00572,0.416,0.288873728
1554777542039,11.547,121.4,0.00572,0.416,0.288873728
1554777542085,11.593,121.4,0.00572,0.416,0.288873728
1554777542131,11.639,121.4,0.00572,0.416,0.288873728
1554777542194,11.702,121.4,0.00569,0.418,0.288740188
1554777542240,11.748,121.4,0.00569,0.418,0.288740188
1554777542286,11.794,121.4,0.00569,0.418,0.288740188
1554777542332,11.84,121.4,0.00569,0.418,0.288740188
1554777542393,11.901,121.3,0.00574,0.417,0.290341254
1554777542439,11.947,121.3,0.00574,0.417,0.290341254
1554777542485,11.993,121.3,0.00574,0.417,0.290341254
1554777542531,12.039,121.3,0.00574,0.417,0.290341254
1554777542594,12.102,121.3,0.00574,0.419,0.291733778
1554777542640,12.148,121.3,0.00574,0.419,0.291733778
1554777542686,12.194,121.3,0.00574,0.419,0.291733778
1554777542732,12.24,121.3,0.00574,0.419,0.291733778
1554777542793,12.301,121.4,0.00571,0.42,0.29114148
1554777542839,12.347,121.4,0.00571,0.42,0.29114148
1554777542885,12.393,121.4,0.00571,0.42,0.29114148
1554777542931,12.439,121.4,0.00571,0.42,0.29114148
1554777542993,12.501,121.4,0.00568,0.421,0.290301392
1554777543039,12.547,121.4,0.00568,0.421,0.290301392
1554777543086,12.594,121.4,0.00568,0.421,0.290301392
1554777543132,12.64,121.4,0.00568,0.421,0.290301392
1554777543193,12.701,121.4,0.00569,0.417,0.288049422
1554777543239,12.747,121.4,0.00569,0.417,0.288049422
1554777543285,12.793,121.4,0.00569,0.417,0.288049422
1554777543331,12.839,121.4,0.00569,0.417,0.288049422
1554777543393,12.902,121.4,0.0057,0.416,0.28786368
1554777543440,12.948,121.4,0.0057,0.416,0.28786368
1554777543486,12.994,121.4,0.0057,0.416,0.28786368
1554777543532,13.04,121.4,0.0057,0.416,0.28786368
1554777543593,13.101,121.4,0.00565,0.42,0.2880822
1554777543639,13.147,121.4,0.00565,0.42,0.2880822
1554777543685,13.193,121.4,0.00565,0.42,0.2880822
1554777543731,13.239,121.4,0.00565,0.42,0.2880822
1554777543793,13.301,121.4,0.00561,0.419,0.285361626
1554777543840,13.348,121.4,0.00561,0.419,0.285361626
1554777543886,13.394,121.4,0.00561,0.419,0.285361626
1554777543932,13.44,121.4,0.00561,0.419,0.285361626
1554777543993,13.501,121.4,0.00564,0.418,0.286202928
1554777544039,13.547,121.4,0.00564,0.418,0.286202928
1554777544085,13.593,121.4,0.00564,0.418,0.286202928
1554777544131,13.639,121.4,0.00564,0.418,0.286202928
1554777544193,13.701,121.4,0.0056,0.419,0.28485296
1554777544240,13.748,121.4,0.0056,0.419,0.28485296
1554777544286,13.794,121.4,0.0056,0.419,0.28485296
1554777544332,13.84,121.4,0.0056,0.419,0.28485296
1554777544393,13.901,121.4,0.0056,0.418,0.28417312
1554777544439,13.947,121.4,0.0056,0.418,0.28417312
1554777544485,13.993,121.4,0.0056,0.418,0.28417312
1554777544531,14.039,121.4,0.0056,0.418,0.28417312
1554777544593,14.101,121.4,0.00564,0.42,0.28757232
1554777544640,14.148,121.4,0.00564,0.42,0.28757232
1554777544686,14.194,121.4,0.00564,0.42,0.28757232
1554777544732,14.24,121.4,0.00564,0.42,0.28757232
1554777544793,14.301,121.5,0.00562,0.418,0.28542294
1554777544839,14.347,121.5,0.00562,0.418,0.28542294
1554777544885,14.393,121.5,0.00562,0.418,0.28542294
1554777544931,14.44,121.5,0.00562,0.418,0.28542294
1554777544993,14.501,121.5,0.00568,0.416,0.28708992
1554777545038,14.547,121.5,0.00568,0.416,0.28708992
1554777545085,14.593,121.5,0.00568,0.416,0.28708992
1554777545132,14.64,121.5,0.00568,0.416,0.28708992
1554777545193,14.701,121.4,0.00567,0.42,0.28910196
1554777545239,14.747,121.4,0.00567,0.42,0.28910196
1554777545285,14.793,121.4,0.00567,0.42,0.28910196
1554777545331,14.839,121.4,0.00567,0.42,0.28910196
1554777545392,14.9,121.4,0.00568,0.417,0.287543184
1554777545438,14.946,121.4,0.00568,0.417,0.287543184
1554777545484,14.992,121.4,0.00568,0.417,0.287543184
1554777545530,15.038,121.4,0.00568,0.417,0.287543184
1554777545593,15.101,121.4,0.00571,0.417,0.289061898
1554777545639,15.147,121.4,0.00571,0.417,0.289061898
1554777545685,15.193,121.4,0.00571,0.417,0.289061898
1554777545731,15.239,121.4,0.00571,0.417,0.289061898
1554777545792,15.3,121.4,0.00575,0.414,0.2889927
1554777545838,15.346,121.4,0.00575,0.414,0.2889927
1554777545885,15.393,121.4,0.00575,0.414,0.2889927
1554777545931,15.439,121.4,0.00575,0.414,0.2889927
1554777545993,15.501,121.4,0.00574,0.417,0.290580612
1554777546039,15.547,121.4,0.00574,0.417,0.290580612
1554777546085,15.593,121.4,0.00574,0.417,0.290580612
1554777546132,15.64,121.4,0.00574,0.417,0.290580612
1554777546193,15.701,121.4,0.0057,0.418,0.28924764
1554777546239,15.747,121.4,0.0057,0.418,0.28924764
1554777546285,15.793,121.4,0.0057,0.418,0.28924764
1554777546331,15.839,121.4,0.0057,0.418,0.28924764
1554777546392,15.9,121.3,0.00571,0.419,0.290209037
1554777546439,15.947,121.3,0.00571,0.419,0.290209037
1554777546485,15.993,121.3,0.00571,0.419,0.290209037
1554777546531,16.039,121.3,0.00571,0.419,0.290209037
1554777546592,16.1,121.3,0.00573,0.416,0.289140384
1554777546638,16.146,121.3,0.00573,0.416,0.289140384
1554777546684,16.192,121.3,0.00573,0.416,0.289140384
1554777546730,16.238,121.3,0.00573,0.416,0.289140384
1554777546792,16.3,121.3,0.00573,0.417,0.289835433
1554777546838,16.346,121.3,0.00573,0.417,0.289835433
1554777546884,16.392,121.3,0.00573,0.417,0.289835433
1554777546930,16.438,121.3,0.00573,0.417,0.289835433
1554777546993,16.501,121.4,0.00573,0.418,0.290769996
1554777547039,16.547,121.4,0.00573,0.418,0.290769996
1554777547085,16.593,121.4,0.00573,0.418,0.290769996
1554777547131,16.639,121.4,0.00573,0.418,0.290769996
1554777547192,16.7,121.4,0.00568,0.416,0.286853632
1554777547238,16.747,121.4,0.00568,0.416,0.286853632
1554777547285,16.793,121.4,0.00568,0.416,0.286853632
1554777547331,16.839,121.4,0.00568,0.416,0.286853632
1554777547393,16.901,121.3,0.0057,0.418,0.28900938
1554777547439,16.947,121.3,0.0057,0.418,0.28900938
1554777547485,16.993,121.3,0.0057,0.418,0.28900938
1554777547531,17.039,121.3,0.0057,0.418,0.28900938
1554777547592,17.1,121.3,0.00571,0.415,0.287438545
1554777547638,17.146,121.3,0.00571,0.415,0.287438545
1554777547684,17.192,121.3,0.00571,0.415,0.287438545
1554777547730,17.238,121.3,0.00571,0.415,0.287438545
1554777547792,17.3,121.4,0.00572,0.416,0.288873728
1554777547838,17.346,121.4,0.00572,0.416,0.288873728
1554777547884,17.392,121.4,0.00572,0.416,0.288873728
1554777547931,17.439,121.4,0.00572,0.416,0.288873728
1554777547993,17.501,121.4,0.00568,0.416,0.286853632
1554777548039,17.547,121.4,0.00568,0.416,0.286853632
1554777548085,17.593,121.4,0.00568,0.416,0.286853632
1554777548132,17.64,121.4,0.00568,0.416,0.286853632
1554777548193,17.701,121.4,0.00567,0.415,0.28566027
1554777548239,17.747,121.4,0.00567,0.415,0.28566027
1554777548285,17.793,121.4,0.00567,0.415,0.28566027
1554777548331,17.839,121.4,0.00567,0.415,0.28566027
1554777548392,17.9,121.4,0.00566,0.414,0.284469336
1554777548439,17.947,121.4,0.00566,0.414,0.284469336
1554777548485,17.993,121.4,0.00566,0.414,0.284469336
1554777548531,18.039,121.4,0.00566,0.414,0.284469336
1554777548592,18.1,121.4,0.00566,0.415,0.28515646
1554777548638,18.146,121.4,0.00566,0.415,0.28515646
1554777548684,18.192,121.4,0.00566,0.415,0.28515646
1554777548730,18.238,121.4,0.00566,0.415,0.28515646
1554777548792,18.3,121.4,0.00565,0.416,0.28533856
1554777548837,18.345,121.4,0.00565,0.416,0.28533856
1554777548884,18.392,121.4,0.00565,0.416,0.28533856
1554777548930,18.438,121.4,0.00565,0.416,0.28533856
1554777548992,18.5,121.4,0.00565,0.42,0.2880822
1554777549038,18.546,121.4,0.00565,0.42,0.2880822
1554777549084,18.592,121.4,0.00565,0.42,0.2880822
1554777549130,18.638,121.4,0.00565,0.42,0.2880822
1554777549192,18.7,121.4,0.00567,0.417,0.287036946
1554777549238,18.746,121.4,0.00567,0.417,0.287036946
1554777549284,18.793,121.4,0.00567,0.417,0.287036946
1554777549331,18.839,121.4,0.00567,0.417,0.287036946
1554777549392,18.9,121.4,0.00569,0.416,0.287358656
1554777549437,18.945,121.4,0.00569,0.416,0.287358656
1554777549483,18.991,121.4,0.00569,0.416,0.287358656
1554777549530,19.038,121.4,0.00569,0.416,0.287358656
1554777549592,19.1,121.4,0.00572,0.416,0.288873728
1554777549638,19.146,121.4,0.00572,0.416,0.288873728
1554777549685,19.193,121.4,0.00572,0.416,0.288873728
1554777549731,19.239,121.4,0.00572,0.416,0.288873728
1554777549792,19.3,121.4,0.00572,0.42,0.29165136
1554777549838,19.346,121.4,0.00572,0.42,0.29165136
1554777549884,19.392,121.4,0.00572,0.42,0.29165136
1554777549930,19.438,121.4,0.00572,0.42,0.29165136
1554777549992,19.5,121.4,0.00571,0.418,0.289755092
1554777550039,19.547,121.4,0.00571,0.418,0.289755092
1554777550085,19.593,121.4,0.00571,0.418,0.289755092
1554777550131,19.639,121.4,0.00571,0.418,0.289755092
1554777550192,19.7,121.4,0.00571,0.418,0.289755092
1554777550238,19.746,121.4,0.00571,0.418,0.289755092
1554777550284,19.792,121.4,0.00571,0.418,0.289755092
1554777550330,19.838,121.4,0.00571,0.418,0.289755092
1554777550391,19.899,121.4,0.00573,0.418,0.290769996
1554777550437,19.945,121.4,0.00573,0.418,0.290769996
1554777550483,19.991,121.4,0.00573,0.418,0.290769996
1554777550529,20.037,121.4,0.00573,0.418,0.290769996
1554777550591,20.099,121.4,0.00573,0.418,0.290769996
1554777550637,20.145,121.4,0.00573,0.418,0.290769996
1554777550683,20.191,121.4,0.00573,0.418,0.290769996
1554777550730,20.238,121.4,0.00573,0.418,0.290769996
1554777550792,20.3,121.4,0.00576,0.415,0.29019456
1554777550838,20.346,121.4,0.00576,0.415,0.29019456
1554777550884,20.392,121.4,0.00576,0.415,0.29019456
1554777550930,20.438,121.4,0.00576,0.415,0.29019456
1554777550991,20.499,121.4,0.00573,0.415,0.28868313
1554777551037,20.545,121.4,0.00573,0.415,0.28868313
1554777551083,20.591,121.4,0.00573,0.415,0.28868313
1554777551129,20.637,121.4,0.00573,0.415,0.28868313
1554777551192,20.7,121.4,0.00567,0.417,0.287036946
1554777551238,20.746,121.4,0.00567,0.417,0.287036946
1554777551284,20.792,121.4,0.00567,0.417,0.287036946
1554777551331,20.839,121.4,0.00567,0.417,0.287036946
1554777551391,20.899,121.4,0.00567,0.417,0.287036946
1554777551438,20.946,121.4,0.00567,0.417,0.287036946
1554777551484,20.992,121.4,0.00567,0.417,0.287036946
1554777551530,21.038,121.4,0.00567,0.417,0.287036946
1554777551592,21.1,121.4,0.00567,0.416,0.286348608
1554777551638,21.146,121.4,0.00567,0.416,0.286348608
1554777551684,21.192,121.4,0.00567,0.416,0.286348608
1554777551731,21.239,121.4,0.00567,0.416,0.286348608
1554777551792,21.3,121.4,0.00565,0.418,0.28671038
1554777551838,21.346,121.4,0.00565,0.418,0.28671038
1554777551884,21.392,121.4,0.00565,0.418,0.28671038
1554777551930,21.438,121.4,0.00565,0.418,0.28671038
1554777551991,21.499,121.4,0.00567,0.419,0.288413622
1554777552037,21.545,121.4,0.00567,0.419,0.288413622
1554777552083,21.591,121.4,0.00567,0.419,0.288413622
1554777552129,21.637,121.4,0.00567,0.419,0.288413622
1554777552192,21.7,121.4,0.00565,0.419,0.28739629
1554777552238,21.746,121.4,0.00565,0.419,0.28739629
1554777552284,21.792,121.4,0.00565,0.419,0.28739629
1554777552330,21.838,121.4,0.00565,0.419,0.28739629
1554777552392,21.9,121.4,0.0056,0.419,0.28485296
1554777552438,21.946,121.4,0.0056,0.419,0.28485296
1554777552484,21.992,121.4,0.0056,0.419,0.28485296
1554777552530,22.038,121.4,0.0056,0.419,0.28485296
1554777552591,22.099,121.4,0.00567,0.417,0.287036946
1554777552637,22.145,121.4,0.00567,0.417,0.287036946
1554777552683,22.191,121.4,0.00567,0.417,0.287036946
1554777552729,22.238,121.4,0.00567,0.417,0.287036946
1554777552792,22.3,121.4,0.00567,0.417,0.287036946
1554777552838,22.346,121.4,0.00567,0.417,0.287036946
1554777552884,22.392,121.4,0.00567,0.417,0.287036946
1554777552930,22.438,121.4,0.00567,0.417,0.287036946
1554777552992,22.5,121.4,0.00567,0.418,0.287725284
1554777553038,22.546,121.4,0.00567,0.418,0.287725284
1554777553084,22.592,121.4,0.00567,0.418,0.287725284
1554777553130,22.638,121.4,0.00567,0.418,0.287725284
1554777553191,22.699,121.5,0.00571,0.418,0.28999377
1554777553237,22.745,121.5,0.00571,0.418,0.28999377
1554777553283,22.791,121.5,0.00571,0.418,0.28999377
1554777553329,22.837,121.5,0.00571,0.418,0.28999377
1554777553391,22.899,121.4,0.00569,0.415,0.28666789
1554777553438,22.946,121.4,0.00569,0.415,0.28666789
1554777553484,22.992,121.4,0.00569,0.415,0.28666789
1554777553530,23.038,121.4,0.00569,0.415,0.28666789
1554777553591,23.099,121.4,0.0057,0.415,0.2871717
1554777553637,23.145,121.4,0.0057,0.415,0.2871717
1554777553683,23.191,121.4,0.0057,0.415,0.2871717
1554777553729,23.237,121.4,0.0057,0.415,0.2871717
1554777553791,23.299,121.4,0.0057,0.42,0.2906316
1554777553837,23.345,121.4,0.0057,0.42,0.2906316
1554777553883,23.391,121.4,0.0057,0.42,0.2906316
1554777553929,23.437,121.4,0.0057,0.42,0.2906316
1554777553991,23.499,121.4,0.0057,0.419,0.28993962
1554777554038,23.546,121.4,0.0057,0.419,0.28993962
1554777554084,23.592,121.4,0.0057,0.419,0.28993962
1554777554130,23.638,121.4,0.0057,0.419,0.28993962
1554777554191,23.699,121.4,0.00572,0.417,0.289568136
1554777554237,23.745,121.4,0.00572,0.417,0.289568136
1554777554283,23.791,121.4,0.00572,0.417,0.289568136
1554777554329,23.837,121.4,0.00572,0.417,0.289568136
1554777554391,23.899,121.4,0.00572,0.419,0.290956952
1554777554437,23.945,121.4,0.00572,0.419,0.290956952
1554777554483,23.991,121.4,0.00572,0.419,0.290956952
1554777554530,24.038,121.4,0.00572,0.419,0.290956952
1554777554591,24.099,121.3,0.00573,0.419,0.291225531
1554777554637,24.145,121.3,0.00573,0.419,0.291225531
1554777554683,24.191,121.3,0.00573,0.419,0.291225531
1554777554729,24.237,121.3,0.00573,0.419,0.291225531
1554777554791,24.299,121.3,0.00572,0.419,0.290717284
1554777554837,24.345,121.3,0.00572,0.419,0.290717284
1554777554883,24.391,121.3,0.00572,0.419,0.290717284
1554777554929,24.437,121.3,0.00572,0.419,0.290717284
1554777554991,24.5,121.4,0.00569,0.42,0.29012172
1554777555038,24.546,121.4,0.00569,0.42,0.29012172
1554777555084,24.592,121.4,0.00569,0.42,0.29012172
1554777555130,24.638,121.4,0.00569,0.42,0.29012172
1554777555191,24.699,121.4,0.00566,0.421,0.289279204
1554777555237,24.745,121.4,0.00566,0.421,0.289279204
1554777555283,24.792,121.4,0.00566,0.421,0.289279204
1554777555330,24.838,121.4,0.00566,0.421,0.289279204
1554777555391,24.899,121.4,0.00563,0.419,0.286378958
1554777555436,24.944,121.4,0.00563,0.419,0.286378958
1554777555483,24.991,121.4,0.00563,0.419,0.286378958
1554777555529,25.037,121.4,0.00563,0.419,0.286378958
1554777555591,25.099,121.3,0.00566,0.418,0.286981244
1554777555637,25.145,121.3,0.00566,0.418,0.286981244
1554777555684,25.192,121.3,0.00566,0.418,0.286981244
1554777555730,25.238,121.3,0.00566,0.418,0.286981244
1554777555791,25.299,121.3,0.00566,0.419,0.287667802
1554777555837,25.345,121.3,0.00566,0.419,0.287667802
1554777555883,25.391,121.3,0.00566,0.419,0.287667802
1554777555929,25.437,121.3,0.00566,0.419,0.287667802
1554777555991,25.499,121.4,0.00569,0.417,0.288049422
1554777556038,25.546,121.4,0.00569,0.417,0.288049422
1554777556084,25.592,121.4,0.00569,0.417,0.288049422
1554777556130,25.638,121.4,0.00569,0.417,0.288049422
1554777556191,25.699,121.4,0.00567,0.416,0.286348608
1554777556237,25.745,121.4,0.00567,0.416,0.286348608
1554777556283,25.791,121.4,0.00567,0.416,0.286348608
1554777556329,25.837,121.4,0.00567,0.416,0.286348608
1554777556391,25.899,121.4,0.00563,0.417,0.285011994
1554777556438,25.946,121.4,0.00563,0.417,0.285011994
1554777556484,25.992,121.4,0.00563,0.417,0.285011994
1554777556530,26.038,121.4,0.00563,0.417,0.285011994
1554777556591,26.099,121.4,0.00562,0.418,0.285188024
1554777556637,26.145,121.4,0.00562,0.418,0.285188024
1554777556683,26.191,121.4,0.00562,0.418,0.285188024
1554777556729,26.237,121.4,0.00562,0.418,0.285188024
1554777556790,26.298,121.4,0.00563,0.419,0.286378958
1554777556837,26.345,121.4,0.00563,0.419,0.286378958
1554777556883,26.391,121.4,0.00563,0.419,0.286378958
1554777556929,26.437,121.4,0.00563,0.419,0.286378958
1554777556990,26.498,121.4,0.00564,0.419,0.286887624
1554777557036,26.544,121.4,0.00564,0.419,0.286887624
1554777557082,26.59,121.4,0.00564,0.419,0.286887624
1554777557128,26.636,121.4,0.00564,0.419,0.286887624
1554777557190,26.698,121.4,0.00565,0.42,0.2880822
1554777557237,26.745,121.4,0.00565,0.42,0.2880822
1554777557283,26.791,121.4,0.00565,0.42,0.2880822
1554777557329,26.837,121.4,0.00565,0.42,0.2880822
1554777557391,26.899,121.4,0.00566,0.419,0.287904956
1554777557437,26.945,121.4,0.00566,0.419,0.287904956
1554777557484,26.992,121.4,0.00566,0.419,0.287904956
1554777557530,27.038,121.4,0.00566,0.419,0.287904956
1554777557591,27.099,121.4,0.00566,0.418,0.287217832
1554777557637,27.145,121.4,0.00566,0.418,0.287217832
1554777557683,27.191,121.4,0.00566,0.418,0.287217832
1554777557729,27.237,121.4,0.00566,0.418,0.287217832
1554777557790,27.298,121.4,0.0057,0.419,0.28993962
1554777557836,27.344,121.4,0.0057,0.419,0.28993962
1554777557882,27.39,121.4,0.0057,0.419,0.28993962
1554777557928,27.437,121.4,0.0057,0.419,0.28993962
1554777557991,27.499,121.4,0.0057,0.421,0.29132358
1554777558037,27.545,121.4,0.0057,0.421,0.29132358
1554777558083,27.591,121.4,0.0057,0.421,0.29132358
1554777558129,27.637,121.4,0.0057,0.421,0.29132358
1554777558191,27.699,121.4,0.00571,0.415,0.28767551
1554777558237,27.745,121.4,0.00571,0.415,0.28767551
1554777558283,27.791,121.4,0.00571,0.415,0.28767551
1554777558329,27.837,121.4,0.00571,0.415,0.28767551
1554777558391,27.899,121.4,0.00568,0.419,0.288922288
1554777558437,27.945,121.4,0.00568,0.419,0.288922288
1554777558483,27.991,121.4,0.00568,0.419,0.288922288
1554777558529,28.037,121.4,0.00568,0.419,0.288922288
1554777558590,28.098,121.3,0.00569,0.417,0.287812149
1554777558636,28.145,121.3,0.00569,0.417,0.287812149
1554777558683,28.191,121.3,0.00569,0.417,0.287812149
1554777558729,28.237,121.3,0.00569,0.417,0.287812149
1554777558791,28.299,121.3,0.00571,0.417,0.288823791
1554777558837,28.345,121.3,0.00571,0.417,0.288823791
1554777558883,28.391,121.3,0.00571,0.417,0.288823791
1554777558929,28.437,121.3,0.00571,0.417,0.288823791
1554777558990,28.498,121.3,0.00573,0.419,0.291225531
1554777559037,28.545,121.3,0.00573,0.419,0.291225531
1554777559083,28.591,121.3,0.00573,0.419,0.291225531
1554777559129,28.637,121.3,0.00573,0.419,0.291225531
1554777559190,28.698,121.4,0.0057,0.418,0.28924764
1554777559236,28.744,121.4,0.0057,0.418,0.28924764
1554777559282,28.79,121.4,0.0057,0.418,0.28924764
1554777559328,28.836,121.4,0.0057,0.418,0.28924764
1554777559391,28.899,121.3,0.0057,0.415,0.28693515
1554777559437,28.945,121.3,0.0057,0.415,0.28693515
1554777559483,28.991,121.3,0.0057,0.415,0.28693515
1554777559529,29.037,121.3,0.0057,0.415,0.28693515
1554777559590,29.098,121.3,0.00565,0.419,0.287159555
1554777559636,29.144,121.3,0.00565,0.419,0.287159555
1554777559682,29.19,121.3,0.00565,0.419,0.287159555
1554777559728,29.236,121.3,0.00565,0.419,0.287159555
1554777559790,29.298,121.3,0.00568,0.417,0.287306328
1554777559836,29.344,121.3,0.00568,0.417,0.287306328
1554777559882,29.39,121.3,0.00568,0.417,0.287306328
1554777559928,29.436,121.3,0.00568,0.417,0.287306328
1554777559991,29.499,121.4,0.00565,0.419,0.28739629
1554777560037,29.545,121.4,0.00565,0.419,0.28739629
1554777560083,29.591,121.4,0.00565,0.419,0.28739629
1554777560129,29.637,121.4,0.00565,0.419,0.28739629
1554777560190,29.698,121.4,0.00562,0.419,0.285870292
1554777560236,29.744,121.4,0.00562,0.419,0.285870292
1554777560282,29.79,121.4,0.00562,0.419,0.285870292
1554777560328,29.837,121.4,0.00562,0.419,0.285870292
1554777560390,29.898,121.3,0.00559,0.419,0.284110073
1554777560436,29.944,121.3,0.00559,0.419,0.284110073
1554777560482,29.99,121.3,0.00559,0.419,0.284110073
1554777560528,30.036,121.3,0.00559,0.419,0.284110073
1554777560590,30.098,121.3,0.00562,0.42,0.28631652
1554777560636,30.144,121.3,0.00562,0.42,0.28631652
1554777560682,30.19,121.3,0.00562,0.42,0.28631652
1554777560729,30.237,121.3,0.00562,0.42,0.28631652
1554777560790,30.298,121.3,0.00567,0.418,0.287488278
1554777560836,30.344,121.3,0.00567,0.418,0.287488278
1554777560882,30.39,121.3,0.00567,0.418,0.287488278
1554777560928,30.436,121.3,0.00567,0.418,0.287488278
1554777560990,30.498,121.4,0.00565,0.421,0.28876811
1554777561036,30.544,121.4,0.00565,0.421,0.28876811
1554777561082,30.59,121.4,0.00565,0.421,0.28876811
1554777561128,30.636,121.4,0.00565,0.421,0.28876811
1554777561189,30.697,121.4,0.00565,0.422,0.28945402
1554777561236,30.744,121.4,0.00565,0.422,0.28945402
1554777561282,30.79,121.4,0.00565,0.422,0.28945402
1554777561328,30.836,121.4,0.00565,0.422,0.28945402
1554777561390,30.898,121.4,0.00568,0.416,0.286853632
1554777561436,30.944,121.4,0.00568,0.416,0.286853632
1554777561482,30.99,121.4,0.00568,0.416,0.286853632
1554777561528,31.036,121.4,0.00568,0.416,0.286853632
1554777561589,31.097,121.4,0.00566,0.418,0.287217832
1554777561636,31.144,121.4,0.00566,0.418,0.287217832
1554777561682,31.19,121.4,0.00566,0.418,0.287217832
1554777561728,31.236,121.4,0.00566,0.418,0.287217832
1554777561790,31.298,121.4,0.00566,0.42,0.28859208
1554777561836,31.344,121.4,0.00566,0.42,0.28859208
1554777561882,31.39,121.4,0.00566,0.42,0.28859208
1554777561929,31.437,121.4,0.00566,0.42,0.28859208
1554777561990,31.498,121.4,0.00567,0.42,0.28910196
1554777562035,31.543,121.4,0.00567,0.42,0.28910196
1554777562082,31.59,121.4,0.00567,0.42,0.28910196
1554777562128,31.636,121.4,0.00567,0.42,0.28910196
1554777562190,31.698,121.4,0.00567,0.422,0.290478636
1554777562236,31.744,121.4,0.00567,0.422,0.290478636
1554777562282,31.79,121.4,0.00567,0.422,0.290478636
1554777562329,31.837,121.4,0.00567,0.422,0.290478636
1554777562390,31.898,121.4,0.00567,0.421,0.289790298
1554777562436,31.944,121.4,0.00567,0.421,0.289790298
1554777562482,31.99,121.4,0.00567,0.421,0.289790298
1554777562528,32.036,121.4,0.00567,0.421,0.289790298
1554777562590,32.098,121.3,0.00566,0.421,0.289040918
1554777562636,32.144,121.3,0.00566,0.421,0.289040918
1554777562683,32.191,121.3,0.00566,0.421,0.289040918
1554777562729,32.237,121.3,0.00566,0.421,0.289040918
1554777562790,32.298,121.3,0.00571,0.418,0.289516414
1554777562836,32.344,121.3,0.00571,0.418,0.289516414
1554777562882,32.39,121.3,0.00571,0.418,0.289516414
1554777562928,32.437,121.3,0.00571,0.418,0.289516414
1554777562990,32.498,121.3,0.00568,0.418,0.287995312
1554777563036,32.544,121.3,0.00568,0.418,0.287995312
1554777563082,32.59,121.3,0.00568,0.418,0.287995312
1554777563128,32.636,121.3,0.00568,0.418,0.287995312
1554777563190,32.698,121.3,0.00572,0.415,0.28794194
1554777563236,32.745,121.3,0.00572,0.415,0.28794194
1554777563283,32.791,121.3,0.00572,0.415,0.28794194
1554777563329,32.837,121.3,0.00572,0.415,0.28794194
1554777563390,32.898,121.3,0.0057,0.417,0.28831797
1554777563436,32.944,121.3,0.0057,0.417,0.28831797
1554777563482,32.99,121.3,0.0057,0.417,0.28831797
1554777563528,33.036,121.3,0.0057,0.417,0.28831797
1554777563590,33.098,121.3,0.00563,0.418,0.285460142
1554777563636,33.144,121.3,0.00563,0.418,0.285460142
1554777563682,33.19,121.3,0.00563,0.418,0.285460142
1554777563728,33.236,121.3,0.00563,0.418,0.285460142
1554777563789,33.297,121.3,0.00568,0.417,0.287306328
1554777563835,33.343,121.3,0.00568,0.417,0.287306328
1554777563881,33.389,121.3,0.00568,0.417,0.287306328
1554777563927,33.435,121.3,0.00568,0.417,0.287306328
1554777563989,33.498,121.3,0.00569,0.415,0.286431755
1554777564036,33.544,121.3,0.00569,0.415,0.286431755
1554777564081,33.589,121.3,0.00569,0.415,0.286431755
1554777564128,33.636,121.3,0.00569,0.415,0.286431755
1554777564190,33.698,121.4,0.00569,0.417,0.288049422
1554777564236,33.744,121.4,0.00569,0.417,0.288049422
1554777564282,33.79,121.4,0.00569,0.417,0.288049422
1554777564328,33.836,121.4,0.00569,0.417,0.288049422
1554777564389,33.897,121.4,0.00564,0.416,0.284833536
1554777564435,33.943,121.4,0.00564,0.416,0.284833536
1554777564481,33.99,121.4,0.00564,0.416,0.284833536
1554777564528,34.036,121.4,0.00564,0.416,0.284833536
1554777564590,34.098,121.4,0.00564,0.417,0.285518232
1554777564636,34.144,121.4,0.00564,0.417,0.285518232
1554777564682,34.19,121.4,0.00564,0.417,0.285518232
1554777564728,34.236,121.4,0.00564,0.417,0.285518232
1554777564790,34.298,121.4,0.00567,0.414,0.284971932
1554777564836,34.344,121.4,0.00567,0.414,0.284971932
1554777564882,34.39,121.4,0.00567,0.414,0.284971932
1554777564928,34.436,121.4,0.00567,0.414,0.284971932
1554777564989,34.497,121.4,0.00569,0.416,0.287358656
1554777565035,34.543,121.4,0.00569,0.416,0.287358656
1554777565081,34.589,121.4,0.00569,0.416,0.287358656
1554777565127,34.635,121.4,0.00569,0.416,0.287358656
1554777565190,34.698,121.4,0.00571,0.416,0.288368704
1554777565236,34.744,121.4,0.00571,0.416,0.288368704
1554777565282,34.79,121.4,0.00571,0.416,0.288368704
1554777565328,34.836,121.4,0.00571,0.416,0.288368704
1554777565389,34.897,121.4,0.00566,0.421,0.289279204
1554777565435,34.943,121.4,0.00566,0.421,0.289279204
1554777565481,34.989,121.4,0.00566,0.421,0.289279204
1554777565527,35.035,121.4,0.00566,0.421,0.289279204
1554777565590,35.098,121.4,0.00567,0.42,0.28910196
1554777565636,35.144,121.4,0.00567,0.42,0.28910196
1554777565682,35.19,121.4,0.00567,0.42,0.28910196
1554777565728,35.236,121.4,0.00567,0.42,0.28910196
1554777565789,35.297,121.4,0.00569,0.417,0.288049422
1554777565835,35.343,121.4,0.00569,0.417,0.288049422
1554777565881,35.389,121.4,0.00569,0.417,0.288049422
1554777565927,35.435,121.4,0.00569,0.417,0.288049422
1554777565990,35.498,121.4,0.0057,0.419,0.28993962
1554777566036,35.544,121.4,0.0057,0.419,0.28993962
1554777566082,35.59,121.4,0.0057,0.419,0.28993962
1554777566128,35.636,121.4,0.0057,0.419,0.28993962
1554777566189,35.697,121.4,0.00572,0.419,0.290956952
1554777566235,35.743,121.4,0.00572,0.419,0.290956952
1554777566281,35.789,121.4,0.00572,0.419,0.290956952
1554777566327,35.835,121.4,0.00572,0.419,0.290956952
1554777566390,35.898,121.4,0.0057,0.42,0.2906316
1554777566436,35.944,121.4,0.0057,0.42,0.2906316
1554777566482,35.99,121.4,0.0057,0.42,0.2906316
1554777566528,36.036,121.4,0.0057,0.42,0.2906316
1554777566589,36.097,121.4,0.00571,0.417,0.289061898
1554777566635,36.143,121.4,0.00571,0.417,0.289061898
1554777566681,36.189,121.4,0.00571,0.417,0.289061898
1554777566727,36.235,121.4,0.00571,0.417,0.289061898
1554777566788,36.297,121.4,0.00571,0.417,0.289061898
1554777566835,36.343,121.4,0.00571,0.417,0.289061898
1554777566881,36.389,121.4,0.00571,0.417,0.289061898
1554777566927,36.435,121.4,0.00571,0.417,0.289061898
1554777566989,36.497,121.4,0.00569,0.418,0.288740188
1554777567035,36.543,121.4,0.00569,0.418,0.288740188
1554777567081,36.589,121.4,0.00569,0.418,0.288740188
1554777567127,36.635,121.4,0.00569,0.418,0.288740188
1554777567189,36.697,121.4,0.00568,0.42,0.28961184
1554777567236,36.744,121.4,0.00568,0.42,0.28961184
1554777567282,36.79,121.4,0.00568,0.42,0.28961184
1554777567328,36.836,121.4,0.00568,0.42,0.28961184
1554777567389,36.897,121.4,0.00565,0.419,0.28739629
1554777567435,36.943,121.4,0.00565,0.419,0.28739629
1554777567481,36.989,121.4,0.00565,0.419,0.28739629
1554777567527,37.035,121.4,0.00565,0.419,0.28739629
1554777567588,37.096,121.3,0.00564,0.417,0.285283044
1554777567634,37.142,121.3,0.00564,0.417,0.285283044
1554777567680,37.188,121.3,0.00564,0.417,0.285283044
1554777567727,37.235,121.3,0.00564,0.417,0.285283044
1554777567789,37.297,121.3,0.00565,0.417,0.285788865
1554777567835,37.343,121.3,0.00565,0.417,0.285788865
1554777567881,37.389,121.3,0.00565,0.417,0.285788865
1554777567927,37.435,121.3,0.00565,0.417,0.285788865
1554777567988,37.496,121.3,0.00567,0.416,0.286112736
1554777568035,37.543,121.3,0.00567,0.416,0.286112736
1554777568081,37.589,121.3,0.00567,0.416,0.286112736
1554777568127,37.635,121.3,0.00567,0.416,0.286112736
1554777568189,37.697,121.3,0.00567,0.415,0.285424965
1554777568235,37.743,121.3,0.00567,0.415,0.285424965
1554777568281,37.789,121.3,0.00567,0.415,0.285424965
1554777568327,37.835,121.3,0.00567,0.415,0.285424965
1554777568388,37.896,121.4,0.00565,0.418,0.28671038
1554777568434,37.942,121.4,0.00565,0.418,0.28671038
1554777568480,37.988,121.4,0.00565,0.418,0.28671038
1554777568526,38.035,121.4,0.00565,0.418,0.28671038
1554777568589,38.097,121.4,0.00565,0.417,0.28602447
1554777568635,38.143,121.4,0.00565,0.417,0.28602447
1554777568681,38.189,121.4,0.00565,0.417,0.28602447
1554777568727,38.236,121.4,0.00565,0.417,0.28602447
1554777568789,38.297,121.4,0.00565,0.418,0.28671038
1554777568835,38.343,121.4,0.00565,0.418,0.28671038
1554777568881,38.389,121.4,0.00565,0.418,0.28671038
1554777568927,38.435,121.4,0.00565,0.418,0.28671038
1554777568989,38.497,121.4,0.00567,0.417,0.287036946
1554777569035,38.543,121.4,0.00567,0.417,0.287036946
1554777569081,38.589,121.4,0.00567,0.417,0.287036946
1554777569127,38.635,121.4,0.00567,0.417,0.287036946
1554777569188,38.696,121.4,0.00571,0.417,0.289061898
1554777569235,38.743,121.4,0.00571,0.417,0.289061898
1554777569281,38.789,121.4,0.00571,0.417,0.289061898
1554777569327,38.835,121.4,0.00571,0.417,0.289061898
1554777569389,38.897,121.4,0.00568,0.417,0.287543184
1554777569435,38.943,121.4,0.00568,0.417,0.287543184
1554777569481,38.989,121.4,0.00568,0.417,0.287543184
1554777569528,39.036,121.4,0.00568,0.417,0.287543184
1554777569589,39.097,121.4,0.00566,0.418,0.287217832
1554777569635,39.143,121.4,0.00566,0.418,0.287217832
1554777569681,39.189,121.4,0.00566,0.418,0.287217832
1554777569727,39.235,121.4,0.00566,0.418,0.287217832
1554777569788,39.296,121.4,0.00569,0.419,0.289430954
1554777569834,39.342,121.4,0.00569,0.419,0.289430954
1554777569880,39.388,121.4,0.00569,0.419,0.289430954
1554777569926,39.434,121.4,0.00569,0.419,0.289430954
1554777569989,39.497,121.4,0.00568,0.418,0.288232736
1554777570035,39.543,121.4,0.00568,0.418,0.288232736
1554777570081,39.589,121.4,0.00568,0.418,0.288232736
1554777570127,39.635,121.4,0.00568,0.418,0.288232736
1554777570188,39.696,121.4,0.00568,0.421,0.290301392
1554777570234,39.742,121.4,0.00568,0.421,0.290301392
1554777570280,39.788,121.4,0.00568,0.421,0.290301392
1554777570326,39.834,121.4,0.00568,0.421,0.290301392
1554777570389,39.897,121.4,0.00571,0.418,0.289755092
1554777570435,39.943,121.4,0.00571,0.418,0.289755092
1554777570481,39.989,121.4,0.00571,0.418,0.289755092
1554777570527,40.035,121.4,0.00571,0.418,0.289755092
1554777570588,40.096,121.4,0.00567,0.417,0.287036946
1554777570634,40.142,121.4,0.00567,0.417,0.287036946
1554777570680,40.188,121.4,0.00567,0.417,0.287036946
1554777570726,40.234,121.4,0.00567,0.417,0.287036946
1554777570789,40.297,121.4,0.00573,0.417,0.290074374
1554777570835,40.343,121.4,0.00573,0.417,0.290074374
1554777570881,40.389,121.4,0.00573,0.417,0.290074374
1554777570927,40.435,121.4,0.00573,0.417,0.290074374
1554777570988,40.496,121.4,0.00572,0.416,0.288873728
1554777571034,40.542,121.4,0.00572,0.416,0.288873728
1554777571080,40.588,121.4,0.00572,0.416,0.288873728
1554777571126,40.634,121.4,0.00572,0.416,0.288873728
1554777571188,40.696,121.4,0.0057,0.417,0.28855566
1554777571234,40.742,121.4,0.0057,0.417,0.28855566
1554777571280,40.788,121.4,0.0057,0.417,0.28855566
1554777571327,40.835,121.4,0.0057,0.417,0.28855566
1554777571389,40.897,121.4,0.00569,0.417,0.288049422
1554777571435,40.943,121.4,0.00569,0.417,0.288049422
1554777571481,40.989,121.4,0.00569,0.417,0.288049422
1554777571527,41.035,121.4,0.00569,0.417,0.288049422
1554777571588,41.096,121.4,0.00566,0.418,0.287217832
1554777571634,41.142,121.4,0.00566,0.418,0.287217832
1554777571680,41.188,121.4,0.00566,0.418,0.287217832
1554777571726,41.234,121.4,0.00566,0.418,0.287217832
1554777571788,41.296,121.3,0.00571,0.413,0.286053299
1554777571835,41.343,121.3,0.00571,0.413,0.286053299
1554777571881,41.389,121.3,0.00571,0.413,0.286053299
1554777571927,41.435,121.3,0.00571,0.413,0.286053299
1554777571988,41.496,121.3,0.0057,0.415,0.28693515
1554777572034,41.542,121.3,0.0057,0.415,0.28693515
1554777572080,41.588,121.3,0.0057,0.415,0.28693515
1554777572126,41.634,121.3,0.0057,0.415,0.28693515
1554777572188,41.696,121.4,0.00563,0.419,0.286378958
1554777572234,41.742,121.4,0.00563,0.419,0.286378958
1554777572280,41.788,121.4,0.00563,0.419,0.286378958
1554777572327,41.835,121.4,0.00563,0.419,0.286378958
1554777572388,41.896,121.4,0.00564,0.418,0.286202928
1554777572434,41.942,121.4,0.00564,0.418,0.286202928
1554777572479,41.987,121.4,0.00564,0.418,0.286202928
1554777572526,42.034,121.4,0.00564,0.418,0.286202928
1554777572588,42.096,121.4,0.00564,0.418,0.286202928
1554777572634,42.142,121.4,0.00564,0.418,0.286202928
1554777572680,42.188,121.4,0.00564,0.418,0.286202928
1554777572726,42.234,121.4,0.00564,0.418,0.286202928
1554777572788,42.296,121.4,0.00562,0.417,0.284505756
1554777572834,42.342,121.4,0.00562,0.417,0.284505756
1554777572880,42.388,121.4,0.00562,0.417,0.284505756
1554777572926,42.435,121.4,0.00562,0.417,0.284505756
1554777572988,42.496,121.4,0.00566,0.418,0.287217832
1554777573034,42.542,121.4,0.00566,0.418,0.287217832
1554777573080,42.588,121.4,0.00566,0.418,0.287217832
1554777573126,42.634,121.4,0.00566,0.418,0.287217832
1554777573188,42.696,121.4,0.00567,0.418,0.287725284
1554777573235,42.743,121.4,0.00567,0.418,0.287725284
1554777573281,42.789,121.4,0.00567,0.418,0.287725284
1554777573327,42.835,121.4,0.00567,0.418,0.287725284
1554777573388,42.896,121.4,0.00568,0.418,0.288232736
1554777573434,42.942,121.4,0.00568,0.418,0.288232736
1554777573480,42.988,121.4,0.00568,0.418,0.288232736
1554777573527,43.035,121.4,0.00568,0.418,0.288232736
1554777573588,43.096,121.4,0.00567,0.417,0.287036946
1554777573634,43.142,121.4,0.00567,0.417,0.287036946
1554777573680,43.188,121.4,0.00567,0.417,0.287036946
1554777573726,43.234,121.4,0.00567,0.417,0.287036946
1554777573788,43.296,121.4,0.00569,0.42,0.29012172
1554777573836,43.344,121.4,0.00569,0.42,0.29012172
1554777573882,43.39,121.4,0.00569,0.42,0.29012172
1554777573928,43.436,121.4,0.00569,0.42,0.29012172
1554777573988,43.496,121.4,0.00571,0.419,0.290448286
1554777574034,43.542,121.4,0.00571,0.419,0.290448286
1554777574080,43.588,121.4,0.00571,0.419,0.290448286
1554777574126,43.634,121.4,0.00571,0.419,0.290448286
1554777574188,43.696,121.4,0.00573,0.418,0.290769996
1554777574235,43.743,121.4,0.00573,0.418,0.290769996
1554777574281,43.789,121.4,0.00573,0.418,0.290769996
1554777574327,43.835,121.4,0.00573,0.418,0.290769996
1554777574388,43.896,121.4,0.00578,0.411,0.288395412
1554777574434,43.942,121.4,0.00578,0.411,0.288395412
1554777574480,43.988,121.4,0.00578,0.411,0.288395412
1554777574526,44.034,121.4,0.00578,0.411,0.288395412
1554777574588,44.096,121.4,0.00575,0.412,0.2875966
1554777574635,44.143,121.4,0.00575,0.412,0.2875966
1554777574680,44.188,121.4,0.00575,0.412,0.2875966
1554777574727,44.235,121.4,0.00575,0.412,0.2875966
1554777574788,44.296,121.4,0.00572,0.416,0.288873728
1554777574833,44.342,121.4,0.00572,0.416,0.288873728
1554777574880,44.388,121.4,0.00572,0.416,0.288873728
1554777574926,44.434,121.4,0.00572,0.416,0.288873728
1554777574988,44.496,121.4,0.00573,0.416,0.289378752
1554777575034,44.542,121.4,0.00573,0.416,0.289378752
1554777575080,44.588,121.4,0.00573,0.416,0.289378752
1554777575126,44.634,121.4,0.00573,0.416,0.289378752
1554777575187,44.695,121.4,0.00572,0.419,0.290956952
1554777575233,44.741,121.4,0.00572,0.419,0.290956952
1554777575279,44.787,121.4,0.00572,0.419,0.290956952
1554777575325,44.833,121.4,0.00572,0.419,0.290956952
1554777575388,44.896,121.4,0.00571,0.416,0.288368704
1554777575433,44.941,121.4,0.00571,0.416,0.288368704
1554777575480,44.988,121.4,0.00571,0.416,0.288368704
1554777575526,45.034,121.4,0.00571,0.416,0.288368704
1554777575588,45.096,121.4,0.00567,0.416,0.286348608
1554777575634,45.142,121.4,0.00567,0.416,0.286348608
1554777575680,45.188,121.4,0.00567,0.416,0.286348608
1554777575726,45.234,121.4,0.00567,0.416,0.286348608
1554777575787,45.295,121.3,0.00566,0.416,0.285608128
1554777575834,45.342,121.3,0.00566,0.416,0.285608128
1554777575880,45.388,121.3,0.00566,0.416,0.285608128
1554777575926,45.434,121.3,0.00566,0.416,0.285608128
1554777575988,45.496,121.3,0.00567,0.419,0.288176049
1554777576034,45.542,121.3,0.00567,0.419,0.288176049
1554777576080,45.588,121.3,0.00567,0.419,0.288176049
1554777576126,45.634,121.3,0.00567,0.419,0.288176049
1554777576189,45.697,121.4,0.00564,0.417,0.285518232
1554777576235,45.743,121.4,0.00564,0.417,0.285518232
1554777576281,45.789,121.4,0.00564,0.417,0.285518232
1554777576327,45.835,121.4,0.00564,0.417,0.285518232
1554777576388,45.896,121.4,0.00563,0.417,0.285011994
1554777576434,45.942,121.4,0.00563,0.417,0.285011994
1554777576480,45.988,121.4,0.00563,0.417,0.285011994
1554777576526,46.034,121.4,0.00563,0.417,0.285011994
1554777576588,46.096,121.4,0.00561,0.42,0.28604268
1554777576635,46.143,121.4,0.00561,0.42,0.28604268
1554777576681,46.189,121.4,0.00561,0.42,0.28604268
1554777576727,46.235,121.4,0.00561,0.42,0.28604268
1554777576788,46.296,121.4,0.00566,0.417,0.286530708
1554777576834,46.342,121.4,0.00566,0.417,0.286530708
1554777576880,46.388,121.4,0.00566,0.417,0.286530708
1554777576926,46.434,121.4,0.00566,0.417,0.286530708
1554777576988,46.496,121.4,0.00573,0.413,0.287291886
1554777577034,46.542,121.4,0.00573,0.413,0.287291886
1554777577081,46.589,121.4,0.00573,0.413,0.287291886
1554777577127,46.635,121.4,0.00573,0.413,0.287291886
1554777577188,46.696,121.4,0.00568,0.417,0.287543184
1554777577234,46.742,121.4,0.00568,0.417,0.287543184
1554777577280,46.788,121.4,0.00568,0.417,0.287543184
1554777577326,46.834,121.4,0.00568,0.417,0.287543184
1554777577388,46.896,121.4,0.0057,0.416,0.28786368
1554777577433,46.941,121.4,0.0057,0.416,0.28786368
1554777577479,46.987,121.4,0.0057,0.416,0.28786368
1554777577525,47.033,121.4,0.0057,0.416,0.28786368
1554777577588,47.096,121.4,0.00567,0.419,0.288413622
1554777577633,47.141,121.4,0.00567,0.419,0.288413622
1554777577679,47.187,121.4,0.00567,0.419,0.288413622
1554777577726,47.234,121.4,0.00567,0.419,0.288413622
1554777577788,47.296,121.4,0.00566,0.418,0.287217832
1554777577834,47.342,121.4,0.00566,0.418,0.287217832
1554777577881,47.389,121.4,0.00566,0.418,0.287217832
1554777577927,47.435,121.4,0.00566,0.418,0.287217832
1554777577988,47.496,121.4,0.00573,0.417,0.290074374
1554777578034,47.542,121.4,0.00573,0.417,0.290074374
1554777578081,47.589,121.4,0.00573,0.417,0.290074374
1554777578127,47.635,121.4,0.00573,0.417,0.290074374
1554777578188,47.696,121.4,0.00573,0.418,0.290769996
1554777578234,47.742,121.4,0.00573,0.418,0.290769996
1554777578280,47.788,121.4,0.00573,0.418,0.290769996
1554777578326,47.834,121.4,0.00573,0.418,0.290769996
1554777578387,47.895,121.4,0.00574,0.418,0.291277448
1554777578433,47.941,121.4,0.00574,0.418,0.291277448
1554777578479,47.987,121.4,0.00574,0.418,0.291277448
1554777578525,48.033,121.4,0.00574,0.418,0.291277448
1554777578588,48.096,121.4,0.00574,0.414,0.288490104
1554777578634,48.142,121.4,0.00574,0.414,0.288490104
1554777578680,48.188,121.4,0.00574,0.414,0.288490104
1554777578726,48.234,121.4,0.00574,0.414,0.288490104
1554777578787,48.295,121.4,0.0057,0.417,0.28855566
1554777578833,48.341,121.4,0.0057,0.417,0.28855566
1554777578879,48.387,121.4,0.0057,0.417,0.28855566
1554777578925,48.433,121.4,0.0057,0.417,0.28855566
1554777578987,48.495,121.4,0.00571,0.416,0.288368704
1554777579033,48.541,121.4,0.00571,0.416,0.288368704
1554777579079,48.587,121.4,0.00571,0.416,0.288368704
1554777579126,48.634,121.4,0.00571,0.416,0.288368704
1554777579187,48.695,121.4,0.00569,0.419,0.289430954
1554777579233,48.741,121.4,0.00569,0.419,0.289430954
1554777579279,48.787,121.4,0.00569,0.419,0.289430954
1554777579325,48.833,121.4,0.00569,0.419,0.289430954
1554777579387,48.895,121.4,0.00574,0.414,0.288490104
1554777579433,48.942,121.4,0.00574,0.414,0.288490104
1554777579480,48.988,121.4,0.00574,0.414,0.288490104
1554777579526,49.034,121.4,0.00574,0.414,0.288490104
1554777579587,49.095,121.4,0.00567,0.416,0.286348608
1554777579633,49.141,121.4,0.00567,0.416,0.286348608
1554777579679,49.187,121.4,0.00567,0.416,0.286348608
1554777579725,49.234,121.4,0.00567,0.416,0.286348608
1554777579787,49.295,121.3,0.00564,0.416,0.284598912
1554777579833,49.341,121.3,0.00564,0.416,0.284598912
1554777579879,49.387,121.3,0.00564,0.416,0.284598912
1554777579925,49.433,121.3,0.00564,0.416,0.284598912
1554777579987,49.495,121.3,0.00568,0.417,0.287306328
1554777580034,49.542,121.3,0.00568,0.417,0.287306328
1554777580080,49.588,121.3,0.00568,0.417,0.287306328
1554777580126,49.634,121.3,0.00568,0.417,0.287306328
1554777580187,49.695,121.3,0.00565,0.417,0.285788865
1554777580233,49.741,121.3,0.00565,0.417,0.285788865
1554777580279,49.787,121.3,0.00565,0.417,0.285788865
1554777580326,49.834,121.3,0.00565,0.417,0.285788865
1554777580387,49.895,121.3,0.00566,0.415,0.28492157
1554777580433,49.941,121.3,0.00566,0.415,0.28492157
1554777580479,49.987,121.3,0.00566,0.415,0.28492157
1554777580525,50.033,121.3,0.00566,0.415,0.28492157
1554777580587,50.095,121.3,0.00567,0.414,0.284737194
1554777580633,50.141,121.3,0.00567,0.414,0.284737194
1554777580680,50.188,121.3,0.00567,0.414,0.284737194
1554777580726,50.234,121.3,0.00567,0.414,0.284737194
1554777580787,50.295,121.3,0.00564,0.419,0.286651308
1554777580833,50.341,121.3,0.00564,0.419,0.286651308
1554777580879,50.387,121.3,0.00564,0.419,0.286651308
1554777580926,50.434,121.3,0.00564,0.419,0.286651308
1554777580987,50.495,121.4,0.00569,0.417,0.288049422
1554777581033,50.541,121.4,0.00569,0.417,0.288049422
1554777581079,50.587,121.4,0.00569,0.417,0.288049422
1554777581125,50.633,121.4,0.00569,0.417,0.288049422
1554777581186,50.694,121.4,0.00573,0.416,0.289378752
1554777581232,50.741,121.4,0.00573,0.416,0.289378752
1554777581279,50.787,121.4,0.00573,0.416,0.289378752
1554777581325,50.833,121.4,0.00573,0.416,0.289378752
1554777581387,50.895,121.4,0.00568,0.419,0.288922288
1554777581433,50.941,121.4,0.00568,0.419,0.288922288
1554777581479,50.987,121.4,0.00568,0.419,0.288922288
1554777581526,51.034,121.4,0.00568,0.419,0.288922288
1554777581587,51.095,121.4,0.00568,0.417,0.287543184
1554777581633,51.141,121.4,0.00568,0.417,0.287543184
1554777581679,51.187,121.4,0.00568,0.417,0.287543184
1554777581725,51.233,121.4,0.00568,0.417,0.287543184
1554777581787,51.295,121.4,0.00572,0.417,0.289568136
1554777581833,51.341,121.4,0.00572,0.417,0.289568136
1554777581879,51.387,121.4,0.00572,0.417,0.289568136
1554777581925,51.433,121.4,0.00572,0.417,0.289568136
1554777581987,51.495,121.4,0.00573,0.418,0.290769996
1554777582033,51.541,121.4,0.00573,0.418,0.290769996
1554777582079,51.587,121.4,0.00573,0.418,0.290769996
1554777582125,51.633,121.4,0.00573,0.418,0.290769996
1554777582186,51.694,121.5,0.00573,0.419,0.291705705
1554777582232,51.74,121.5,0.00573,0.419,0.291705705
1554777582278,51.786,121.5,0.00573,0.419,0.291705705
1554777582324,51.832,121.5,0.00573,0.419,0.291705705
1554777582387,51.895,121.5,0.00571,0.42,0.2913813
1554777582433,51.941,121.5,0.00571,0.42,0.2913813
1554777582479,51.987,121.5,0.00571,0.42,0.2913813
1554777582525,52.033,121.5,0.00571,0.42,0.2913813
1554777582586,52.094,121.5,0.0057,0.419,0.29017845
1554777582632,52.14,121.5,0.0057,0.419,0.29017845
1554777582678,52.186,121.5,0.0057,0.419,0.29017845
1554777582724,52.232,121.5,0.0057,0.419,0.29017845
1554777582787,52.295,121.4,0.00566,0.418,0.287217832
1554777582833,52.341,121.4,0.00566,0.418,0.287217832
1554777582879,52.387,121.4,0.00566,0.418,0.287217832
1554777582925,52.433,121.4,0.00566,0.418,0.287217832
1554777582987,52.495,121.4,0.00573,0.416,0.289378752
1554777583033,52.541,121.4,0.00573,0.416,0.289378752
1554777583079,52.587,121.4,0.00573,0.416,0.289378752
1554777583125,52.633,121.4,0.00573,0.416,0.289378752
1554777583186,52.694,121.4,0.00569,0.417,0.288049422
1554777583232,52.74,121.4,0.00569,0.417,0.288049422
1554777583278,52.786,121.4,0.00569,0.417,0.288049422
1554777583324,52.833,121.4,0.00569,0.417,0.288049422
1554777583387,52.895,121.4,0.00567,0.417,0.287036946
1554777583433,52.941,121.4,0.00567,0.417,0.287036946
1554777583479,52.987,121.4,0.00567,0.417,0.287036946
1554777583526,53.034,121.4,0.00567,0.417,0.287036946
1554777583587,53.095,121.4,0.00564,0.417,0.285518232
1554777583633,53.141,121.4,0.00564,0.417,0.285518232
1554777583679,53.187,121.4,0.00564,0.417,0.285518232
1554777583726,53.234,121.4,0.00564,0.417,0.285518232
1554777583787,53.295,121.4,0.00564,0.416,0.284833536
1554777583833,53.341,121.4,0.00564,0.416,0.284833536
1554777583879,53.387,121.4,0.00564,0.416,0.284833536
1554777583925,53.433,121.4,0.00564,0.416,0.284833536
1554777583987,53.495,121.3,0.00564,0.417,0.285283044
1554777584033,53.541,121.3,0.00564,0.417,0.285283044
1554777584079,53.587,121.3,0.00564,0.417,0.285283044
1554777584125,53.633,121.3,0.00564,0.417,0.285283044
1554777584186,53.694,121.3,0.00566,0.419,0.287667802
1554777584232,53.74,121.3,0.00566,0.419,0.287667802
1554777584279,53.787,121.3,0.00566,0.419,0.287667802
1554777584325,53.833,121.3,0.00566,0.419,0.287667802
1554777584386,53.894,121.4,0.00569,0.415,0.28666789
1554777584432,53.94,121.4,0.00569,0.415,0.28666789
1554777584478,53.986,121.4,0.00569,0.415,0.28666789
1554777584524,54.032,121.4,0.00569,0.415,0.28666789
1554777584586,54.094,121.4,0.00569,0.416,0.287358656
1554777584632,54.14,121.4,0.00569,0.416,0.287358656
1554777584678,54.186,121.4,0.00569,0.416,0.287358656
1554777584724,54.232,121.4,0.00569,0.416,0.287358656
1554777584786,54.294,121.3,0.00565,0.417,0.285788865
1554777584831,54.339,121.3,0.00565,0.417,0.285788865
1554777584878,54.386,121.3,0.00565,0.417,0.285788865
1554777584924,54.432,121.3,0.00565,0.417,0.285788865
1554777584986,54.494,121.3,0.00567,0.415,0.285424965
1554777585032,54.54,121.3,0.00567,0.415,0.285424965
1554777585078,54.586,121.3,0.00567,0.415,0.285424965
1554777585124,54.632,121.3,0.00567,0.415,0.285424965
1554777585186,54.694,121.4,0.0057,0.416,0.28786368
1554777585231,54.739,121.4,0.0057,0.416,0.28786368
1554777585277,54.785,121.4,0.0057,0.416,0.28786368
1554777585324,54.832,121.4,0.0057,0.416,0.28786368
1554777585386,54.894,121.4,0.0057,0.417,0.28855566
1554777585432,54.94,121.4,0.0057,0.417,0.28855566
1554777585478,54.986,121.4,0.0057,0.417,0.28855566
1554777585524,55.032,121.4,0.0057,0.417,0.28855566
1554777585586,55.094,121.4,0.00572,0.416,0.288873728
1554777585631,55.139,121.4,0.00572,0.416,0.288873728
1554777585677,55.185,121.4,0.00572,0.416,0.288873728
1554777585724,55.232,121.4,0.00572,0.416,0.288873728
1554777585786,55.294,121.4,0.00569,0.416,0.287358656
1554777585832,55.34,121.4,0.00569,0.416,0.287358656
1554777585878,55.386,121.4,0.00569,0.416,0.287358656
1554777585924,55.432,121.4,0.00569,0.416,0.287358656
1554777585986,55.494,121.4,0.00572,0.416,0.288873728
1554777586033,55.541,121.4,0.00572,0.416,0.288873728
1554777586079,55.587,121.4,0.00572,0.416,0.288873728
1554777586125,55.633,121.4,0.00572,0.416,0.288873728
1554777586186,55.694,121.4,0.00577,0.416,0.291398848
1554777586232,55.74,121.4,0.00577,0.416,0.291398848
1554777586278,55.786,121.4,0.00577,0.416,0.291398848
1554777586324,55.832,121.4,0.00577,0.416,0.291398848
1554777586385,55.893,121.4,0.00575,0.416,0.2903888
1554777586432,55.94,121.4,0.00575,0.416,0.2903888
1554777586478,55.986,121.4,0.00575,0.416,0.2903888
1554777586524,56.032,121.4,0.00575,0.416,0.2903888
1554777586586,56.094,121.5,0.00572,0.416,0.28911168
1554777586632,56.14,121.5,0.00572,0.416,0.28911168
1554777586678,56.186,121.5,0.00572,0.416,0.28911168
1554777586724,56.232,121.5,0.00572,0.416,0.28911168
1554777586786,56.294,121.4,0.00568,0.416,0.286853632
1554777586832,56.34,121.4,0.00568,0.416,0.286853632
1554777586878,56.386,121.4,0.00568,0.416,0.286853632
1554777586924,56.432,121.4,0.00568,0.416,0.286853632
1554777586986,56.494,121.4,0.00574,0.415,0.28918694
1554777587032,56.54,121.4,0.00574,0.415,0.28918694
1554777587079,56.587,121.4,0.00574,0.415,0.28918694
1554777587125,56.633,121.4,0.00574,0.415,0.28918694
1554777587186,56.694,121.4,0.00571,0.419,0.290448286
1554777587232,56.74,121.4,0.00571,0.419,0.290448286
1554777587278,56.786,121.4,0.00571,0.419,0.290448286
1554777587324,56.832,121.4,0.00571,0.419,0.290448286
1554777587385,56.893,121.4,0.00566,0.418,0.287217832
1554777587431,56.939,121.4,0.00566,0.418,0.287217832
1554777587477,56.985,121.4,0.00566,0.418,0.287217832
1554777587523,57.032,121.4,0.00566,0.418,0.287217832
1554777587586,57.094,121.4,0.00564,0.419,0.286887624
1554777587632,57.14,121.4,0.00564,0.419,0.286887624
1554777587678,57.186,121.4,0.00564,0.419,0.286887624
1554777587724,57.232,121.4,0.00564,0.419,0.286887624
1554777587785,57.293,121.4,0.00558,0.419,0.283835628
1554777587831,57.339,121.4,0.00558,0.419,0.283835628
1554777587877,57.385,121.4,0.00558,0.419,0.283835628
1554777587924,57.432,121.4,0.00558,0.419,0.283835628
1554777587986,57.494,121.4,0.00565,0.419,0.28739629
1554777588032,57.54,121.4,0.00565,0.419,0.28739629
1554777588078,57.586,121.4,0.00565,0.419,0.28739629
1554777588124,57.632,121.4,0.00565,0.419,0.28739629
1554777588185,57.693,121.4,0.00563,0.418,0.285695476
1554777588231,57.739,121.4,0.00563,0.418,0.285695476
1554777588278,57.786,121.4,0.00563,0.418,0.285695476
1554777588324,57.832,121.4,0.00563,0.418,0.285695476
1554777588386,57.894,121.4,0.00561,0.419,0.285361626
1554777588432,57.94,121.4,0.00561,0.419,0.285361626
1554777588478,57.986,121.4,0.00561,0.419,0.285361626
1554777588525,58.033,121.4,0.00561,0.419,0.285361626
1554777588586,58.094,121.4,0.00562,0.418,0.285188024
1554777588632,58.14,121.4,0.00562,0.418,0.285188024
1554777588678,58.186,121.4,0.00562,0.418,0.285188024
1554777588724,58.232,121.4,0.00562,0.418,0.285188024
1554777588786,58.294,121.3,0.00563,0.416,0.284094304
1554777588832,58.34,121.3,0.00563,0.416,0.284094304
1554777588878,58.386,121.3,0.00563,0.416,0.284094304
1554777588924,58.432,121.3,0.00563,0.416,0.284094304
1554777588985,58.493,121.3,0.00566,0.418,0.286981244
1554777589031,58.539,121.3,0.00566,0.418,0.286981244
1554777589077,58.585,121.3,0.00566,0.418,0.286981244
1554777589123,58.631,121.3,0.00566,0.418,0.286981244
1554777589185,58.693,121.4,0.00568,0.418,0.288232736
1554777589231,58.739,121.4,0.00568,0.418,0.288232736
1554777589278,58.786,121.4,0.00568,0.418,0.288232736
1554777589324,58.832,121.4,0.00568,0.418,0.288232736
1554777589385,58.893,121.4,0.00568,0.418,0.288232736
1554777589431,58.939,121.4,0.00568,0.418,0.288232736
1554777589477,58.985,121.4,0.00568,0.418,0.288232736
1554777589523,59.031,121.4,0.00568,0.418,0.288232736
1554777589585,59.093,121.4,0.00571,0.418,0.289755092
1554777589632,59.14,121.4,0.00571,0.418,0.289755092
1554777589678,59.186,121.4,0.00571,0.418,0.289755092
1554777589724,59.232,121.4,0.00571,0.418,0.289755092
1554777589785,59.293,121.4,0.00572,0.416,0.288873728
1554777589831,59.339,121.4,0.00572,0.416,0.288873728
1554777589877,59.385,121.4,0.00572,0.416,0.288873728
1554777589923,59.431,121.4,0.00572,0.416,0.288873728
1554777589985,59.493,121.4,0.0057,0.42,0.2906316
1554777590031,59.539,121.4,0.0057,0.42,0.2906316
1554777590077,59.585,121.4,0.0057,0.42,0.2906316
1554777590123,59.631,121.4,0.0057,0.42,0.2906316
1554777590186,59.694,121.4,0.00574,0.419,0.291974284
1554777590232,59.74,121.4,0.00574,0.419,0.291974284
1554777590278,59.786,121.4,0.00574,0.419,0.291974284
1554777590324,59.832,121.4,0.00574,0.419,0.291974284
1554777590385,59.893,121.5,0.0057,0.42,0.290871
1554777590431,59.939,121.5,0.0057,0.42,0.290871
1554777590477,59.985,121.5,0.0057,0.42,0.290871
1554777590523,60.031,121.5,0.0057,0.42,0.290871
1554777590586,60.094,121.5,0.00567,0.42,0.2893401
1554777590632,60.14,121.5,0.00567,0.42,0.2893401
1554777590678,60.186,121.5,0.00567,0.42,0.2893401
1554777590724,60.232,121.5,0.00567,0.42,0.2893401
1554777590785,60.293,121.4,0.00562,0.423,0.288599364
1554777590831,60.339,121.4,0.00562,0.423,0.288599364
1554777590877,60.385,121.4,0.00562,0.423,0.288599364
1554777590923,60.431,121.4,0.00562,0.423,0.288599364
1554777590985,60.493,121.4,0.00565,0.418,0.28671038
1554777591031,60.539,121.4,0.00565,0.418,0.28671038
1554777591079,60.587,121.4,0.00565,0.418,0.28671038
1554777591125,60.633,121.4,0.00565,0.418,0.28671038
1554777591185,60.693,121.4,0.00567,0.419,0.288413622
1554777591231,60.739,121.4,0.00567,0.419,0.288413622
1554777591277,60.785,121.4,0.00567,0.419,0.288413622
1554777591323,60.831,121.4,0.00567,0.419,0.288413622
1554777591385,60.893,121.4,0.00565,0.419,0.28739629
1554777591431,60.939,121.4,0.00565,0.419,0.28739629
1554777591478,60.986,121.4,0.00565,0.419,0.28739629
1554777591524,61.032,121.4,0.00565,0.419,0.28739629
1554777591586,61.094,121.4,0.00563,0.42,0.28706244
1554777591632,61.14,121.4,0.00563,0.42,0.28706244
1554777591678,61.186,121.4,0.00563,0.42,0.28706244
1554777591724,61.232,121.4,0.00563,0.42,0.28706244
1554777591785,61.293,121.4,0.00563,0.417,0.285011994
1554777591831,61.339,121.4,0.00563,0.417,0.285011994
1554777591877,61.385,121.4,0.00563,0.417,0.285011994
1554777591923,61.431,121.4,0.00563,0.417,0.285011994
1554777591985,61.493,121.3,0.00568,0.414,0.285239376
1554777592032,61.54,121.3,0.00568,0.414,0.285239376
1554777592078,61.586,121.3,0.00568,0.414,0.285239376
1554777592124,61.632,121.3,0.00568,0.414,0.285239376
1554777592185,61.693,121.4,0.00568,0.414,0.285474528
1554777592231,61.739,121.4,0.00568,0.414,0.285474528
1554777592277,61.785,121.4,0.00568,0.414,0.285474528
1554777592323,61.831,121.4,0.00568,0.414,0.285474528
1554777592385,61.893,121.4,0.00568,0.416,0.286853632
1554777592431,61.939,121.4,0.00568,0.416,0.286853632
1554777592477,61.985,121.4,0.00568,0.416,0.286853632
1554777592523,62.031,121.4,0.00568,0.416,0.286853632
1554777592584,62.093,121.4,0.00567,0.417,0.287036946
1554777592630,62.138,121.4,0.00567,0.417,0.287036946
1554777592676,62.184,121.4,0.00567,0.417,0.287036946
1554777592722,62.23,121.4,0.00567,0.417,0.287036946
1554777592785,62.293,121.4,0.00563,0.417,0.285011994
1554777592830,62.338,121.4,0.00563,0.417,0.285011994
1554777592877,62.385,121.4,0.00563,0.417,0.285011994
1554777592923,62.431,121.4,0.00563,0.417,0.285011994
1554777592985,62.493,121.3,0.00567,0.415,0.285424965
1554777593031,62.539,121.3,0.00567,0.415,0.285424965
1554777593077,62.585,121.3,0.00567,0.415,0.285424965
1554777593123,62.631,121.3,0.00567,0.415,0.285424965
1554777593184,62.692,121.4,0.00568,0.418,0.288232736
1554777593230,62.738,121.4,0.00568,0.418,0.288232736
1554777593277,62.785,121.4,0.00568,0.418,0.288232736
1554777593324,62.832,121.4,0.00568,0.418,0.288232736
1554777593385,62.893,121.4,0.00571,0.417,0.289061898
1554777593431,62.939,121.4,0.00571,0.417,0.289061898
1554777593477,62.985,121.4,0.00571,0.417,0.289061898
1554777593523,63.031,121.4,0.00571,0.417,0.289061898
1554777593584,63.092,121.4,0.00571,0.417,0.289061898
1554777593630,63.138,121.4,0.00571,0.417,0.289061898
1554777593676,63.184,121.4,0.00571,0.417,0.289061898
1554777593722,63.23,121.4,0.00571,0.417,0.289061898
1554777593784,63.292,121.4,0.00569,0.417,0.288049422
1554777593830,63.339,121.4,0.00569,0.417,0.288049422
1554777593877,63.385,121.4,0.00569,0.417,0.288049422
1554777593923,63.431,121.4,0.00569,0.417,0.288049422
1554777593985,63.493,121.4,0.0057,0.418,0.28924764
1554777594031,63.539,121.4,0.0057,0.418,0.28924764
1554777594077,63.585,121.4,0.0057,0.418,0.28924764
1554777594123,63.631,121.4,0.0057,0.418,0.28924764
1554777594184,63.692,121.4,0.00573,0.42,0.29216124
1554777594231,63.739,121.4,0.00573,0.42,0.29216124
1554777594277,63.785,121.4,0.00573,0.42,0.29216124
1554777594323,63.831,121.4,0.00573,0.42,0.29216124
1554777594385,63.893,121.5,0.00572,0.419,0.29119662
1554777594431,63.939,121.5,0.00572,0.419,0.29119662
1554777594477,63.985,121.5,0.00572,0.419,0.29119662
1554777594523,64.031,121.5,0.00572,0.419,0.29119662
1554777594584,64.092,121.5,0.00569,0.417,0.288286695
1554777594631,64.139,121.5,0.00569,0.417,0.288286695
1554777594677,64.185,121.5,0.00569,0.417,0.288286695
1554777594723,64.231,121.5,0.00569,0.417,0.288286695
1554777594784,64.292,121.5,0.00567,0.421,0.290029005
1554777594830,64.338,121.5,0.00567,0.421,0.290029005
1554777594876,64.384,121.5,0.00567,0.421,0.290029005
1554777594922,64.43,121.5,0.00567,0.421,0.290029005
1554777594985,64.493,121.4,0.00569,0.419,0.289430954
1554777595031,64.539,121.4,0.00569,0.419,0.289430954
1554777595077,64.585,121.4,0.00569,0.419,0.289430954
1554777595123,64.631,121.4,0.00569,0.419,0.289430954
1554777595184,64.692,121.4,0.0057,0.418,0.28924764
1554777595230,64.738,121.4,0.0057,0.418,0.28924764
1554777595276,64.784,121.4,0.0057,0.418,0.28924764
1554777595322,64.83,121.4,0.0057,0.418,0.28924764
1554777595384,64.892,121.4,0.00567,0.418,0.287725284
1554777595431,64.939,121.4,0.00567,0.418,0.287725284
1554777595477,64.985,121.4,0.00567,0.418,0.287725284
1554777595523,65.031,121.4,0.00567,0.418,0.287725284
1554777595584,65.092,121.5,0.00566,0.417,0.28676673
1554777595630,65.138,121.5,0.00566,0.417,0.28676673
1554777595676,65.184,121.5,0.00566,0.417,0.28676673
1554777595722,65.23,121.5,0.00566,0.417,0.28676673
1554777595784,65.292,121.4,0.00561,0.416,0.283318464
1554777595831,65.339,121.4,0.00561,0.416,0.283318464
1554777595877,65.385,121.4,0.00561,0.416,0.283318464
1554777595923,65.431,121.4,0.00561,0.416,0.283318464
1554777595984,65.492,121.4,0.00564,0.418,0.286202928
1554777596030,65.538,121.4,0.00564,0.418,0.286202928
1554777596076,65.584,121.4,0.00564,0.418,0.286202928
1554777596122,65.63,121.4,0.00564,0.418,0.286202928
1554777596184,65.692,121.4,0.00563,0.414,0.282961548
1554777596230,65.739,121.4,0.00563,0.414,0.282961548
1554777596277,65.785,121.4,0.00563,0.414,0.282961548
1554777596323,65.831,121.4,0.00563,0.414,0.282961548
1554777596384,65.892,121.4,0.00565,0.42,0.2880822
1554777596430,65.938,121.4,0.00565,0.42,0.2880822
1554777596476,65.984,121.4,0.00565,0.42,0.2880822
1554777596522,66.03,121.4,0.00565,0.42,0.2880822
1554777596584,66.092,121.4,0.00563,0.418,0.285695476
1554777596630,66.138,121.4,0.00563,0.418,0.285695476
1554777596677,66.185,121.4,0.00563,0.418,0.285695476
1554777596723,66.231,121.4,0.00563,0.418,0.285695476
1554777596784,66.292,121.4,0.00561,0.419,0.285361626
1554777596829,66.338,121.4,0.00561,0.419,0.285361626
1554777596876,66.384,121.4,0.00561,0.419,0.285361626
1554777596922,66.43,121.4,0.00561,0.419,0.285361626
1554777596984,66.492,121.3,0.00563,0.418,0.285460142
1554777597030,66.538,121.3,0.00563,0.418,0.285460142
1554777597076,66.584,121.3,0.00563,0.418,0.285460142
1554777597122,66.63,121.3,0.00563,0.418,0.285460142
1554777597184,66.692,121.3,0.00569,0.42,0.28988274
1554777597230,66.738,121.3,0.00569,0.42,0.28988274
1554777597276,66.784,121.3,0.00569,0.42,0.28988274
1554777597322,66.83,121.3,0.00569,0.42,0.28988274
1554777597384,66.892,121.4,0.00571,0.421,0.291834674
1554777597429,66.937,121.4,0.00571,0.421,0.291834674
1554777597476,66.984,121.4,0.00571,0.421,0.291834674
1554777597522,67.03,121.4,0.00571,0.421,0.291834674
1554777597584,67.092,121.4,0.00575,0.414,0.2889927
1554777597630,67.138,121.4,0.00575,0.414,0.2889927
1554777597677,67.185,121.4,0.00575,0.414,0.2889927
1554777597723,67.231,121.4,0.00575,0.414,0.2889927
1554777597784,67.292,121.4,0.00573,0.415,0.28868313
1554777597829,67.337,121.4,0.00573,0.415,0.28868313
1554777597876,67.384,121.4,0.00573,0.415,0.28868313
1554777597922,67.43,121.4,0.00573,0.415,0.28868313
1554777597984,67.492,121.4,0.00575,0.417,0.29108685
1554777598030,67.538,121.4,0.00575,0.417,0.29108685
1554777598076,67.584,121.4,0.00575,0.417,0.29108685
1554777598122,67.63,121.4,0.00575,0.417,0.29108685
1554777598184,67.692,121.4,0.00574,0.416,0.289883776
1554777598229,67.737,121.4,0.00574,0.416,0.289883776
1554777598275,67.784,121.4,0.00574,0.416,0.289883776
1554777598322,67.83,121.4,0.00574,0.416,0.289883776
1554777598384,67.892,121.4,0.00573,0.418,0.290769996
1554777598430,67.938,121.4,0.00573,0.418,0.290769996
1554777598476,67.985,121.4,0.00573,0.418,0.290769996
1554777598522,68.031,121.4,0.00573,0.418,0.290769996
1554777598584,68.092,121.5,0.00574,0.417,0.29081997
1554777598629,68.137,121.5,0.00574,0.417,0.29081997
1554777598675,68.183,121.5,0.00574,0.417,0.29081997
1554777598722,68.23,121.5,0.00574,0.417,0.29081997
1554777598784,68.292,121.5,0.0057,0.416,0.2881008
1554777598830,68.338,121.5,0.0057,0.416,0.2881008
1554777598876,68.384,121.5,0.0057,0.416,0.2881008
1554777598922,68.43,121.5,0.0057,0.416,0.2881008
1554777598984,68.492,121.4,0.0057,0.418,0.28924764
1554777599030,68.538,121.4,0.0057,0.418,0.28924764
1554777599076,68.584,121.4,0.0057,0.418,0.28924764
1554777599122,68.63,121.4,0.0057,0.418,0.28924764
1554777599183,68.691,121.4,0.00568,0.417,0.287543184
1554777599229,68.737,121.4,0.00568,0.417,0.287543184
1554777599275,68.783,121.4,0.00568,0.417,0.287543184
1554777599321,68.829,121.4,0.00568,0.417,0.287543184
1554777599384,68.892,121.4,0.00565,0.42,0.2880822
1554777599430,68.938,121.4,0.00565,0.42,0.2880822
1554777599476,68.984,121.4,0.00565,0.42,0.2880822
1554777599522,69.03,121.4,0.00565,0.42,0.2880822
1554777599584,69.092,121.5,0.00561,0.422,0.28764153
1554777599630,69.138,121.5,0.00561,0.422,0.28764153
1554777599676,69.184,121.5,0.00561,0.422,0.28764153
1554777599723,69.231,121.5,0.00561,0.422,0.28764153
1554777599784,69.292,121.4,0.00559,0.42,0.28502292
1554777599830,69.338,121.4,0.00559,0.42,0.28502292
1554777599876,69.384,121.4,0.00559,0.42,0.28502292
1554777599922,69.43,121.4,0.00559,0.42,0.28502292
1554777599984,69.492,121.4,0.00558,0.421,0.285190452
1554777600030,69.538,121.4,0.00558,0.421,0.285190452
1554777600076,69.584,121.4,0.00558,0.421,0.285190452
1554777600122,69.63,121.4,0.00558,0.421,0.285190452
1554777600183,69.691,121.4,0.0056,0.423,0.28757232
1554777600230,69.738,121.4,0.0056,0.423,0.28757232
1554777600276,69.784,121.4,0.0056,0.423,0.28757232
1554777600322,69.83,121.4,0.0056,0.423,0.28757232
1554777600384,69.892,121.4,0.00564,0.419,0.286887624
1554777600430,69.938,121.4,0.00564,0.419,0.286887624
1554777600476,69.984,121.4,0.00564,0.419,0.286887624
1554777600522,70.031,121.4,0.00564,0.419,0.286887624
1554777600584,70.092,121.4,0.00565,0.415,0.28465265
1554777600630,70.138,121.4,0.00565,0.415,0.28465265
1554777600676,70.184,121.4,0.00565,0.415,0.28465265
1554777600722,70.23,121.4,0.00565,0.415,0.28465265
1554777600783,70.291,121.4,0.00564,0.415,0.28414884
1554777600829,70.337,121.4,0.00564,0.415,0.28414884
1554777600875,70.383,121.4,0.00564,0.415,0.28414884
1554777600921,70.429,121.4,0.00564,0.415,0.28414884
1554777600983,70.491,121.3,0.00562,0.419,0.285634814
1554777601030,70.538,121.3,0.00562,0.419,0.285634814
1554777601076,70.584,121.3,0.00562,0.419,0.285634814
1554777601122,70.63,121.3,0.00562,0.419,0.285634814
1554777601184,70.692,121.3,0.00565,0.419,0.287159555
1554777601230,70.738,121.3,0.00565,0.419,0.287159555
1554777601276,70.784,121.3,0.00565,0.419,0.287159555
1554777601322,70.83,121.3,0.00565,0.419,0.287159555
1554777601384,70.892,121.3,0.00567,0.419,0.288176049
1554777601430,70.938,121.3,0.00567,0.419,0.288176049
1554777601476,70.984,121.3,0.00567,0.419,0.288176049
1554777601523,71.031,121.3,0.00567,0.419,0.288176049
1554777601583,71.091,121.4,0.00568,0.419,0.288922288
1554777601629,71.137,121.4,0.00568,0.419,0.288922288
1554777601676,71.184,121.4,0.00568,0.419,0.288922288
1554777601722,71.23,121.4,0.00568,0.419,0.288922288
1554777601783,71.291,121.4,0.00568,0.419,0.288922288
1554777601829,71.337,121.4,0.00568,0.419,0.288922288
1554777601875,71.383,121.4,0.00568,0.419,0.288922288
1554777601921,71.429,121.4,0.00568,0.419,0.288922288
1554777601983,71.491,121.4,0.00567,0.42,0.28910196
1554777602030,71.538,121.4,0.00567,0.42,0.28910196
1554777602076,71.584,121.4,0.00567,0.42,0.28910196
1554777602122,71.63,121.4,0.00567,0.42,0.28910196
1554777602183,71.691,121.4,0.00572,0.418,0.290262544
1554777602229,71.737,121.4,0.00572,0.418,0.290262544
1554777602275,71.783,121.4,0.00572,0.418,0.290262544
1554777602321,71.829,121.4,0.00572,0.418,0.290262544
1554777602383,71.891,121.4,0.00573,0.42,0.29216124
1554777602429,71.938,121.4,0.00573,0.42,0.29216124
1554777602476,71.984,121.4,0.00573,0.42,0.29216124
1554777602522,72.03,121.4,0.00573,0.42,0.29216124
1554777602583,72.091,121.4,0.00569,0.417,0.288049422
1554777602629,72.137,121.4,0.00569,0.417,0.288049422
1554777602675,72.183,121.4,0.00569,0.417,0.288049422
1554777602721,72.229,121.4,0.00569,0.417,0.288049422
1554777602783,72.291,121.4,0.00566,0.419,0.287904956
1554777602829,72.337,121.4,0.00566,0.419,0.287904956
1554777602875,72.384,121.4,0.00566,0.419,0.287904956
1554777602922,72.43,121.4,0.00566,0.419,0.287904956
1554777602983,72.491,121.4,0.00568,0.418,0.288232736
1554777603029,72.537,121.4,0.00568,0.418,0.288232736
1554777603075,72.583,121.4,0.00568,0.418,0.288232736
1554777603121,72.629,121.4,0.00568,0.418,0.288232736
1554777603183,72.691,121.4,0.00573,0.414,0.287987508
1554777603229,72.737,121.4,0.00573,0.414,0.287987508
1554777603275,72.783,121.4,0.00573,0.414,0.287987508
1554777603322,72.83,121.4,0.00573,0.414,0.287987508
1554777603383,72.891,121.4,0.00569,0.418,0.288740188
1554777603429,72.937,121.4,0.00569,0.418,0.288740188
1554777603475,72.983,121.4,0.00569,0.418,0.288740188
1554777603521,73.029,121.4,0.00569,0.418,0.288740188
1554777603584,73.092,121.4,0.00565,0.42,0.2880822
1554777603630,73.138,121.4,0.00565,0.42,0.2880822
1554777603676,73.184,121.4,0.00565,0.42,0.2880822
1554777603722,73.23,121.4,0.00565,0.42,0.2880822
1554777603783,73.291,121.4,0.00565,0.417,0.28602447
1554777603829,73.337,121.4,0.00565,0.417,0.28602447
1554777603875,73.383,121.4,0.00565,0.417,0.28602447
1554777603921,73.429,121.4,0.00565,0.417,0.28602447
1554777603983,73.491,121.4,0.00562,0.416,0.283823488
1554777604030,73.538,121.4,0.00562,0.416,0.283823488
1554777604076,73.584,121.4,0.00562,0.416,0.283823488
1554777604122,73.63,121.4,0.00562,0.416,0.283823488
1554777604183,73.691,121.4,0.00566,0.416,0.285843584
1554777604229,73.737,121.4,0.00566,0.416,0.285843584
1554777604275,73.783,121.4,0.00566,0.416,0.285843584
1554777604321,73.829,121.4,0.00566,0.416,0.285843584
1554777604382,73.89,121.4,0.00563,0.415,0.28364503
1554777604429,73.937,121.4,0.00563,0.415,0.28364503
1554777604475,73.983,121.4,0.00563,0.415,0.28364503
1554777604521,74.029,121.4,0.00563,0.415,0.28364503
1554777604583,74.091,121.4,0.00564,0.414,0.283464144
1554777604629,74.137,121.4,0.00564,0.414,0.283464144
1554777604675,74.183,121.4,0.00564,0.414,0.283464144
1554777604721,74.229,121.4,0.00564,0.414,0.283464144
1554777604783,74.291,121.4,0.00566,0.418,0.287217832
1554777604829,74.338,121.4,0.00566,0.418,0.287217832
1554777604876,74.384,121.4,0.00566,0.418,0.287217832
1554777604922,74.43,121.4,0.00566,0.418,0.287217832
1554777604983,74.491,121.4,0.00565,0.416,0.28533856
1554777605029,74.537,121.4,0.00565,0.416,0.28533856
1554777605075,74.583,121.4,0.00565,0.416,0.28533856
1554777605121,74.629,121.4,0.00565,0.416,0.28533856
1554777605183,74.691,121.3,0.00566,0.418,0.286981244
1554777605229,74.737,121.3,0.00566,0.418,0.286981244
1554777605275,74.783,121.3,0.00566,0.418,0.286981244
1554777605322,74.83,121.3,0.00566,0.418,0.286981244
1554777605383,74.891,121.4,0.00571,0.417,0.289061898
1554777605429,74.937,121.4,0.00571,0.417,0.289061898
1554777605475,74.983,121.4,0.00571,0.417,0.289061898
1554777605521,75.029,121.4,0.00571,0.417,0.289061898
1554777605583,75.091,121.4,0.00575,0.416,0.2903888
1554777605629,75.137,121.4,0.00575,0.416,0.2903888
1554777605675,75.183,121.4,0.00575,0.416,0.2903888
1554777605721,75.229,121.4,0.00575,0.416,0.2903888
1554777605783,75.291,121.4,0.00568,0.418,0.288232736
1554777605829,75.337,121.4,0.00568,0.418,0.288232736
1554777605875,75.383,121.4,0.00568,0.418,0.288232736
1554777605921,75.429,121.4,0.00568,0.418,0.288232736
1554777605982,75.49,121.4,0.00565,0.421,0.28876811
1554777606028,75.536,121.4,0.00565,0.421,0.28876811
1554777606074,75.582,121.4,0.00565,0.421,0.28876811
1554777606121,75.629,121.4,0.00565,0.421,0.28876811
1554777606183,75.691,121.4,0.00573,0.421,0.292856862
1554777606229,75.737,121.4,0.00573,0.421,0.292856862
1554777606275,75.783,121.4,0.00573,0.421,0.292856862
1554777606321,75.829,121.4,0.00573,0.421,0.292856862
1554777606382,75.89,121.4,0.00575,0.417,0.29108685
1554777606428,75.936,121.4,0.00575,0.417,0.29108685
1554777606474,75.982,121.4,0.00575,0.417,0.29108685
1554777606520,76.028,121.4,0.00575,0.417,0.29108685
1554777606583,76.091,121.4,0.00573,0.417,0.290074374
1554777606629,76.137,121.4,0.00573,0.417,0.290074374
1554777606675,76.183,121.4,0.00573,0.417,0.290074374
1554777606721,76.229,121.4,0.00573,0.417,0.290074374
1554777606782,76.29,121.4,0.00568,0.417,0.287543184
1554777606828,76.336,121.4,0.00568,0.417,0.287543184
1554777606874,76.382,121.4,0.00568,0.417,0.287543184
1554777606920,76.428,121.4,0.00568,0.417,0.287543184
1554777606982,76.49,121.4,0.0057,0.418,0.28924764
1554777607028,76.536,121.4,0.0057,0.418,0.28924764
1554777607074,76.583,121.4,0.0057,0.418,0.28924764
1554777607121,76.629,121.4,0.0057,0.418,0.28924764
1554777607183,76.691,121.4,0.0057,0.415,0.2871717
1554777607229,76.737,121.4,0.0057,0.415,0.2871717
1554777607275,76.783,121.4,0.0057,0.415,0.2871717
1554777607321,76.829,121.4,0.0057,0.415,0.2871717
1554777607382,76.89,121.4,0.00568,0.42,0.28961184
1554777607428,76.936,121.4,0.00568,0.42,0.28961184
1554777607474,76.982,121.4,0.00568,0.42,0.28961184
1554777607520,77.028,121.4,0.00568,0.42,0.28961184
1554777607582,77.09,121.4,0.00564,0.42,0.28757232
1554777607628,77.136,121.4,0.00564,0.42,0.28757232
1554777607675,77.183,121.4,0.00564,0.42,0.28757232
1554777607721,77.229,121.4,0.00564,0.42,0.28757232
1554777607783,77.291,121.4,0.00561,0.418,0.284680572
1554777607829,77.337,121.4,0.00561,0.418,0.284680572
1554777607875,77.383,121.4,0.00561,0.418,0.284680572
1554777607921,77.429,121.4,0.00561,0.418,0.284680572
1554777607982,77.49,121.4,0.00566,0.415,0.28515646
1554777608028,77.536,121.4,0.00566,0.415,0.28515646
1554777608074,77.582,121.4,0.00566,0.415,0.28515646
1554777608120,77.628,121.4,0.00566,0.415,0.28515646
1554777608182,77.69,121.4,0.00566,0.415,0.28515646
1554777608228,77.736,121.4,0.00566,0.415,0.28515646
1554777608275,77.783,121.4,0.00566,0.415,0.28515646
1554777608321,77.829,121.4,0.00566,0.415,0.28515646
1554777608382,77.89,121.4,0.00562,0.418,0.285188024
1554777608428,77.936,121.4,0.00562,0.418,0.285188024
1554777608474,77.982,121.4,0.00562,0.418,0.285188024
1554777608520,78.028,121.4,0.00562,0.418,0.285188024
1554777608583,78.091,121.4,0.00564,0.42,0.28757232
1554777608629,78.137,121.4,0.00564,0.42,0.28757232
1554777608675,78.183,121.4,0.00564,0.42,0.28757232
1554777608721,78.229,121.4,0.00564,0.42,0.28757232
1554777608782,78.29,121.4,0.00565,0.417,0.28602447
1554777608829,78.337,121.4,0.00565,0.417,0.28602447
1554777608875,78.383,121.4,0.00565,0.417,0.28602447
1554777608921,78.429,121.4,0.00565,0.417,0.28602447
1554777608982,78.49,121.3,0.00565,0.416,0.28510352
1554777609028,78.536,121.3,0.00565,0.416,0.28510352
1554777609074,78.582,121.3,0.00565,0.416,0.28510352
1554777609120,78.628,121.3,0.00565,0.416,0.28510352
1554777609182,78.69,121.3,0.00568,0.417,0.287306328
1554777609229,78.737,121.3,0.00568,0.417,0.287306328
1554777609275,78.783,121.3,0.00568,0.417,0.287306328
1554777609321,78.829,121.3,0.00568,0.417,0.287306328
1554777609382,78.89,121.3,0.00569,0.419,0.289192543
1554777609428,78.936,121.3,0.00569,0.419,0.289192543
1554777609474,78.982,121.3,0.00569,0.419,0.289192543
1554777609520,79.028,121.3,0.00569,0.419,0.289192543
1554777609583,79.091,121.4,0.0057,0.418,0.28924764
1554777609629,79.137,121.4,0.0057,0.418,0.28924764
1554777609675,79.183,121.4,0.0057,0.418,0.28924764
1554777609721,79.229,121.4,0.0057,0.418,0.28924764
1554777609782,79.29,121.4,0.00569,0.42,0.29012172
1554777609828,79.336,121.4,0.00569,0.42,0.29012172
1554777609874,79.382,121.4,0.00569,0.42,0.29012172
1554777609920,79.428,121.4,0.00569,0.42,0.29012172
1554777609982,79.49,121.4,0.0057,0.418,0.28924764
1554777610027,79.535,121.4,0.0057,0.418,0.28924764
1554777610074,79.582,121.4,0.0057,0.418,0.28924764
1554777610120,79.628,121.4,0.0057,0.418,0.28924764
1554777610182,79.69,121.4,0.00579,0.413,0.290300178
1554777610228,79.736,121.4,0.00579,0.413,0.290300178
1554777610274,79.782,121.4,0.00579,0.413,0.290300178
1554777610320,79.828,121.4,0.00579,0.413,0.290300178
1554777610382,79.89,121.4,0.00575,0.416,0.2903888
1554777610428,79.936,121.4,0.00575,0.416,0.2903888
1554777610475,79.983,121.4,0.00575,0.416,0.2903888
1554777610521,80.029,121.4,0.00575,0.416,0.2903888
1554777610582,80.09,121.4,0.00573,0.417,0.290074374
1554777610627,80.135,121.4,0.00573,0.417,0.290074374
1554777610674,80.182,121.4,0.00573,0.417,0.290074374
1554777610720,80.228,121.4,0.00573,0.417,0.290074374
1554777610782,80.29,121.4,0.00571,0.414,0.286982316
1554777610828,80.336,121.4,0.00571,0.414,0.286982316
1554777610874,80.382,121.4,0.00571,0.414,0.286982316
1554777610920,80.428,121.4,0.00571,0.414,0.286982316
1554777610982,80.49,121.4,0.00568,0.418,0.288232736
1554777611027,80.535,121.4,0.00568,0.418,0.288232736
1554777611073,80.581,121.4,0.00568,0.418,0.288232736
1554777611120,80.628,121.4,0.00568,0.418,0.288232736
1554777611182,80.69,121.4,0.00569,0.417,0.288049422
1554777611228,80.736,121.4,0.00569,0.417,0.288049422
1554777611274,80.782,121.4,0.00569,0.417,0.288049422
1554777611320,80.828,121.4,0.00569,0.417,0.288049422
1554777611381,80.889,121.4,0.00598,0.419,0.304182268
1554777611427,80.935,121.4,0.00598,0.419,0.304182268
1554777611473,80.981,121.4,0.00598,0.419,0.304182268
1554777611520,81.028,121.4,0.00598,0.419,0.304182268
1554777611582,81.09,121.4,0.0067,0.425,0.3456865
1554777611628,81.136,121.4,0.0067,0.425,0.3456865
1554777611674,81.182,121.4,0.0067,0.425,0.3456865
1554777611720,81.228,121.4,0.0067,0.425,0.3456865
1554777611781,81.289,121.4,0.00671,0.425,0.34620245
1554777611827,81.335,121.4,0.00671,0.425,0.34620245
1554777611873,81.381,121.4,0.00671,0.425,0.34620245
1554777611920,81.428,121.4,0.00671,0.425,0.34620245
1554777611982,81.49,121.4,0.00668,0.426,0.345465552
1554777612028,81.536,121.4,0.00668,0.426,0.345465552
1554777612074,81.582,121.4,0.00668,0.426,0.345465552
1554777612120,81.628,121.4,0.00668,0.426,0.345465552
1554777612181,81.689,121.4,0.00668,0.426,0.345465552
1554777612227,81.735,121.4,0.00668,0.426,0.345465552
1554777612274,81.782,121.4,0.00668,0.426,0.345465552
1554777612320,81.828,121.4,0.00668,0.426,0.345465552
1554777612382,81.89,121.4,0.0067,0.423,0.34405974
1554777612428,81.936,121.4,0.0067,0.423,0.34405974
1554777612474,81.982,121.4,0.0067,0.423,0.34405974
1554777612521,82.029,121.4,0.0067,0.423,0.34405974
1554777612582,82.09,121.4,0.00669,0.425,0.34517055
1554777612628,82.136,121.4,0.00669,0.425,0.34517055
1554777612674,82.182,121.4,0.00669,0.425,0.34517055
1554777612720,82.228,121.4,0.00669,0.425,0.34517055
1554777612781,82.289,121.4,0.00667,0.425,0.34413865
1554777612827,82.335,121.4,0.00667,0.425,0.34413865
1554777612873,82.381,121.4,0.00667,0.425,0.34413865
1554777612919,82.427,121.4,0.00667,0.425,0.34413865
1554777612981,82.489,121.3,0.00666,0.426,0.344147508
1554777613027,82.535,121.3,0.00666,0.426,0.344147508
You pressed Ctrl+C!
